x-axis,1
second,Volt
-250.000000E-06,-402.010053396E-03
-249.992000E-06,-402.010053396E-03
-249.984000E-06,-402.010053396E-03
-249.976000E-06,-402.010053396E-03
-249.968000E-06,-402.010053396E-03
-249.960000E-06,-402.010053396E-03
-249.952000E-06,-402.010053396E-03
-249.944000E-06,-402.010053398E-03
-249.936000E-06,-603.015080092E-03
-249.928000E-06,-402.010053396E-03
-249.920000E-06,-402.010053396E-03
-249.912000E-06,-402.010053396E-03
-249.904000E-06,-402.010053396E-03
-249.896000E-06,-402.010053396E-03
-249.888000E-06,-402.010053396E-03
-249.880000E-06,-402.010053396E-03
-249.872000E-06,-402.010053396E-03
-249.864000E-06,-402.010053396E-03
-249.856000E-06,-402.010053403E-03
-249.848000E-06,-603.015080087E-03
-249.840000E-06,-402.010053388E-03
-249.832000E-06,-201.005026706E-03
-249.824000E-06,-402.010053405E-03
-249.816000E-06,-603.015080086E-03
-249.808000E-06,-402.010053396E-03
-249.800000E-06,-402.010053396E-03
-249.792000E-06,-402.010053396E-03
-249.784000E-06,-402.010053396E-03
-249.776000E-06,-402.010053396E-03
-249.768000E-06,-402.010053408E-03
-249.760000E-06,-603.015080082E-03
-249.752000E-06,-402.010053409E-03
-249.744000E-06,-603.015080081E-03
-249.736000E-06,-402.010053396E-03
-249.728000E-06,-402.010053396E-03
-249.720000E-06,-402.010053396E-03
-249.712000E-06,-402.010053396E-03
-249.704000E-06,-402.010053396E-03
-249.696000E-06,-402.010053396E-03
-249.688000E-06,-402.010053380E-03
-249.680000E-06,-201.005026715E-03
-249.672000E-06,-402.010053396E-03
-249.664000E-06,-402.010053396E-03
-249.656000E-06,-402.010053396E-03
-249.648000E-06,-402.010053396E-03
-249.640000E-06,-402.010053396E-03
-249.632000E-06,-402.010053396E-03
-249.624000E-06,-402.010053416E-03
-249.616000E-06,-603.015080074E-03
-249.608000E-06,-402.010053396E-03
-249.600000E-06,-402.010053396E-03
-249.592000E-06,-402.010053396E-03
-249.584000E-06,-402.010053396E-03
-249.576000E-06,-402.010053396E-03
-249.568000E-06,-402.010053396E-03
-249.560000E-06,-402.010053396E-03
-249.552000E-06,-402.010053396E-03
-249.544000E-06,-402.010053396E-03
-249.536000E-06,-402.010053396E-03
-249.528000E-06,-402.010053396E-03
-249.520000E-06,-402.010053396E-03
-249.512000E-06,-402.010053396E-03
-249.504000E-06,-402.010053423E-03
-249.496000E-06,-603.015080067E-03
-249.488000E-06,-402.010053423E-03
-249.480000E-06,-603.015080067E-03
-249.472000E-06,-402.010053396E-03
-249.464000E-06,-402.010053396E-03
-249.456000E-06,-402.010053396E-03
-249.448000E-06,-402.010053396E-03
-249.440000E-06,-402.010053396E-03
-249.432000E-06,-402.010053396E-03
-249.424000E-06,-402.010053427E-03
-249.416000E-06,-603.015080063E-03
-249.408000E-06,-402.010053396E-03
-249.400000E-06,-402.010053396E-03
-249.392000E-06,-402.010053428E-03
-249.384000E-06,-603.015080094E-03
-249.376000E-06,-603.015080061E-03
-249.368000E-06,-402.010053396E-03
-249.360000E-06,-402.010053396E-03
-249.352000E-06,-402.010053396E-03
-249.344000E-06,-402.010053431E-03
-249.336000E-06,-603.015080094E-03
-249.328000E-06,-603.015080094E-03
-249.320000E-06,-603.015080058E-03
-249.312000E-06,-402.010053433E-03
-249.304000E-06,-603.015080057E-03
-249.296000E-06,-402.010053396E-03
-249.288000E-06,-402.010053396E-03
-249.280000E-06,-402.010053396E-03
-249.272000E-06,-402.010053396E-03
-249.264000E-06,-402.010053396E-03
-249.256000E-06,-402.010053396E-03
-249.248000E-06,-402.010053396E-03
-249.240000E-06,-402.010053396E-03
-249.232000E-06,-402.010053437E-03
-249.224000E-06,-603.015080053E-03
-249.216000E-06,-402.010053396E-03
-249.208000E-06,-402.010053396E-03
-249.200000E-06,-402.010053439E-03
-249.192000E-06,-603.015080051E-03
-249.184000E-06,-402.010053396E-03
-249.176000E-06,-402.010053396E-03
-249.168000E-06,-402.010053396E-03
-249.160000E-06,-402.010053396E-03
-249.152000E-06,-402.010053396E-03
-249.144000E-06,-402.010053396E-03
-249.136000E-06,-402.010053443E-03
-249.128000E-06,-603.015080048E-03
-249.120000E-06,-402.010053396E-03
-249.112000E-06,-402.010053444E-03
-249.104000E-06,-603.015080046E-03
-249.096000E-06,-402.010053396E-03
-249.088000E-06,-402.010053396E-03
-249.080000E-06,-402.010053396E-03
-249.072000E-06,-402.010053447E-03
-249.064000E-06,-603.015080044E-03
-249.056000E-06,-402.010053396E-03
-249.048000E-06,-402.010053396E-03
-249.040000E-06,-402.010053396E-03
-249.032000E-06,-402.010053449E-03
-249.024000E-06,-603.015080042E-03
-249.016000E-06,-402.010053396E-03
-249.008000E-06,-402.010053450E-03
-249.000000E-06,-603.015080040E-03
-248.992000E-06,-402.010053396E-03
-248.984000E-06,-402.010053451E-03
-248.976000E-06,-603.015080039E-03
-248.968000E-06,-402.010053452E-03
-248.960000E-06,-603.015080038E-03
-248.952000E-06,-402.010053453E-03
-248.944000E-06,-603.015080037E-03
-248.936000E-06,-402.010053454E-03
-248.928000E-06,-603.015080094E-03
-248.920000E-06,-603.015079977E-03
-248.912000E-06,-201.005026817E-03
-248.904000E-06,-603.015080094E-03
-248.896000E-06,-603.015080094E-03
-248.888000E-06,-603.015080034E-03
-248.880000E-06,-402.010053396E-03
-248.872000E-06,-402.010053458E-03
-248.864000E-06,-603.015080033E-03
-248.856000E-06,-402.010053396E-03
-248.848000E-06,-402.010053458E-03
-248.840000E-06,-603.015080031E-03
-248.832000E-06,-402.010053396E-03
-248.824000E-06,-402.010053460E-03
-248.816000E-06,-603.015080030E-03
-248.808000E-06,-402.010053461E-03
-248.800000E-06,-603.015080029E-03
-248.792000E-06,-402.010053462E-03
-248.784000E-06,-603.015080094E-03
-248.776000E-06,-603.015080094E-03
-248.768000E-06,-603.015080028E-03
-248.760000E-06,-402.010053464E-03
-248.752000E-06,-603.015080094E-03
-248.744000E-06,-603.015080094E-03
-248.736000E-06,-603.015080026E-03
-248.728000E-06,-402.010053465E-03
-248.720000E-06,-603.015080025E-03
-248.712000E-06,-402.010053396E-03
-248.704000E-06,-402.010053396E-03
-248.696000E-06,-402.010053467E-03
-248.688000E-06,-603.015080023E-03
-248.680000E-06,-402.010053396E-03
-248.672000E-06,-402.010053396E-03
-248.664000E-06,-402.010053469E-03
-248.656000E-06,-603.015080094E-03
-248.648000E-06,-603.015080094E-03
-248.640000E-06,-603.015080020E-03
-248.632000E-06,-402.010053396E-03
-248.624000E-06,-402.010053396E-03
-248.616000E-06,-402.010053396E-03
-248.608000E-06,-402.010053396E-03
-248.600000E-06,-402.010053396E-03
-248.592000E-06,-402.010053396E-03
-248.584000E-06,-402.010053396E-03
-248.576000E-06,-402.010053474E-03
-248.568000E-06,-603.015080017E-03
-248.560000E-06,-402.010053396E-03
-248.552000E-06,-402.010053396E-03
-248.544000E-06,-402.010053396E-03
-248.536000E-06,-402.010053396E-03
-248.528000E-06,-402.010053476E-03
-248.520000E-06,-603.015080094E-03
-248.512000E-06,-603.015080094E-03
-248.504000E-06,-603.015080094E-03
-248.496000E-06,-603.015080012E-03
-248.488000E-06,-402.010053479E-03
-248.480000E-06,-603.015080012E-03
-248.472000E-06,-402.010053480E-03
-248.464000E-06,-603.015080094E-03
-248.456000E-06,-603.015080010E-03
-248.448000E-06,-402.010053481E-03
-248.440000E-06,-603.015080010E-03
-248.432000E-06,-402.010053482E-03
-248.424000E-06,-603.015080009E-03
-248.416000E-06,-402.010053396E-03
-248.408000E-06,-402.010053483E-03
-248.400000E-06,-603.015080007E-03
-248.392000E-06,-402.010053484E-03
-248.384000E-06,-603.015080094E-03
-248.376000E-06,-603.015080094E-03
-248.368000E-06,-603.015080005E-03
-248.360000E-06,-402.010053396E-03
-248.352000E-06,-402.010053396E-03
-248.344000E-06,-402.010053486E-03
-248.336000E-06,-603.015080094E-03
-248.328000E-06,-603.015080003E-03
-248.320000E-06,-402.010053396E-03
-248.312000E-06,-402.010053488E-03
-248.304000E-06,-603.015080094E-03
-248.296000E-06,-603.015080094E-03
-248.288000E-06,-603.015080001E-03
-248.280000E-06,-402.010053490E-03
-248.272000E-06,-603.015080094E-03
-248.264000E-06,-603.015080000E-03
-248.256000E-06,-402.010053491E-03
-248.248000E-06,-603.015079999E-03
-248.240000E-06,-402.010053492E-03
-248.232000E-06,-603.015079998E-03
-248.224000E-06,-402.010053493E-03
-248.216000E-06,-603.015080094E-03
-248.208000E-06,-603.015079996E-03
-248.200000E-06,-402.010053396E-03
-248.192000E-06,-402.010053495E-03
-248.184000E-06,-603.015080094E-03
-248.176000E-06,-603.015080094E-03
-248.168000E-06,-603.015079994E-03
-248.160000E-06,-402.010053396E-03
-248.152000E-06,-402.010053497E-03
-248.144000E-06,-603.015080094E-03
-248.136000E-06,-603.015080094E-03
-248.128000E-06,-603.015080094E-03
-248.120000E-06,-603.015080094E-03
-248.112000E-06,-603.015080094E-03
-248.104000E-06,-603.015080094E-03
-248.096000E-06,-603.015080094E-03
-248.088000E-06,-603.015079990E-03
-248.080000E-06,-402.010053501E-03
-248.072000E-06,-603.015080094E-03
-248.064000E-06,-603.015079989E-03
-248.056000E-06,-402.010053396E-03
-248.048000E-06,-402.010053503E-03
-248.040000E-06,-603.015080094E-03
-248.032000E-06,-603.015080094E-03
-248.024000E-06,-603.015080094E-03
-248.016000E-06,-603.015079986E-03
-248.008000E-06,-402.010053505E-03
-248.000000E-06,-603.015080094E-03
-247.992000E-06,-603.015080094E-03
-247.984000E-06,-603.015080094E-03
-247.976000E-06,-603.015080094E-03
-247.968000E-06,-603.015080094E-03
-247.960000E-06,-603.015079983E-03
-247.952000E-06,-402.010053508E-03
-247.944000E-06,-603.015080094E-03
-247.936000E-06,-603.015080094E-03
-247.928000E-06,-603.015080094E-03
-247.920000E-06,-603.015080094E-03
-247.912000E-06,-603.015080094E-03
-247.904000E-06,-603.015080094E-03
-247.896000E-06,-603.015080094E-03
-247.888000E-06,-603.015080094E-03
-247.880000E-06,-603.015080094E-03
-247.872000E-06,-603.015080094E-03
-247.864000E-06,-603.015080094E-03
-247.856000E-06,-603.015080094E-03
-247.848000E-06,-603.015080094E-03
-247.840000E-06,-603.015079977E-03
-247.832000E-06,-402.010053515E-03
-247.824000E-06,-603.015080094E-03
-247.816000E-06,-603.015080094E-03
-247.808000E-06,-603.015080094E-03
-247.800000E-06,-603.015080094E-03
-247.792000E-06,-603.015080094E-03
-247.784000E-06,-603.015080094E-03
-247.776000E-06,-603.015080094E-03
-247.768000E-06,-603.015080094E-03
-247.760000E-06,-603.015079972E-03
-247.752000E-06,-402.010053396E-03
-247.744000E-06,-402.010053520E-03
-247.736000E-06,-603.015080218E-03
-247.728000E-06,-804.020106668E-03
-247.720000E-06,-603.015080094E-03
-247.712000E-06,-603.015080094E-03
-247.704000E-06,-603.015079969E-03
-247.696000E-06,-402.010053522E-03
-247.688000E-06,-603.015080094E-03
-247.680000E-06,-603.015080094E-03
-247.672000E-06,-603.015080094E-03
-247.664000E-06,-603.015080094E-03
-247.656000E-06,-603.015080094E-03
-247.648000E-06,-603.015080094E-03
-247.640000E-06,-603.015079966E-03
-247.632000E-06,-402.010053526E-03
-247.624000E-06,-603.015080094E-03
-247.616000E-06,-603.015080094E-03
-247.608000E-06,-603.015080094E-03
-247.600000E-06,-603.015080094E-03
-247.592000E-06,-603.015080094E-03
-247.584000E-06,-603.015080094E-03
-247.576000E-06,-603.015080094E-03
-247.568000E-06,-603.015080094E-03
-247.560000E-06,-603.015080094E-03
-247.552000E-06,-603.015080094E-03
-247.544000E-06,-603.015080094E-03
-247.536000E-06,-603.015080094E-03
-247.528000E-06,-603.015080094E-03
-247.520000E-06,-603.015080094E-03
-247.512000E-06,-603.015080094E-03
-247.504000E-06,-603.015080094E-03
-247.496000E-06,-603.015080094E-03
-247.488000E-06,-603.015080094E-03
-247.480000E-06,-603.015080094E-03
-247.472000E-06,-603.015080094E-03
-247.464000E-06,-603.015080094E-03
-247.456000E-06,-603.015080094E-03
-247.448000E-06,-603.015080094E-03
-247.440000E-06,-603.015080094E-03
-247.432000E-06,-603.015080094E-03
-247.424000E-06,-603.015080094E-03
-247.416000E-06,-603.015080094E-03
-247.408000E-06,-603.015080094E-03
-247.400000E-06,-603.015080094E-03
-247.392000E-06,-603.015080094E-03
-247.384000E-06,-603.015079951E-03
-247.376000E-06,-402.010053540E-03
-247.368000E-06,-603.015080094E-03
-247.360000E-06,-603.015080094E-03
-247.352000E-06,-603.015080094E-03
-247.344000E-06,-603.015080094E-03
-247.336000E-06,-603.015080094E-03
-247.328000E-06,-603.015080094E-03
-247.320000E-06,-603.015079947E-03
-247.312000E-06,-402.010053543E-03
-247.304000E-06,-603.015080094E-03
-247.296000E-06,-603.015080094E-03
-247.288000E-06,-603.015080094E-03
-247.280000E-06,-603.015080094E-03
-247.272000E-06,-603.015080094E-03
-247.264000E-06,-603.015080094E-03
-247.256000E-06,-603.015080094E-03
-247.248000E-06,-603.015080094E-03
-247.240000E-06,-603.015080094E-03
-247.232000E-06,-603.015080094E-03
-247.224000E-06,-603.015079942E-03
-247.216000E-06,-402.010053548E-03
-247.208000E-06,-603.015080094E-03
-247.200000E-06,-603.015080094E-03
-247.192000E-06,-603.015080094E-03
-247.184000E-06,-603.015080094E-03
-247.176000E-06,-603.015080094E-03
-247.168000E-06,-603.015080094E-03
-247.160000E-06,-603.015080094E-03
-247.152000E-06,-603.015080094E-03
-247.144000E-06,-603.015079938E-03
-247.136000E-06,-402.010053553E-03
-247.128000E-06,-603.015080094E-03
-247.120000E-06,-603.015080094E-03
-247.112000E-06,-603.015080094E-03
-247.104000E-06,-603.015080094E-03
-247.096000E-06,-603.015079936E-03
-247.088000E-06,-402.010053556E-03
-247.080000E-06,-603.015080094E-03
-247.072000E-06,-603.015079934E-03
-247.064000E-06,-402.010053557E-03
-247.056000E-06,-603.015080094E-03
-247.048000E-06,-603.015080094E-03
-247.040000E-06,-603.015080094E-03
-247.032000E-06,-603.015079932E-03
-247.024000E-06,-402.010053559E-03
-247.016000E-06,-603.015080094E-03
-247.008000E-06,-603.015080094E-03
-247.000000E-06,-603.015080094E-03
-246.992000E-06,-603.015080094E-03
-246.984000E-06,-603.015080094E-03
-246.976000E-06,-603.015080094E-03
-246.968000E-06,-603.015080094E-03
-246.960000E-06,-603.015080094E-03
-246.952000E-06,-603.015080094E-03
-246.944000E-06,-603.015079927E-03
-246.936000E-06,-402.010053396E-03
-246.928000E-06,-402.010053564E-03
-246.920000E-06,-603.015080094E-03
-246.912000E-06,-603.015079925E-03
-246.904000E-06,-402.010053566E-03
-246.896000E-06,-603.015080094E-03
-246.888000E-06,-603.015079924E-03
-246.880000E-06,-402.010053567E-03
-246.872000E-06,-603.015079923E-03
-246.864000E-06,-402.010053568E-03
-246.856000E-06,-603.015080094E-03
-246.848000E-06,-603.015080094E-03
-246.840000E-06,-603.015080094E-03
-246.832000E-06,-603.015080094E-03
-246.824000E-06,-603.015080094E-03
-246.816000E-06,-603.015080094E-03
-246.808000E-06,-603.015080094E-03
-246.800000E-06,-603.015080094E-03
-246.792000E-06,-603.015080094E-03
-246.784000E-06,-603.015080094E-03
-246.776000E-06,-603.015080094E-03
-246.768000E-06,-603.015079917E-03
-246.760000E-06,-402.010053574E-03
-246.752000E-06,-603.015080094E-03
-246.744000E-06,-603.015080094E-03
-246.736000E-06,-603.015080094E-03
-246.728000E-06,-603.015080094E-03
-246.720000E-06,-603.015080094E-03
-246.712000E-06,-603.015080274E-03
-246.704000E-06,-804.020106431E-03
-246.696000E-06,-402.010053578E-03
-246.688000E-06,-603.015080094E-03
-246.680000E-06,-603.015080094E-03
-246.672000E-06,-603.015080094E-03
-246.664000E-06,-603.015080094E-03
-246.656000E-06,-603.015080094E-03
-246.648000E-06,-603.015080094E-03
-246.640000E-06,-603.015080094E-03
-246.632000E-06,-603.015080094E-03
-246.624000E-06,-603.015080094E-03
-246.616000E-06,-603.015080094E-03
-246.608000E-06,-603.015080094E-03
-246.600000E-06,-603.015080094E-03
-246.592000E-06,-603.015079908E-03
-246.584000E-06,-402.010053583E-03
-246.576000E-06,-603.015080094E-03
-246.568000E-06,-603.015080094E-03
-246.560000E-06,-603.015080094E-03
-246.552000E-06,-603.015080094E-03
-246.544000E-06,-603.015080094E-03
-246.536000E-06,-603.015080094E-03
-246.528000E-06,-603.015079904E-03
-246.520000E-06,-402.010053587E-03
-246.512000E-06,-603.015080094E-03
-246.504000E-06,-603.015080094E-03
-246.496000E-06,-603.015079902E-03
-246.488000E-06,-402.010053589E-03
-246.480000E-06,-603.015080094E-03
-246.472000E-06,-603.015080094E-03
-246.464000E-06,-603.015080094E-03
-246.456000E-06,-603.015080094E-03
-246.448000E-06,-603.015079900E-03
-246.440000E-06,-402.010053591E-03
-246.432000E-06,-603.015080094E-03
-246.424000E-06,-603.015079898E-03
-246.416000E-06,-402.010053593E-03
-246.408000E-06,-603.015080094E-03
-246.400000E-06,-603.015080094E-03
-246.392000E-06,-603.015080094E-03
-246.384000E-06,-603.015080094E-03
-246.376000E-06,-603.015080293E-03
-246.368000E-06,-804.020106594E-03
-246.360000E-06,-603.015080094E-03
-246.352000E-06,-603.015080094E-03
-246.344000E-06,-603.015080094E-03
-246.336000E-06,-603.015080094E-03
-246.328000E-06,-603.015080094E-03
-246.320000E-06,-603.015080094E-03
-246.312000E-06,-603.015079893E-03
-246.304000E-06,-402.010053396E-03
-246.296000E-06,-402.010053600E-03
-246.288000E-06,-603.015080094E-03
-246.280000E-06,-603.015079890E-03
-246.272000E-06,-402.010053396E-03
-246.264000E-06,-402.010053601E-03
-246.256000E-06,-603.015080094E-03
-246.248000E-06,-603.015080094E-03
-246.240000E-06,-603.015079888E-03
-246.232000E-06,-402.010053602E-03
-246.224000E-06,-603.015080094E-03
-246.216000E-06,-603.015080094E-03
-246.208000E-06,-603.015079887E-03
-246.200000E-06,-402.010053605E-03
-246.192000E-06,-603.015080094E-03
-246.184000E-06,-603.015080094E-03
-246.176000E-06,-603.015080094E-03
-246.168000E-06,-603.015080094E-03
-246.160000E-06,-603.015080094E-03
-246.152000E-06,-603.015080094E-03
-246.144000E-06,-603.015080094E-03
-246.136000E-06,-603.015080094E-03
-246.128000E-06,-603.015080094E-03
-246.120000E-06,-603.015080094E-03
-246.112000E-06,-603.015079881E-03
-246.104000E-06,-402.010053396E-03
-246.096000E-06,-402.010053610E-03
-246.088000E-06,-603.015080094E-03
-246.080000E-06,-603.015079879E-03
-246.072000E-06,-402.010053612E-03
-246.064000E-06,-603.015080094E-03
-246.056000E-06,-603.015080094E-03
-246.048000E-06,-603.015080094E-03
-246.040000E-06,-603.015080094E-03
-246.032000E-06,-603.015079876E-03
-246.024000E-06,-402.010053614E-03
-246.016000E-06,-603.015080094E-03
-246.008000E-06,-603.015080094E-03
-246.000000E-06,-603.015080094E-03
-245.992000E-06,-603.015080094E-03
-245.984000E-06,-603.015079874E-03
-245.976000E-06,-402.010053617E-03
-245.968000E-06,-603.015080094E-03
-245.960000E-06,-603.015080094E-03
-245.952000E-06,-603.015080094E-03
-245.944000E-06,-603.015080094E-03
-245.936000E-06,-603.015080094E-03
-245.928000E-06,-603.015079871E-03
-245.920000E-06,-402.010053620E-03
-245.912000E-06,-603.015080094E-03
-245.904000E-06,-603.015080094E-03
-245.896000E-06,-603.015080094E-03
-245.888000E-06,-603.015080094E-03
-245.880000E-06,-603.015080094E-03
-245.872000E-06,-603.015079868E-03
-245.864000E-06,-402.010053396E-03
-245.856000E-06,-402.010053624E-03
-245.848000E-06,-603.015080094E-03
-245.840000E-06,-603.015079866E-03
-245.832000E-06,-402.010053625E-03
-245.824000E-06,-603.015080094E-03
-245.816000E-06,-603.015080094E-03
-245.808000E-06,-603.015079865E-03
-245.800000E-06,-402.010053627E-03
-245.792000E-06,-603.015080094E-03
-245.784000E-06,-603.015079863E-03
-245.776000E-06,-402.010053628E-03
-245.768000E-06,-603.015080094E-03
-245.760000E-06,-603.015080094E-03
-245.752000E-06,-603.015080094E-03
-245.744000E-06,-603.015080094E-03
-245.736000E-06,-603.015080094E-03
-245.728000E-06,-603.015080094E-03
-245.720000E-06,-603.015080094E-03
-245.712000E-06,-603.015080094E-03
-245.704000E-06,-603.015080094E-03
-245.696000E-06,-603.015080094E-03
-245.688000E-06,-603.015080094E-03
-245.680000E-06,-603.015080094E-03
-245.672000E-06,-603.015080094E-03
-245.664000E-06,-603.015080094E-03
-245.656000E-06,-603.015079856E-03
-245.648000E-06,-402.010053635E-03
-245.640000E-06,-603.015079855E-03
-245.632000E-06,-402.010053636E-03
-245.624000E-06,-603.015080094E-03
-245.616000E-06,-603.015079854E-03
-245.608000E-06,-402.010053396E-03
-245.600000E-06,-402.010053638E-03
-245.592000E-06,-603.015080094E-03
-245.584000E-06,-603.015080094E-03
-245.576000E-06,-603.015080094E-03
-245.568000E-06,-603.015080094E-03
-245.560000E-06,-603.015080094E-03
-245.552000E-06,-603.015080094E-03
-245.544000E-06,-603.015080094E-03
-245.536000E-06,-603.015080094E-03
-245.528000E-06,-603.015080094E-03
-245.520000E-06,-603.015080094E-03
-245.512000E-06,-603.015080094E-03
-245.504000E-06,-603.015080094E-03
-245.496000E-06,-603.015080094E-03
-245.488000E-06,-603.015080094E-03
-245.480000E-06,-603.015080094E-03
-245.472000E-06,-603.015080094E-03
-245.464000E-06,-603.015079846E-03
-245.456000E-06,-402.010053646E-03
-245.448000E-06,-603.015080094E-03
-245.440000E-06,-603.015080094E-03
-245.432000E-06,-603.015079844E-03
-245.424000E-06,-402.010053647E-03
-245.416000E-06,-603.015080094E-03
-245.408000E-06,-603.015080094E-03
-245.400000E-06,-603.015079842E-03
-245.392000E-06,-402.010053649E-03
-245.384000E-06,-603.015080094E-03
-245.376000E-06,-603.015080094E-03
-245.368000E-06,-603.015080094E-03
-245.360000E-06,-603.015080094E-03
-245.352000E-06,-603.015080094E-03
-245.344000E-06,-603.015080094E-03
-245.336000E-06,-603.015080094E-03
-245.328000E-06,-603.015079838E-03
-245.320000E-06,-402.010053653E-03
-245.312000E-06,-603.015079837E-03
-245.304000E-06,-402.010053654E-03
-245.296000E-06,-603.015080094E-03
-245.288000E-06,-603.015079835E-03
-245.280000E-06,-402.010053655E-03
-245.272000E-06,-603.015079835E-03
-245.264000E-06,-402.010053396E-03
-245.256000E-06,-402.010053657E-03
-245.248000E-06,-603.015079833E-03
-245.240000E-06,-402.010053396E-03
-245.232000E-06,-402.010053658E-03
-245.224000E-06,-603.015080094E-03
-245.216000E-06,-603.015080094E-03
-245.208000E-06,-603.015079831E-03
-245.200000E-06,-402.010053659E-03
-245.192000E-06,-603.015080094E-03
-245.184000E-06,-603.015080094E-03
-245.176000E-06,-603.015079830E-03
-245.168000E-06,-402.010053396E-03
-245.160000E-06,-402.010053396E-03
-245.152000E-06,-402.010053396E-03
-245.144000E-06,-402.010053396E-03
-245.136000E-06,-402.010053663E-03
-245.128000E-06,-603.015080094E-03
-245.120000E-06,-603.015079827E-03
-245.112000E-06,-402.010053665E-03
-245.104000E-06,-603.015080094E-03
-245.096000E-06,-603.015080094E-03
-245.088000E-06,-603.015079825E-03
-245.080000E-06,-402.010053396E-03
-245.072000E-06,-402.010053396E-03
-245.064000E-06,-402.010053396E-03
-245.056000E-06,-402.010053396E-03
-245.048000E-06,-402.010053668E-03
-245.040000E-06,-603.015080094E-03
-245.032000E-06,-603.015079822E-03
-245.024000E-06,-402.010053396E-03
-245.016000E-06,-402.010053670E-03
-245.008000E-06,-603.015079820E-03
-245.000000E-06,-402.010053396E-03
-244.992000E-06,-402.010053396E-03
-244.984000E-06,-402.010053396E-03
-244.976000E-06,-402.010053396E-03
-244.968000E-06,-402.010053673E-03
-244.960000E-06,-603.015079818E-03
-244.952000E-06,-402.010053673E-03
-244.944000E-06,-603.015079816E-03
-244.936000E-06,-402.010053396E-03
-244.928000E-06,-402.010053675E-03
-244.920000E-06,-603.015080094E-03
-244.912000E-06,-603.015079815E-03
-244.904000E-06,-402.010053396E-03
-244.896000E-06,-402.010053676E-03
-244.888000E-06,-603.015079814E-03
-244.880000E-06,-402.010053396E-03
-244.872000E-06,-402.010053396E-03
-244.864000E-06,-402.010053396E-03
-244.856000E-06,-402.010053678E-03
-244.848000E-06,-603.015079811E-03
-244.840000E-06,-402.010053396E-03
-244.832000E-06,-402.010053680E-03
-244.824000E-06,-603.015079810E-03
-244.816000E-06,-402.010053681E-03
-244.808000E-06,-603.015079809E-03
-244.800000E-06,-402.010053681E-03
-244.792000E-06,-603.015080094E-03
-244.784000E-06,-603.015079808E-03
-244.776000E-06,-402.010053396E-03
-244.768000E-06,-402.010053684E-03
-244.760000E-06,-603.015079807E-03
-244.752000E-06,-402.010053396E-03
-244.744000E-06,-402.010053685E-03
-244.736000E-06,-603.015079805E-03
-244.728000E-06,-402.010053396E-03
-244.720000E-06,-402.010053396E-03
-244.712000E-06,-402.010053687E-03
-244.704000E-06,-603.015080094E-03
-244.696000E-06,-603.015080094E-03
-244.688000E-06,-603.015079803E-03
-244.680000E-06,-402.010053396E-03
-244.672000E-06,-402.010053689E-03
-244.664000E-06,-603.015079801E-03
-244.656000E-06,-402.010053396E-03
-244.648000E-06,-402.010053690E-03
-244.640000E-06,-603.015079800E-03
-244.632000E-06,-402.010053396E-03
-244.624000E-06,-402.010053692E-03
-244.616000E-06,-603.015079799E-03
-244.608000E-06,-402.010053396E-03
-244.600000E-06,-402.010053396E-03
-244.592000E-06,-402.010053396E-03
-244.584000E-06,-402.010053396E-03
-244.576000E-06,-402.010053396E-03
-244.568000E-06,-402.010053396E-03
-244.560000E-06,-402.010053695E-03
-244.552000E-06,-603.015080094E-03
-244.544000E-06,-603.015080094E-03
-244.536000E-06,-603.015079795E-03
-244.528000E-06,-402.010053396E-03
-244.520000E-06,-402.010053697E-03
-244.512000E-06,-603.015080094E-03
-244.504000E-06,-603.015079792E-03
-244.496000E-06,-402.010053396E-03
-244.488000E-06,-402.010053396E-03
-244.480000E-06,-402.010053699E-03
-244.472000E-06,-603.015079791E-03
-244.464000E-06,-402.010053700E-03
-244.456000E-06,-603.015079790E-03
-244.448000E-06,-402.010053396E-03
-244.440000E-06,-402.010053396E-03
-244.432000E-06,-402.010053396E-03
-244.424000E-06,-402.010053396E-03
-244.416000E-06,-402.010053396E-03
-244.408000E-06,-402.010053396E-03
-244.400000E-06,-402.010053396E-03
-244.392000E-06,-402.010053396E-03
-244.384000E-06,-402.010053705E-03
-244.376000E-06,-603.015079786E-03
-244.368000E-06,-402.010053396E-03
-244.360000E-06,-402.010053396E-03
-244.352000E-06,-402.010053396E-03
-244.344000E-06,-402.010053396E-03
-244.336000E-06,-402.010053396E-03
-244.328000E-06,-402.010053708E-03
-244.320000E-06,-603.015079782E-03
-244.312000E-06,-402.010053396E-03
-244.304000E-06,-402.010053396E-03
-244.296000E-06,-402.010053396E-03
-244.288000E-06,-402.010053396E-03
-244.280000E-06,-402.010053396E-03
-244.272000E-06,-402.010053396E-03
-244.264000E-06,-402.010053396E-03
-244.256000E-06,-402.010053711E-03
-244.248000E-06,-603.015079778E-03
-244.240000E-06,-402.010053396E-03
-244.232000E-06,-402.010053396E-03
-244.224000E-06,-402.010053079E-03
-244.216000E-06,-201.005027015E-03
-244.208000E-06,-402.010053396E-03
-244.200000E-06,-402.010053715E-03
-244.192000E-06,-603.015079776E-03
-244.184000E-06,-402.010053396E-03
-244.176000E-06,-402.010053396E-03
-244.168000E-06,-402.010053396E-03
-244.160000E-06,-402.010053396E-03
-244.152000E-06,-402.010053396E-03
-244.144000E-06,-402.010053396E-03
-244.136000E-06,-402.010053396E-03
-244.128000E-06,-402.010053075E-03
-244.120000E-06,-201.005027019E-03
-244.112000E-06,-402.010053396E-03
-244.104000E-06,-402.010053396E-03
-244.096000E-06,-402.010053396E-03
-244.088000E-06,-402.010053717E-03
-244.080000E-06,-603.015079775E-03
-244.072000E-06,-402.010053396E-03
-244.064000E-06,-402.010053396E-03
-244.056000E-06,-402.010053396E-03
-244.048000E-06,-402.010053396E-03
-244.040000E-06,-402.010053077E-03
-244.032000E-06,-201.005027334E-03
-244.024000E-06,-603.015079776E-03
-244.016000E-06,-402.010053396E-03
-244.008000E-06,-402.010053396E-03
-244.000000E-06,-402.010053396E-03
-243.992000E-06,-402.010053714E-03
-243.984000E-06,-603.015079778E-03
-243.976000E-06,-402.010053396E-03
-243.968000E-06,-402.010053396E-03
-243.960000E-06,-402.010053396E-03
-243.952000E-06,-402.010053396E-03
-243.944000E-06,-402.010053396E-03
-243.936000E-06,-402.010053396E-03
-243.928000E-06,-402.010053396E-03
-243.920000E-06,-402.010053396E-03
-243.912000E-06,-402.010053396E-03
-243.904000E-06,-402.010053396E-03
-243.896000E-06,-402.010053396E-03
-243.888000E-06,-402.010053396E-03
-243.880000E-06,-402.010053396E-03
-243.872000E-06,-402.010053396E-03
-243.864000E-06,-402.010053396E-03
-243.856000E-06,-402.010053396E-03
-243.848000E-06,-402.010053396E-03
-243.840000E-06,-402.010053396E-03
-243.832000E-06,-402.010053396E-03
-243.824000E-06,-402.010053396E-03
-243.816000E-06,-402.010053396E-03
-243.808000E-06,-402.010053396E-03
-243.800000E-06,-402.010053396E-03
-243.792000E-06,-402.010053396E-03
-243.784000E-06,-402.010053396E-03
-243.776000E-06,-402.010053707E-03
-243.768000E-06,-603.015079784E-03
-243.760000E-06,-402.010053396E-03
-243.752000E-06,-402.010053396E-03
-243.744000E-06,-402.010053396E-03
-243.736000E-06,-402.010053396E-03
-243.728000E-06,-402.010053396E-03
-243.720000E-06,-402.010053396E-03
-243.712000E-06,-402.010053396E-03
-243.704000E-06,-402.010053705E-03
-243.696000E-06,-603.015079786E-03
-243.688000E-06,-402.010053396E-03
-243.680000E-06,-402.010053396E-03
-243.672000E-06,-402.010053396E-03
-243.664000E-06,-402.010053396E-03
-243.656000E-06,-402.010053396E-03
-243.648000E-06,-402.010053396E-03
-243.640000E-06,-402.010053396E-03
-243.632000E-06,-402.010053396E-03
-243.624000E-06,-402.010053396E-03
-243.616000E-06,-402.010053396E-03
-243.608000E-06,-402.010053091E-03
-243.600000E-06,-201.005027003E-03
-243.592000E-06,-402.010053396E-03
-243.584000E-06,-402.010053396E-03
-243.576000E-06,-402.010053396E-03
-243.568000E-06,-402.010053396E-03
-243.560000E-06,-402.010053396E-03
-243.552000E-06,-402.010053396E-03
-243.544000E-06,-402.010053396E-03
-243.536000E-06,-402.010053396E-03
-243.528000E-06,-402.010053396E-03
-243.520000E-06,-402.010053396E-03
-243.512000E-06,-402.010053396E-03
-243.504000E-06,-402.010053396E-03
-243.496000E-06,-402.010053396E-03
-243.488000E-06,-402.010053396E-03
-243.480000E-06,-402.010053396E-03
-243.472000E-06,-402.010053396E-03
-243.464000E-06,-402.010053396E-03
-243.456000E-06,-402.010053396E-03
-243.448000E-06,-402.010053396E-03
-243.440000E-06,-402.010053396E-03
-243.432000E-06,-402.010053396E-03
-243.424000E-06,-402.010053396E-03
-243.416000E-06,-402.010053396E-03
-243.408000E-06,-402.010053396E-03
-243.400000E-06,-402.010053396E-03
-243.392000E-06,-402.010053396E-03
-243.384000E-06,-402.010053396E-03
-243.376000E-06,-402.010053396E-03
-243.368000E-06,-402.010053396E-03
-243.360000E-06,-402.010053396E-03
-243.352000E-06,-402.010053396E-03
-243.344000E-06,-402.010053396E-03
-243.336000E-06,-402.010053396E-03
-243.328000E-06,-402.010053396E-03
-243.320000E-06,-402.010053396E-03
-243.312000E-06,-402.010053396E-03
-243.304000E-06,-402.010053396E-03
-243.296000E-06,-402.010053100E-03
-243.288000E-06,-201.005026994E-03
-243.280000E-06,-402.010053101E-03
-243.272000E-06,-201.005026994E-03
-243.264000E-06,-402.010053101E-03
-243.256000E-06,-201.005026993E-03
-243.248000E-06,-402.010053396E-03
-243.240000E-06,-402.010053396E-03
-243.232000E-06,-402.010053396E-03
-243.224000E-06,-402.010053396E-03
-243.216000E-06,-402.010053396E-03
-243.208000E-06,-402.010053396E-03
-243.200000E-06,-402.010053103E-03
-243.192000E-06,-201.005026698E-03
-243.184000E-06,-201.005026698E-03
-243.176000E-06,-201.005026991E-03
-243.168000E-06,-402.010053396E-03
-243.160000E-06,-402.010053396E-03
-243.152000E-06,-402.010053396E-03
-243.144000E-06,-402.010053396E-03
-243.136000E-06,-402.010053396E-03
-243.128000E-06,-402.010053396E-03
-243.120000E-06,-402.010053105E-03
-243.112000E-06,-201.005026988E-03
-243.104000E-06,-402.010053396E-03
-243.096000E-06,-402.010053396E-03
-243.088000E-06,-402.010053396E-03
-243.080000E-06,-402.010053396E-03
-243.072000E-06,-402.010053107E-03
-243.064000E-06,-201.005026987E-03
-243.056000E-06,-402.010053107E-03
-243.048000E-06,-201.005026987E-03
-243.040000E-06,-402.010053396E-03
-243.032000E-06,-402.010053396E-03
-243.024000E-06,-402.010053396E-03
-243.016000E-06,-402.010053109E-03
-243.008000E-06,-201.005026985E-03
-243.000000E-06,-402.010053396E-03
-242.992000E-06,-402.010053110E-03
-242.984000E-06,-201.005026985E-03
-242.976000E-06,-402.010053110E-03
-242.968000E-06,-201.005026985E-03
-242.960000E-06,-402.010053396E-03
-242.952000E-06,-402.010053110E-03
-242.944000E-06,-201.005026698E-03
-242.936000E-06,-201.005026698E-03
-242.928000E-06,-201.005026698E-03
-242.920000E-06,-201.005026983E-03
-242.912000E-06,-402.010053112E-03
-242.904000E-06,-201.005026983E-03
-242.896000E-06,-402.010053112E-03
-242.888000E-06,-201.005026982E-03
-242.880000E-06,-402.010053396E-03
-242.872000E-06,-402.010053396E-03
-242.864000E-06,-402.010053396E-03
-242.856000E-06,-402.010053113E-03
-242.848000E-06,-201.005026981E-03
-242.840000E-06,-402.010053396E-03
-242.832000E-06,-402.010053114E-03
-242.824000E-06,-201.005026698E-03
-242.816000E-06,-201.005026980E-03
-242.808000E-06,-402.010053396E-03
-242.800000E-06,-402.010053396E-03
-242.792000E-06,-402.010053396E-03
-242.784000E-06,-402.010053396E-03
-242.776000E-06,-402.010053396E-03
-242.768000E-06,-402.010053396E-03
-242.760000E-06,-402.010053396E-03
-242.752000E-06,-402.010053116E-03
-242.744000E-06,-201.005026698E-03
-242.736000E-06,-201.005026977E-03
-242.728000E-06,-402.010053396E-03
-242.720000E-06,-402.010053118E-03
-242.712000E-06,-201.005026977E-03
-242.704000E-06,-402.010053396E-03
-242.696000E-06,-402.010053118E-03
-242.688000E-06,-201.005026698E-03
-242.680000E-06,-201.005026698E-03
-242.672000E-06,-201.005026975E-03
-242.664000E-06,-402.010053119E-03
-242.656000E-06,-201.005026698E-03
-242.648000E-06,-201.005026698E-03
-242.640000E-06,-201.005026698E-03
-242.632000E-06,-201.005026975E-03
-242.624000E-06,-402.010053121E-03
-242.616000E-06,-201.005026974E-03
-242.608000E-06,-402.010053121E-03
-242.600000E-06,-201.005026698E-03
-242.592000E-06,-201.005026698E-03
-242.584000E-06,-201.005026973E-03
-242.576000E-06,-402.010053122E-03
-242.568000E-06,-201.005026972E-03
-242.560000E-06,-402.010053396E-03
-242.552000E-06,-402.010053396E-03
-242.544000E-06,-402.010053123E-03
-242.536000E-06,-201.005026972E-03
-242.528000E-06,-402.010053123E-03
-242.520000E-06,-201.005026698E-03
-242.512000E-06,-201.005026971E-03
-242.504000E-06,-402.010053124E-03
-242.496000E-06,-201.005026698E-03
-242.488000E-06,-201.005026698E-03
-242.480000E-06,-201.005026698E-03
-242.472000E-06,-201.005026969E-03
-242.464000E-06,-402.010053125E-03
-242.456000E-06,-201.005026698E-03
-242.448000E-06,-201.005026698E-03
-242.440000E-06,-201.005026969E-03
-242.432000E-06,-402.010053126E-03
-242.424000E-06,-201.005026698E-03
-242.416000E-06,-201.005026698E-03
-242.408000E-06,-201.005026698E-03
-242.400000E-06,-201.005026698E-03
-242.392000E-06,-201.005026698E-03
-242.384000E-06,-201.005026698E-03
-242.376000E-06,-201.005026698E-03
-242.368000E-06,-201.005026698E-03
-242.360000E-06,-201.005026966E-03
-242.352000E-06,-402.010053396E-03
-242.344000E-06,-402.010053129E-03
-242.336000E-06,-201.005026966E-03
-242.328000E-06,-402.010053129E-03
-242.320000E-06,-201.005026698E-03
-242.312000E-06,-201.005026698E-03
-242.304000E-06,-201.005026698E-03
-242.296000E-06,-201.005026698E-03
-242.288000E-06,-201.005026698E-03
-242.280000E-06,-201.005026698E-03
-242.272000E-06,-201.005026964E-03
-242.264000E-06,-402.010053396E-03
-242.256000E-06,-402.010053396E-03
-242.248000E-06,-402.010053132E-03
-242.240000E-06,-201.005026698E-03
-242.232000E-06,-201.005026698E-03
-242.224000E-06,-201.005026698E-03
-242.216000E-06,-201.005026698E-03
-242.208000E-06,-201.005026698E-03
-242.200000E-06,-201.005026698E-03
-242.192000E-06,-201.005026698E-03
-242.184000E-06,-201.005026698E-03
-242.176000E-06,-201.005026698E-03
-242.168000E-06,-201.005026698E-03
-242.160000E-06,-201.005026698E-03
-242.152000E-06,-201.005026698E-03
-242.144000E-06,-201.005026960E-03
-242.136000E-06,-402.010053135E-03
-242.128000E-06,-201.005026959E-03
-242.120000E-06,-402.010053135E-03
-242.112000E-06,-201.005026698E-03
-242.104000E-06,-201.005026698E-03
-242.096000E-06,-201.005026698E-03
-242.088000E-06,-201.005026698E-03
-242.080000E-06,-201.005026698E-03
-242.072000E-06,-201.005026698E-03
-242.064000E-06,-201.005026698E-03
-242.056000E-06,-201.005026698E-03
-242.048000E-06,-201.005026698E-03
-242.040000E-06,-201.005026956E-03
-242.032000E-06,-402.010053138E-03
-242.024000E-06,-201.005026698E-03
-242.016000E-06,-201.005026698E-03
-242.008000E-06,-201.005026698E-03
-242.000000E-06,-201.005026698E-03
-241.992000E-06,-201.005026698E-03
-241.984000E-06,-201.005026698E-03
-241.976000E-06,-201.005026698E-03
-241.968000E-06,-201.005026698E-03
-241.960000E-06,-201.005026698E-03
-241.952000E-06,-201.005026698E-03
-241.944000E-06,-201.005026698E-03
-241.936000E-06,-201.005026698E-03
-241.928000E-06,-201.005026698E-03
-241.920000E-06,-201.005026698E-03
-241.912000E-06,-201.005026698E-03
-241.904000E-06,-201.005026953E-03
-241.896000E-06,-402.010053142E-03
-241.888000E-06,-201.005026698E-03
-241.880000E-06,-201.005026698E-03
-241.872000E-06,-201.005026698E-03
-241.864000E-06,-201.005026698E-03
-241.856000E-06,-201.005026698E-03
-241.848000E-06,-201.005026951E-03
-241.840000E-06,-402.010053144E-03
-241.832000E-06,-201.005026446E-03
-241.824000E-06,-252E-12
-241.816000E-06,-201.005026698E-03
-241.808000E-06,-201.005026698E-03
-241.800000E-06,-201.005026698E-03
-241.792000E-06,-201.005026698E-03
-241.784000E-06,-201.005026949E-03
-241.776000E-06,-402.010053145E-03
-241.768000E-06,-201.005026698E-03
-241.760000E-06,-201.005026698E-03
-241.752000E-06,-201.005026698E-03
-241.744000E-06,-201.005026698E-03
-241.736000E-06,-201.005026698E-03
-241.728000E-06,-201.005026698E-03
-241.720000E-06,-201.005026698E-03
-241.712000E-06,-201.005026698E-03
-241.704000E-06,-201.005026698E-03
-241.696000E-06,-201.005026698E-03
-241.688000E-06,-201.005026698E-03
-241.680000E-06,-201.005026698E-03
-241.672000E-06,-201.005026451E-03
-241.664000E-06,-247E-12
-241.656000E-06,-201.005026698E-03
-241.648000E-06,-201.005026698E-03
-241.640000E-06,-201.005026698E-03
-241.632000E-06,-201.005026698E-03
-241.624000E-06,-201.005026452E-03
-241.616000E-06,-246E-12
-241.608000E-06,-201.005026698E-03
-241.600000E-06,-201.005026698E-03
-241.592000E-06,-201.005026698E-03
-241.584000E-06,-201.005026698E-03
-241.576000E-06,-201.005026698E-03
-241.568000E-06,-201.005026698E-03
-241.560000E-06,-201.005026698E-03
-241.552000E-06,-201.005026455E-03
-241.544000E-06,-244E-12
-241.536000E-06,-201.005026698E-03
-241.528000E-06,-201.005026698E-03
-241.520000E-06,-201.005026698E-03
-241.512000E-06,-201.005026698E-03
-241.504000E-06,-201.005026698E-03
-241.496000E-06,-201.005026698E-03
-241.488000E-06,-201.005026698E-03
-241.480000E-06,-201.005026457E-03
-241.472000E-06,+0.0E+00
-241.464000E-06,-241E-12
-241.456000E-06,-201.005026698E-03
-241.448000E-06,-201.005026698E-03
-241.440000E-06,-201.005026698E-03
-241.432000E-06,-201.005026698E-03
-241.424000E-06,-201.005026698E-03
-241.416000E-06,-201.005026698E-03
-241.408000E-06,-201.005026459E-03
-241.400000E-06,-239E-12
-241.392000E-06,-201.005026698E-03
-241.384000E-06,-201.005026698E-03
-241.376000E-06,-201.005026460E-03
-241.368000E-06,-238E-12
-241.360000E-06,-201.005026698E-03
-241.352000E-06,-201.005026460E-03
-241.344000E-06,-238E-12
-241.336000E-06,-201.005026698E-03
-241.328000E-06,-201.005026698E-03
-241.320000E-06,-201.005026698E-03
-241.312000E-06,-201.005026698E-03
-241.304000E-06,-201.005026698E-03
-241.296000E-06,-201.005026698E-03
-241.288000E-06,-201.005026698E-03
-241.280000E-06,-201.005026463E-03
-241.272000E-06,-235E-12
-241.264000E-06,-201.005026698E-03
-241.256000E-06,-201.005026698E-03
-241.248000E-06,-201.005026698E-03
-241.240000E-06,-201.005026698E-03
-241.232000E-06,-201.005026698E-03
-241.224000E-06,-201.005026464E-03
-241.216000E-06,+0.0E+00
-241.208000E-06,-233E-12
-241.200000E-06,-201.005026698E-03
-241.192000E-06,-201.005026698E-03
-241.184000E-06,-201.005026466E-03
-241.176000E-06,+0.0E+00
-241.168000E-06,-233E-12
-241.160000E-06,-201.005026698E-03
-241.152000E-06,-201.005026698E-03
-241.144000E-06,-201.005026698E-03
-241.136000E-06,-201.005026698E-03
-241.128000E-06,-201.005026698E-03
-241.120000E-06,-201.005026698E-03
-241.112000E-06,-201.005026698E-03
-241.104000E-06,-201.005026698E-03
-241.096000E-06,-201.005026698E-03
-241.088000E-06,-201.005026698E-03
-241.080000E-06,-201.005026698E-03
-241.072000E-06,-201.005026468E-03
-241.064000E-06,+0.0E+00
-241.056000E-06,+0.0E+00
-241.048000E-06,+0.0E+00
-241.040000E-06,+0.0E+00
-241.032000E-06,+0.0E+00
-241.024000E-06,+0.0E+00
-241.016000E-06,+0.0E+00
-241.008000E-06,-227E-12
-241.000000E-06,-201.005026698E-03
-240.992000E-06,-201.005026698E-03
-240.984000E-06,-201.005026698E-03
-240.976000E-06,-201.005026698E-03
-240.968000E-06,-201.005026698E-03
-240.960000E-06,-201.005026472E-03
-240.952000E-06,-226E-12
-240.944000E-06,-201.005026473E-03
-240.936000E-06,-225E-12
-240.928000E-06,-201.005026473E-03
-240.920000E-06,-224E-12
-240.912000E-06,-201.005026474E-03
-240.904000E-06,-224E-12
-240.896000E-06,-201.005026474E-03
-240.888000E-06,-224E-12
-240.880000E-06,-201.005026474E-03
-240.872000E-06,-223E-12
-240.864000E-06,-201.005026698E-03
-240.856000E-06,-201.005026698E-03
-240.848000E-06,-201.005026698E-03
-240.840000E-06,-201.005026476E-03
-240.832000E-06,-222E-12
-240.824000E-06,-201.005026698E-03
-240.816000E-06,-201.005026698E-03
-240.808000E-06,-201.005026477E-03
-240.800000E-06,+0.0E+00
-240.792000E-06,-221E-12
-240.784000E-06,-201.005026477E-03
-240.776000E-06,-220E-12
-240.768000E-06,-201.005026478E-03
-240.760000E-06,-220E-12
-240.752000E-06,-201.005026479E-03
-240.744000E-06,+0.0E+00
-240.736000E-06,+0.0E+00
-240.728000E-06,-219E-12
-240.720000E-06,-201.005026479E-03
-240.712000E-06,+0.0E+00
-240.704000E-06,-219E-12
-240.696000E-06,-201.005026698E-03
-240.688000E-06,-201.005026480E-03
-240.680000E-06,+0.0E+00
-240.672000E-06,-217E-12
-240.664000E-06,-201.005026481E-03
-240.656000E-06,-217E-12
-240.648000E-06,-201.005026482E-03
-240.640000E-06,+0.0E+00
-240.632000E-06,+0.0E+00
-240.624000E-06,+0.0E+00
-240.616000E-06,+0.0E+00
-240.608000E-06,+0.0E+00
-240.600000E-06,+0.0E+00
-240.592000E-06,+0.0E+00
-240.584000E-06,+0.0E+00
-240.576000E-06,+0.0E+00
-240.568000E-06,+0.0E+00
-240.560000E-06,-214E-12
-240.552000E-06,-201.005026485E-03
-240.544000E-06,+0.0E+00
-240.536000E-06,-214E-12
-240.528000E-06,-201.005026698E-03
-240.520000E-06,-201.005026485E-03
-240.512000E-06,-213E-12
-240.504000E-06,-201.005026698E-03
-240.496000E-06,-201.005026698E-03
-240.488000E-06,-201.005026486E-03
-240.480000E-06,+0.0E+00
-240.472000E-06,-211E-12
-240.464000E-06,-201.005026698E-03
-240.456000E-06,-201.005026488E-03
-240.448000E-06,-211E-12
-240.440000E-06,-201.005026698E-03
-240.432000E-06,-201.005026698E-03
-240.424000E-06,-201.005026488E-03
-240.416000E-06,-210E-12
-240.408000E-06,-201.005026489E-03
-240.400000E-06,+0.0E+00
-240.392000E-06,-209E-12
-240.384000E-06,-201.005026698E-03
-240.376000E-06,-201.005026490E-03
-240.368000E-06,+0.0E+00
-240.360000E-06,+0.0E+00
-240.352000E-06,-208E-12
-240.344000E-06,-201.005026698E-03
-240.336000E-06,-201.005026491E-03
-240.328000E-06,+0.0E+00
-240.320000E-06,+0.0E+00
-240.312000E-06,+0.0E+00
-240.304000E-06,-206E-12
-240.296000E-06,-201.005026698E-03
-240.288000E-06,-201.005026698E-03
-240.280000E-06,-201.005026493E-03
-240.272000E-06,+0.0E+00
-240.264000E-06,+0.0E+00
-240.256000E-06,+0.0E+00
-240.248000E-06,+0.0E+00
-240.240000E-06,+0.0E+00
-240.232000E-06,+0.0E+00
-240.224000E-06,+0.0E+00
-240.216000E-06,+0.0E+00
-240.208000E-06,+0.0E+00
-240.200000E-06,+0.0E+00
-240.192000E-06,-203E-12
-240.184000E-06,-201.005026496E-03
-240.176000E-06,+0.0E+00
-240.168000E-06,+0.0E+00
-240.160000E-06,+0.0E+00
-240.152000E-06,+0.0E+00
-240.144000E-06,+0.0E+00
-240.136000E-06,+0.0E+00
-240.128000E-06,+0.0E+00
-240.120000E-06,+0.0E+00
-240.112000E-06,+0.0E+00
-240.104000E-06,+0.0E+00
-240.096000E-06,+0.0E+00
-240.088000E-06,+0.0E+00
-240.080000E-06,+0.0E+00
-240.072000E-06,+0.0E+00
-240.064000E-06,+0.0E+00
-240.056000E-06,+0.0E+00
-240.048000E-06,+0.0E+00
-240.040000E-06,+0.0E+00
-240.032000E-06,+0.0E+00
-240.024000E-06,+0.0E+00
-240.016000E-06,-197E-12
-240.008000E-06,-201.005026698E-03
-240.000000E-06,-201.005026698E-03
-239.992000E-06,-201.005026698E-03
-239.984000E-06,-201.005026501E-03
-239.976000E-06,+0.0E+00
-239.968000E-06,+0.0E+00
-239.960000E-06,-196E-12
-239.952000E-06,-201.005026502E-03
-239.944000E-06,+0.0E+00
-239.936000E-06,+0.0E+00
-239.928000E-06,+0.0E+00
-239.920000E-06,+0.0E+00
-239.912000E-06,+0.0E+00
-239.904000E-06,+0.0E+00
-239.896000E-06,-194E-12
-239.888000E-06,-201.005026504E-03
-239.880000E-06,+0.0E+00
-239.872000E-06,+0.0E+00
-239.864000E-06,+0.0E+00
-239.856000E-06,+0.0E+00
-239.848000E-06,+0.0E+00
-239.840000E-06,+0.0E+00
-239.832000E-06,+0.0E+00
-239.824000E-06,+0.0E+00
-239.816000E-06,-192E-12
-239.808000E-06,-201.005026507E-03
-239.800000E-06,+0.0E+00
-239.792000E-06,+0.0E+00
-239.784000E-06,+0.0E+00
-239.776000E-06,+0.0E+00
-239.768000E-06,+0.0E+00
-239.760000E-06,+0.0E+00
-239.752000E-06,+0.0E+00
-239.744000E-06,+0.0E+00
-239.736000E-06,-189E-12
-239.728000E-06,-201.005026509E-03
-239.720000E-06,+0.0E+00
-239.712000E-06,+0.0E+00
-239.704000E-06,+0.0E+00
-239.696000E-06,+0.0E+00
-239.688000E-06,+0.0E+00
-239.680000E-06,+187E-12
-239.672000E-06,+201.005026511E-03
-239.664000E-06,+0.0E+00
-239.656000E-06,+0.0E+00
-239.648000E-06,+186E-12
-239.640000E-06,+201.005026698E-03
-239.632000E-06,+201.005026512E-03
-239.624000E-06,+0.0E+00
-239.616000E-06,+0.0E+00
-239.608000E-06,+0.0E+00
-239.600000E-06,+0.0E+00
-239.592000E-06,+0.0E+00
-239.584000E-06,+0.0E+00
-239.576000E-06,+0.0E+00
-239.568000E-06,+0.0E+00
-239.560000E-06,+0.0E+00
-239.552000E-06,+0.0E+00
-239.544000E-06,+0.0E+00
-239.536000E-06,+0.0E+00
-239.528000E-06,+0.0E+00
-239.520000E-06,+0.0E+00
-239.512000E-06,+0.0E+00
-239.504000E-06,+0.0E+00
-239.496000E-06,+0.0E+00
-239.488000E-06,+0.0E+00
-239.480000E-06,+0.0E+00
-239.472000E-06,+0.0E+00
-239.464000E-06,+0.0E+00
-239.456000E-06,+0.0E+00
-239.448000E-06,+0.0E+00
-239.440000E-06,+0.0E+00
-239.432000E-06,+0.0E+00
-239.424000E-06,+180E-12
-239.416000E-06,+201.005026518E-03
-239.408000E-06,+0.0E+00
-239.400000E-06,+0.0E+00
-239.392000E-06,+0.0E+00
-239.384000E-06,+0.0E+00
-239.376000E-06,+0.0E+00
-239.368000E-06,+0.0E+00
-239.360000E-06,+0.0E+00
-239.352000E-06,+0.0E+00
-239.344000E-06,+0.0E+00
-239.336000E-06,+177E-12
-239.328000E-06,+201.005026521E-03
-239.320000E-06,+0.0E+00
-239.312000E-06,+176E-12
-239.304000E-06,+201.005026522E-03
-239.296000E-06,+0.0E+00
-239.288000E-06,+0.0E+00
-239.280000E-06,+176E-12
-239.272000E-06,+201.005026523E-03
-239.264000E-06,+0.0E+00
-239.256000E-06,+0.0E+00
-239.248000E-06,+0.0E+00
-239.240000E-06,+0.0E+00
-239.232000E-06,+0.0E+00
-239.224000E-06,+174E-12
-239.216000E-06,+201.005026525E-03
-239.208000E-06,+0.0E+00
-239.200000E-06,+0.0E+00
-239.192000E-06,+0.0E+00
-239.184000E-06,+173E-12
-239.176000E-06,+201.005026526E-03
-239.168000E-06,+0.0E+00
-239.160000E-06,+0.0E+00
-239.152000E-06,+0.0E+00
-239.144000E-06,+0.0E+00
-239.136000E-06,+0.0E+00
-239.128000E-06,+0.0E+00
-239.120000E-06,+0.0E+00
-239.112000E-06,+0.0E+00
-239.104000E-06,+0.0E+00
-239.096000E-06,+170E-12
-239.088000E-06,+201.005026528E-03
-239.080000E-06,+0.0E+00
-239.072000E-06,+0.0E+00
-239.064000E-06,+0.0E+00
-239.056000E-06,+0.0E+00
-239.048000E-06,-169E-12
-239.040000E-06,-201.005026530E-03
-239.032000E-06,+0.0E+00
-239.024000E-06,+0.0E+00
-239.016000E-06,+0.0E+00
-239.008000E-06,+0.0E+00
-239.000000E-06,+0.0E+00
-238.992000E-06,+0.0E+00
-238.984000E-06,+0.0E+00
-238.976000E-06,+0.0E+00
-238.968000E-06,+0.0E+00
-238.960000E-06,+0.0E+00
-238.952000E-06,+0.0E+00
-238.944000E-06,+0.0E+00
-238.936000E-06,+0.0E+00
-238.928000E-06,+0.0E+00
-238.920000E-06,+0.0E+00
-238.912000E-06,+0.0E+00
-238.904000E-06,+0.0E+00
-238.896000E-06,+0.0E+00
-238.888000E-06,+0.0E+00
-238.880000E-06,+0.0E+00
-238.872000E-06,+0.0E+00
-238.864000E-06,+0.0E+00
-238.856000E-06,+0.0E+00
-238.848000E-06,+0.0E+00
-238.840000E-06,+0.0E+00
-238.832000E-06,+162E-12
-238.824000E-06,+201.005026537E-03
-238.816000E-06,+0.0E+00
-238.808000E-06,+162E-12
-238.800000E-06,+201.005026537E-03
-238.792000E-06,+0.0E+00
-238.784000E-06,+161E-12
-238.776000E-06,+201.005026538E-03
-238.768000E-06,+0.0E+00
-238.760000E-06,+0.0E+00
-238.752000E-06,+0.0E+00
-238.744000E-06,+0.0E+00
-238.736000E-06,+0.0E+00
-238.728000E-06,+0.0E+00
-238.720000E-06,+0.0E+00
-238.712000E-06,+0.0E+00
-238.704000E-06,+158E-12
-238.696000E-06,+201.005026540E-03
-238.688000E-06,+0.0E+00
-238.680000E-06,+157E-12
-238.672000E-06,+201.005026541E-03
-238.664000E-06,+0.0E+00
-238.656000E-06,+0.0E+00
-238.648000E-06,+0.0E+00
-238.640000E-06,+0.0E+00
-238.632000E-06,+0.0E+00
-238.624000E-06,+156E-12
-238.616000E-06,+201.005026698E-03
-238.608000E-06,+201.005026543E-03
-238.600000E-06,+155E-12
-238.592000E-06,+201.005026698E-03
-238.584000E-06,+201.005026544E-03
-238.576000E-06,+0.0E+00
-238.568000E-06,+154E-12
-238.560000E-06,+201.005026698E-03
-238.552000E-06,+201.005026545E-03
-238.544000E-06,+0.0E+00
-238.536000E-06,+0.0E+00
-238.528000E-06,+0.0E+00
-238.520000E-06,+0.0E+00
-238.512000E-06,+0.0E+00
-238.504000E-06,+0.0E+00
-238.496000E-06,+0.0E+00
-238.488000E-06,+0.0E+00
-238.480000E-06,+0.0E+00
-238.472000E-06,+151E-12
-238.464000E-06,+201.005026547E-03
-238.456000E-06,+0.0E+00
-238.448000E-06,+0.0E+00
-238.440000E-06,+0.0E+00
-238.432000E-06,+150E-12
-238.424000E-06,+201.005026548E-03
-238.416000E-06,+0.0E+00
-238.408000E-06,+0.0E+00
-238.400000E-06,+149E-12
-238.392000E-06,+201.005026549E-03
-238.384000E-06,+148E-12
-238.376000E-06,+201.005026550E-03
-238.368000E-06,+0.0E+00
-238.360000E-06,+0.0E+00
-238.352000E-06,+0.0E+00
-238.344000E-06,+0.0E+00
-238.336000E-06,+0.0E+00
-238.328000E-06,+0.0E+00
-238.320000E-06,+147E-12
-238.312000E-06,+201.005026552E-03
-238.304000E-06,+0.0E+00
-238.296000E-06,+146E-12
-238.288000E-06,+201.005026698E-03
-238.280000E-06,+201.005026553E-03
-238.272000E-06,+0.0E+00
-238.264000E-06,+0.0E+00
-238.256000E-06,+0.0E+00
-238.248000E-06,+0.0E+00
-238.240000E-06,+144E-12
-238.232000E-06,+201.005026554E-03
-238.224000E-06,+0.0E+00
-238.216000E-06,+0.0E+00
-238.208000E-06,+0.0E+00
-238.200000E-06,+0.0E+00
-238.192000E-06,+0.0E+00
-238.184000E-06,+0.0E+00
-238.176000E-06,+0.0E+00
-238.168000E-06,+0.0E+00
-238.160000E-06,+0.0E+00
-238.152000E-06,+0.0E+00
-238.144000E-06,+0.0E+00
-238.136000E-06,+0.0E+00
-238.128000E-06,+0.0E+00
-238.120000E-06,+0.0E+00
-238.112000E-06,+0.0E+00
-238.104000E-06,+0.0E+00
-238.096000E-06,+0.0E+00
-238.088000E-06,+0.0E+00
-238.080000E-06,+0.0E+00
-238.072000E-06,+0.0E+00
-238.064000E-06,+0.0E+00
-238.056000E-06,+0.0E+00
-238.048000E-06,+0.0E+00
-238.040000E-06,+0.0E+00
-238.032000E-06,+0.0E+00
-238.024000E-06,+0.0E+00
-238.016000E-06,+137E-12
-238.008000E-06,+201.005026561E-03
-238.000000E-06,+0.0E+00
-237.992000E-06,+0.0E+00
-237.984000E-06,+137E-12
-237.976000E-06,+201.005026562E-03
-237.968000E-06,+136E-12
-237.960000E-06,+201.005026562E-03
-237.952000E-06,+0.0E+00
-237.944000E-06,+0.0E+00
-237.936000E-06,+135E-12
-237.928000E-06,+201.005026698E-03
-237.920000E-06,+201.005026564E-03
-237.912000E-06,+0.0E+00
-237.904000E-06,+0.0E+00
-237.896000E-06,+0.0E+00
-237.888000E-06,+0.0E+00
-237.880000E-06,+0.0E+00
-237.872000E-06,+0.0E+00
-237.864000E-06,+0.0E+00
-237.856000E-06,+0.0E+00
-237.848000E-06,+132E-12
-237.840000E-06,+201.005026566E-03
-237.832000E-06,+0.0E+00
-237.824000E-06,+0.0E+00
-237.816000E-06,+132E-12
-237.808000E-06,+201.005026566E-03
-237.800000E-06,+0.0E+00
-237.792000E-06,+0.0E+00
-237.784000E-06,+0.0E+00
-237.776000E-06,+0.0E+00
-237.768000E-06,+0.0E+00
-237.760000E-06,+0.0E+00
-237.752000E-06,+0.0E+00
-237.744000E-06,+129E-12
-237.736000E-06,+201.005026698E-03
-237.728000E-06,+201.005026569E-03
-237.720000E-06,+0.0E+00
-237.712000E-06,+0.0E+00
-237.704000E-06,+0.0E+00
-237.696000E-06,+0.0E+00
-237.688000E-06,+128E-12
-237.680000E-06,+201.005026571E-03
-237.672000E-06,+0.0E+00
-237.664000E-06,+0.0E+00
-237.656000E-06,+127E-12
-237.648000E-06,+201.005026572E-03
-237.640000E-06,+127E-12
-237.632000E-06,+201.005026698E-03
-237.624000E-06,+201.005026698E-03
-237.616000E-06,+201.005026572E-03
-237.608000E-06,+0.0E+00
-237.600000E-06,+0.0E+00
-237.592000E-06,+125E-12
-237.584000E-06,+201.005026574E-03
-237.576000E-06,+0.0E+00
-237.568000E-06,+124E-12
-237.560000E-06,+201.005026698E-03
-237.552000E-06,+201.005026575E-03
-237.544000E-06,+0.0E+00
-237.536000E-06,+0.0E+00
-237.528000E-06,+0.0E+00
-237.520000E-06,+0.0E+00
-237.512000E-06,+0.0E+00
-237.504000E-06,+0.0E+00
-237.496000E-06,+0.0E+00
-237.488000E-06,+0.0E+00
-237.480000E-06,+0.0E+00
-237.472000E-06,+121E-12
-237.464000E-06,+201.005026577E-03
-237.456000E-06,+0.0E+00
-237.448000E-06,+0.0E+00
-237.440000E-06,+0.0E+00
-237.432000E-06,+0.0E+00
-237.424000E-06,+0.0E+00
-237.416000E-06,+0.0E+00
-237.408000E-06,+0.0E+00
-237.400000E-06,+0.0E+00
-237.392000E-06,+0.0E+00
-237.384000E-06,+0.0E+00
-237.376000E-06,+0.0E+00
-237.368000E-06,+0.0E+00
-237.360000E-06,+0.0E+00
-237.352000E-06,+0.0E+00
-237.344000E-06,+0.0E+00
-237.336000E-06,+0.0E+00
-237.328000E-06,+0.0E+00
-237.320000E-06,+0.0E+00
-237.312000E-06,+0.0E+00
-237.304000E-06,+116E-12
-237.296000E-06,+201.005026582E-03
-237.288000E-06,+0.0E+00
-237.280000E-06,+0.0E+00
-237.272000E-06,+116E-12
-237.264000E-06,+201.005026698E-03
-237.256000E-06,+201.005026583E-03
-237.248000E-06,+0.0E+00
-237.240000E-06,+0.0E+00
-237.232000E-06,+0.0E+00
-237.224000E-06,+0.0E+00
-237.216000E-06,+0.0E+00
-237.208000E-06,+0.0E+00
-237.200000E-06,+0.0E+00
-237.192000E-06,+0.0E+00
-237.184000E-06,+0.0E+00
-237.176000E-06,+0.0E+00
-237.168000E-06,+112E-12
-237.160000E-06,+201.005026698E-03
-237.152000E-06,+201.005026698E-03
-237.144000E-06,+201.005026698E-03
-237.136000E-06,+201.005026587E-03
-237.128000E-06,+0.0E+00
-237.120000E-06,+0.0E+00
-237.112000E-06,+0.0E+00
-237.104000E-06,+0.0E+00
-237.096000E-06,+0.0E+00
-237.088000E-06,+0.0E+00
-237.080000E-06,+0.0E+00
-237.072000E-06,+0.0E+00
-237.064000E-06,+0.0E+00
-237.056000E-06,+0.0E+00
-237.048000E-06,+0.0E+00
-237.040000E-06,+0.0E+00
-237.032000E-06,+0.0E+00
-237.024000E-06,+107E-12
-237.016000E-06,+201.005026591E-03
-237.008000E-06,+0.0E+00
-237.000000E-06,+0.0E+00
-236.992000E-06,+0.0E+00
-236.984000E-06,+0.0E+00
-236.976000E-06,+106E-12
-236.968000E-06,+201.005026698E-03
-236.960000E-06,+201.005026592E-03
-236.952000E-06,+0.0E+00
-236.944000E-06,+0.0E+00
-236.936000E-06,+0.0E+00
-236.928000E-06,+0.0E+00
-236.920000E-06,+0.0E+00
-236.912000E-06,+0.0E+00
-236.904000E-06,+0.0E+00
-236.896000E-06,+0.0E+00
-236.888000E-06,+0.0E+00
-236.880000E-06,+0.0E+00
-236.872000E-06,+0.0E+00
-236.864000E-06,+0.0E+00
-236.856000E-06,+0.0E+00
-236.848000E-06,+0.0E+00
-236.840000E-06,+0.0E+00
-236.832000E-06,+0.0E+00
-236.824000E-06,+0.0E+00
-236.816000E-06,+0.0E+00
-236.808000E-06,+0.0E+00
-236.800000E-06,+101E-12
-236.792000E-06,+201.005026496E-03
-236.784000E-06,-201.005026597E-03
-236.776000E-06,+100E-12
-236.768000E-06,+201.005026598E-03
-236.760000E-06,+0.0E+00
-236.752000E-06,+0.0E+00
-236.744000E-06,+0.0E+00
-236.736000E-06,+0.0E+00
-236.728000E-06,+0.0E+00
-236.720000E-06,+0.0E+00
-236.712000E-06,+0.0E+00
-236.704000E-06,+0.0E+00
-236.696000E-06,+0.0E+00
-236.688000E-06,+0.0E+00
-236.680000E-06,+0.0E+00
-236.672000E-06,+0.0E+00
-236.664000E-06,+0.0E+00
-236.656000E-06,+0.0E+00
-236.648000E-06,+0.0E+00
-236.640000E-06,+97E-12
-236.632000E-06,+201.005026602E-03
-236.624000E-06,+0.0E+00
-236.616000E-06,+0.0E+00
-236.608000E-06,+0.0E+00
-236.600000E-06,+0.0E+00
-236.592000E-06,+0.0E+00
-236.584000E-06,+0.0E+00
-236.576000E-06,+0.0E+00
-236.568000E-06,+0.0E+00
-236.560000E-06,+0.0E+00
-236.552000E-06,+0.0E+00
-236.544000E-06,+94E-12
-236.536000E-06,+201.005026605E-03
-236.528000E-06,+0.0E+00
-236.520000E-06,+0.0E+00
-236.512000E-06,+0.0E+00
-236.504000E-06,+0.0E+00
-236.496000E-06,+0.0E+00
-236.488000E-06,+0.0E+00
-236.480000E-06,+0.0E+00
-236.472000E-06,+0.0E+00
-236.464000E-06,+0.0E+00
-236.456000E-06,+0.0E+00
-236.448000E-06,+0.0E+00
-236.440000E-06,+0.0E+00
-236.432000E-06,+0.0E+00
-236.424000E-06,+0.0E+00
-236.416000E-06,+0.0E+00
-236.408000E-06,+0.0E+00
-236.400000E-06,+89E-12
-236.392000E-06,+201.005026610E-03
-236.384000E-06,+0.0E+00
-236.376000E-06,+0.0E+00
-236.368000E-06,+0.0E+00
-236.360000E-06,+0.0E+00
-236.352000E-06,+88E-12
-236.344000E-06,+201.005026611E-03
-236.336000E-06,+0.0E+00
-236.328000E-06,+0.0E+00
-236.320000E-06,+0.0E+00
-236.312000E-06,+0.0E+00
-236.304000E-06,+0.0E+00
-236.296000E-06,+0.0E+00
-236.288000E-06,+0.0E+00
-236.280000E-06,+0.0E+00
-236.272000E-06,+0.0E+00
-236.264000E-06,+0.0E+00
-236.256000E-06,+0.0E+00
-236.248000E-06,+0.0E+00
-236.240000E-06,+84E-12
-236.232000E-06,+201.005026614E-03
-236.224000E-06,+0.0E+00
-236.216000E-06,+0.0E+00
-236.208000E-06,+0.0E+00
-236.200000E-06,+0.0E+00
-236.192000E-06,+0.0E+00
-236.184000E-06,+0.0E+00
-236.176000E-06,+0.0E+00
-236.168000E-06,+0.0E+00
-236.160000E-06,+0.0E+00
-236.152000E-06,+0.0E+00
-236.144000E-06,+0.0E+00
-236.136000E-06,+0.0E+00
-236.128000E-06,+0.0E+00
-236.120000E-06,+0.0E+00
-236.112000E-06,+0.0E+00
-236.104000E-06,+0.0E+00
-236.096000E-06,+0.0E+00
-236.088000E-06,+0.0E+00
-236.080000E-06,+0.0E+00
-236.072000E-06,+0.0E+00
-236.064000E-06,+0.0E+00
-236.056000E-06,+0.0E+00
-236.048000E-06,+0.0E+00
-236.040000E-06,+0.0E+00
-236.032000E-06,+0.0E+00
-236.024000E-06,+0.0E+00
-236.016000E-06,+0.0E+00
-236.008000E-06,+0.0E+00
-236.000000E-06,+0.0E+00
-235.992000E-06,+0.0E+00
-235.984000E-06,+0.0E+00
-235.976000E-06,+0.0E+00
-235.968000E-06,+0.0E+00
-235.960000E-06,+0.0E+00
-235.952000E-06,+0.0E+00
-235.944000E-06,+0.0E+00
-235.936000E-06,+0.0E+00
-235.928000E-06,+0.0E+00
-235.920000E-06,+0.0E+00
-235.912000E-06,+0.0E+00
-235.904000E-06,+0.0E+00
-235.896000E-06,+0.0E+00
-235.888000E-06,+0.0E+00
-235.880000E-06,+0.0E+00
-235.872000E-06,+0.0E+00
-235.864000E-06,+0.0E+00
-235.856000E-06,+0.0E+00
-235.848000E-06,+0.0E+00
-235.840000E-06,-72E-12
-235.832000E-06,-201.005026626E-03
-235.824000E-06,+0.0E+00
-235.816000E-06,-72E-12
-235.808000E-06,-201.005026627E-03
-235.800000E-06,+0.0E+00
-235.792000E-06,+0.0E+00
-235.784000E-06,+0.0E+00
-235.776000E-06,+0.0E+00
-235.768000E-06,+0.0E+00
-235.760000E-06,+0.0E+00
-235.752000E-06,+0.0E+00
-235.744000E-06,+0.0E+00
-235.736000E-06,+0.0E+00
-235.728000E-06,+0.0E+00
-235.720000E-06,+0.0E+00
-235.712000E-06,+0.0E+00
-235.704000E-06,+68E-12
-235.696000E-06,+201.005026630E-03
-235.688000E-06,+0.0E+00
-235.680000E-06,+0.0E+00
-235.672000E-06,-67E-12
-235.664000E-06,-201.005026698E-03
-235.656000E-06,-201.005026632E-03
-235.648000E-06,+0.0E+00
-235.640000E-06,+0.0E+00
-235.632000E-06,+0.0E+00
-235.624000E-06,+0.0E+00
-235.616000E-06,+0.0E+00
-235.608000E-06,+0.0E+00
-235.600000E-06,-65E-12
-235.592000E-06,-201.005026633E-03
-235.584000E-06,+0.0E+00
-235.576000E-06,+0.0E+00
-235.568000E-06,-64E-12
-235.560000E-06,-201.005026634E-03
-235.552000E-06,+0.0E+00
-235.544000E-06,+0.0E+00
-235.536000E-06,-63E-12
-235.528000E-06,-201.005026698E-03
-235.520000E-06,-201.005026635E-03
-235.512000E-06,+0.0E+00
-235.504000E-06,+0.0E+00
-235.496000E-06,+0.0E+00
-235.488000E-06,+0.0E+00
-235.480000E-06,+0.0E+00
-235.472000E-06,+0.0E+00
-235.464000E-06,+0.0E+00
-235.456000E-06,+0.0E+00
-235.448000E-06,-61E-12
-235.440000E-06,-201.005026638E-03
-235.432000E-06,+0.0E+00
-235.424000E-06,+0.0E+00
-235.416000E-06,+0.0E+00
-235.408000E-06,+0.0E+00
-235.400000E-06,+0.0E+00
-235.392000E-06,+0.0E+00
-235.384000E-06,-59E-12
-235.376000E-06,-201.005026640E-03
-235.368000E-06,+0.0E+00
-235.360000E-06,+0.0E+00
-235.352000E-06,+0.0E+00
-235.344000E-06,-57E-12
-235.336000E-06,-201.005026641E-03
-235.328000E-06,+0.0E+00
-235.320000E-06,+0.0E+00
-235.312000E-06,+0.0E+00
-235.304000E-06,+0.0E+00
-235.296000E-06,-56E-12
-235.288000E-06,-201.005026698E-03
-235.280000E-06,-201.005026643E-03
-235.272000E-06,-55E-12
-235.264000E-06,-201.005026643E-03
-235.256000E-06,+0.0E+00
-235.248000E-06,+0.0E+00
-235.240000E-06,+0.0E+00
-235.232000E-06,-54E-12
-235.224000E-06,-201.005026698E-03
-235.216000E-06,-201.005026645E-03
-235.208000E-06,+0.0E+00
-235.200000E-06,+0.0E+00
-235.192000E-06,-53E-12
-235.184000E-06,-201.005026645E-03
-235.176000E-06,+0.0E+00
-235.168000E-06,+0.0E+00
-235.160000E-06,+0.0E+00
-235.152000E-06,-52E-12
-235.144000E-06,-201.005026698E-03
-235.136000E-06,-201.005026698E-03
-235.128000E-06,-201.005026647E-03
-235.120000E-06,+0.0E+00
-235.112000E-06,-50E-12
-235.104000E-06,-201.005026648E-03
-235.096000E-06,-50E-12
-235.088000E-06,-201.005026648E-03
-235.080000E-06,+0.0E+00
-235.072000E-06,-49E-12
-235.064000E-06,-201.005026649E-03
-235.056000E-06,+0.0E+00
-235.048000E-06,+0.0E+00
-235.040000E-06,+0.0E+00
-235.032000E-06,+0.0E+00
-235.024000E-06,+0.0E+00
-235.016000E-06,-48E-12
-235.008000E-06,-201.005026698E-03
-235.000000E-06,-201.005026698E-03
-234.992000E-06,-201.005026698E-03
-234.984000E-06,-201.005026698E-03
-234.976000E-06,-201.005026652E-03
-234.968000E-06,+0.0E+00
-234.960000E-06,-46E-12
-234.952000E-06,-201.005026653E-03
-234.944000E-06,-45E-12
-234.936000E-06,-201.005026698E-03
-234.928000E-06,-201.005026698E-03
-234.920000E-06,-201.005026654E-03
-234.912000E-06,+0.0E+00
-234.904000E-06,+0.0E+00
-234.896000E-06,+0.0E+00
-234.888000E-06,-44E-12
-234.880000E-06,-201.005026698E-03
-234.872000E-06,-201.005026655E-03
-234.864000E-06,-43E-12
-234.856000E-06,-201.005026656E-03
-234.848000E-06,-42E-12
-234.840000E-06,-201.005026698E-03
-234.832000E-06,-201.005026698E-03
-234.824000E-06,-201.005026698E-03
-234.816000E-06,-201.005026698E-03
-234.808000E-06,-201.005026698E-03
-234.800000E-06,-201.005026657E-03
-234.792000E-06,-41E-12
-234.784000E-06,-201.005026658E-03
-234.776000E-06,+0.0E+00
-234.768000E-06,+0.0E+00
-234.760000E-06,+0.0E+00
-234.752000E-06,+0.0E+00
-234.744000E-06,+0.0E+00
-234.736000E-06,+0.0E+00
-234.728000E-06,-39E-12
-234.720000E-06,-201.005026659E-03
-234.712000E-06,-38E-12
-234.704000E-06,-201.005026698E-03
-234.696000E-06,-201.005026698E-03
-234.688000E-06,-201.005026698E-03
-234.680000E-06,-201.005026661E-03
-234.672000E-06,+0.0E+00
-234.664000E-06,+0.0E+00
-234.656000E-06,-37E-12
-234.648000E-06,-201.005026662E-03
-234.640000E-06,-36E-12
-234.632000E-06,-201.005026662E-03
-234.624000E-06,+0.0E+00
-234.616000E-06,+0.0E+00
-234.608000E-06,+0.0E+00
-234.600000E-06,+0.0E+00
-234.592000E-06,-35E-12
-234.584000E-06,-201.005026698E-03
-234.576000E-06,-201.005026698E-03
-234.568000E-06,-201.005026698E-03
-234.560000E-06,-201.005026698E-03
-234.552000E-06,-201.005026698E-03
-234.544000E-06,-201.005026664E-03
-234.536000E-06,-33E-12
-234.528000E-06,-201.005026698E-03
-234.520000E-06,-201.005026698E-03
-234.512000E-06,-201.005026698E-03
-234.504000E-06,-201.005026666E-03
-234.496000E-06,+0.0E+00
-234.488000E-06,-31E-12
-234.480000E-06,-201.005026667E-03
-234.472000E-06,+0.0E+00
-234.464000E-06,-31E-12
-234.456000E-06,-201.005026698E-03
-234.448000E-06,-201.005026698E-03
-234.440000E-06,-201.005026668E-03
-234.432000E-06,-30E-12
-234.424000E-06,-201.005026698E-03
-234.416000E-06,-201.005026669E-03
-234.408000E-06,+0.0E+00
-234.400000E-06,-29E-12
-234.392000E-06,-201.005026698E-03
-234.384000E-06,-201.005026698E-03
-234.376000E-06,-201.005026698E-03
-234.368000E-06,-201.005026698E-03
-234.360000E-06,-201.005026698E-03
-234.352000E-06,-201.005026670E-03
-234.344000E-06,-27E-12
-234.336000E-06,-201.005026698E-03
-234.328000E-06,-201.005026698E-03
-234.320000E-06,-201.005026698E-03
-234.312000E-06,-201.005026698E-03
-234.304000E-06,-201.005026698E-03
-234.296000E-06,-201.005026698E-03
-234.288000E-06,-201.005026673E-03
-234.280000E-06,+0.0E+00
-234.272000E-06,-25E-12
-234.264000E-06,-201.005026698E-03
-234.256000E-06,-201.005026698E-03
-234.248000E-06,-201.005026698E-03
-234.240000E-06,-201.005026698E-03
-234.232000E-06,-201.005026698E-03
-234.224000E-06,-201.005026698E-03
-234.216000E-06,-201.005026698E-03
-234.208000E-06,-201.005026698E-03
-234.200000E-06,-201.005026698E-03
-234.192000E-06,-201.005026698E-03
-234.184000E-06,-201.005026698E-03
-234.176000E-06,-201.005026698E-03
-234.168000E-06,-201.005026676E-03
-234.160000E-06,-22E-12
-234.152000E-06,-201.005026677E-03
-234.144000E-06,+0.0E+00
-234.136000E-06,+0.0E+00
-234.128000E-06,-20E-12
-234.120000E-06,-201.005026698E-03
-234.112000E-06,-201.005026698E-03
-234.104000E-06,-201.005026698E-03
-234.096000E-06,-201.005026678E-03
-234.088000E-06,-20E-12
-234.080000E-06,-201.005026679E-03
-234.072000E-06,+0.0E+00
-234.064000E-06,-19E-12
-234.056000E-06,-201.005026698E-03
-234.048000E-06,-201.005026698E-03
-234.040000E-06,-201.005026698E-03
-234.032000E-06,-201.005026698E-03
-234.024000E-06,-201.005026698E-03
-234.016000E-06,-201.005026698E-03
-234.008000E-06,-201.005026698E-03
-234.000000E-06,-201.005026698E-03
-233.992000E-06,-201.005026698E-03
-233.984000E-06,-201.005026698E-03
-233.976000E-06,-201.005026698E-03
-233.968000E-06,-201.005026682E-03
-233.960000E-06,-16E-12
-233.952000E-06,-201.005026698E-03
-233.944000E-06,-201.005026698E-03
-233.936000E-06,-201.005026698E-03
-233.928000E-06,-201.005026698E-03
-233.920000E-06,-201.005026698E-03
-233.912000E-06,-201.005026698E-03
-233.904000E-06,-201.005026684E-03
-233.896000E-06,-14E-12
-233.888000E-06,-201.005026698E-03
-233.880000E-06,-201.005026698E-03
-233.872000E-06,-201.005026685E-03
-233.864000E-06,-13E-12
-233.856000E-06,-201.005026698E-03
-233.848000E-06,-201.005026698E-03
-233.840000E-06,-201.005026698E-03
-233.832000E-06,-201.005026698E-03
-233.824000E-06,-201.005026698E-03
-233.816000E-06,-201.005026686E-03
-233.808000E-06,-11E-12
-233.800000E-06,-201.005026698E-03
-233.792000E-06,-201.005026698E-03
-233.784000E-06,-201.005026698E-03
-233.776000E-06,-201.005026688E-03
-233.768000E-06,-10E-12
-233.760000E-06,-201.005026698E-03
-233.752000E-06,-201.005026698E-03
-233.744000E-06,-201.005026698E-03
-233.736000E-06,-201.005026698E-03
-233.728000E-06,-201.005026698E-03
-233.720000E-06,-201.005026698E-03
-233.712000E-06,-201.005026698E-03
-233.704000E-06,-201.005026698E-03
-233.696000E-06,-201.005026690E-03
-233.688000E-06,-7E-12
-233.680000E-06,-201.005026705E-03
-233.672000E-06,-402.010053389E-03
-233.664000E-06,-201.005026692E-03
-233.656000E-06,-7E-12
-233.648000E-06,-201.005026698E-03
-233.640000E-06,-201.005026698E-03
-233.632000E-06,-201.005026698E-03
-233.624000E-06,-201.005026698E-03
-233.616000E-06,-201.005026698E-03
-233.608000E-06,-201.005026698E-03
-233.600000E-06,-201.005026698E-03
-233.592000E-06,-201.005026698E-03
-233.584000E-06,-201.005026698E-03
-233.576000E-06,-201.005026698E-03
-233.568000E-06,-201.005026698E-03
-233.560000E-06,-201.005026698E-03
-233.552000E-06,-201.005026698E-03
-233.544000E-06,-201.005026698E-03
-233.536000E-06,-201.005026698E-03
-233.528000E-06,-201.005026695E-03
-233.520000E-06,-2E-12
-233.512000E-06,-201.005026698E-03
-233.504000E-06,-201.005026696E-03
-233.496000E-06,-1E-12
-233.488000E-06,-201.005026698E-03
-233.480000E-06,-201.005026698E-03
-233.472000E-06,-201.005026698E-03
-233.464000E-06,-201.005026698E-03
-233.456000E-06,-201.005026699E-03
-233.448000E-06,-402.010053395E-03
-233.440000E-06,-201.005026698E-03
-233.432000E-06,-201.005026698E-03
-233.424000E-06,-201.005026698E-03
-233.416000E-06,-201.005026698E-03
-233.408000E-06,-201.005026698E-03
-233.400000E-06,-201.005026698E-03
-233.392000E-06,-201.005026698E-03
-233.384000E-06,-201.005026698E-03
-233.376000E-06,-201.005026698E-03
-233.368000E-06,-201.005026698E-03
-233.360000E-06,-201.005026698E-03
-233.352000E-06,-201.005026698E-03
-233.344000E-06,-201.005026698E-03
-233.336000E-06,-201.005026698E-03
-233.328000E-06,-201.005026698E-03
-233.320000E-06,-201.005026698E-03
-233.312000E-06,-201.005026698E-03
-233.304000E-06,-201.005026698E-03
-233.296000E-06,-201.005026698E-03
-233.288000E-06,-201.005026698E-03
-233.280000E-06,-201.005026698E-03
-233.272000E-06,-201.005026698E-03
-233.264000E-06,-201.005026698E-03
-233.256000E-06,-402.010053391E-03
-233.248000E-06,-201.005026704E-03
-233.240000E-06,-201.005026698E-03
-233.232000E-06,-201.005026698E-03
-233.224000E-06,-201.005026698E-03
-233.216000E-06,-201.005026698E-03
-233.208000E-06,-201.005026698E-03
-233.200000E-06,-201.005026698E-03
-233.192000E-06,-201.005026698E-03
-233.184000E-06,-201.005026698E-03
-233.176000E-06,-201.005026698E-03
-233.168000E-06,-201.005026698E-03
-233.160000E-06,-201.005026698E-03
-233.152000E-06,-402.010053387E-03
-233.144000E-06,-201.005026707E-03
-233.136000E-06,-201.005026698E-03
-233.128000E-06,-402.010053387E-03
-233.120000E-06,-201.005026708E-03
-233.112000E-06,-201.005026698E-03
-233.104000E-06,-201.005026698E-03
-233.096000E-06,-402.010053386E-03
-233.088000E-06,-201.005026708E-03
-233.080000E-06,-201.005026698E-03
-233.072000E-06,-201.005026698E-03
-233.064000E-06,-201.005026698E-03
-233.056000E-06,-402.010053385E-03
-233.048000E-06,-201.005026710E-03
-233.040000E-06,-201.005026698E-03
-233.032000E-06,-201.005026698E-03
-233.024000E-06,-201.005026698E-03
-233.016000E-06,-201.005026698E-03
-233.008000E-06,-402.010053383E-03
-233.000000E-06,-201.005026711E-03
-232.992000E-06,-201.005026698E-03
-232.984000E-06,-201.005026698E-03
-232.976000E-06,-201.005026698E-03
-232.968000E-06,-201.005026698E-03
-232.960000E-06,-402.010053382E-03
-232.952000E-06,-201.005026713E-03
-232.944000E-06,-201.005026698E-03
-232.936000E-06,-201.005026698E-03
-232.928000E-06,-402.010053381E-03
-232.920000E-06,-201.005026713E-03
-232.912000E-06,-201.005026698E-03
-232.904000E-06,-201.005026698E-03
-232.896000E-06,-201.005026698E-03
-232.888000E-06,-402.010053380E-03
-232.880000E-06,-201.005026715E-03
-232.872000E-06,-201.005026698E-03
-232.864000E-06,-201.005026698E-03
-232.856000E-06,-201.005026698E-03
-232.848000E-06,-201.005026698E-03
-232.840000E-06,-201.005026698E-03
-232.832000E-06,-201.005026698E-03
-232.824000E-06,-201.005026698E-03
-232.816000E-06,-402.010053378E-03
-232.808000E-06,-201.005026717E-03
-232.800000E-06,-201.005026698E-03
-232.792000E-06,-201.005026698E-03
-232.784000E-06,-201.005026698E-03
-232.776000E-06,-201.005026698E-03
-232.768000E-06,-201.005026698E-03
-232.760000E-06,-402.010053376E-03
-232.752000E-06,-201.005026719E-03
-232.744000E-06,-201.005026698E-03
-232.736000E-06,-201.005026698E-03
-232.728000E-06,-201.005026698E-03
-232.720000E-06,-201.005026698E-03
-232.712000E-06,-402.010053374E-03
-232.704000E-06,-201.005026720E-03
-232.696000E-06,-201.005026698E-03
-232.688000E-06,-402.010053374E-03
-232.680000E-06,-402.010053396E-03
-232.672000E-06,-201.005026721E-03
-232.664000E-06,-201.005026698E-03
-232.656000E-06,-201.005026698E-03
-232.648000E-06,-402.010053373E-03
-232.640000E-06,-201.005026722E-03
-232.632000E-06,-201.005026698E-03
-232.624000E-06,-201.005026698E-03
-232.616000E-06,-201.005026698E-03
-232.608000E-06,-201.005026698E-03
-232.600000E-06,-201.005026698E-03
-232.592000E-06,-201.005026698E-03
-232.584000E-06,-201.005026698E-03
-232.576000E-06,-201.005026698E-03
-232.568000E-06,-201.005026698E-03
-232.560000E-06,-201.005026698E-03
-232.552000E-06,-201.005026698E-03
-232.544000E-06,-201.005026698E-03
-232.536000E-06,-201.005026698E-03
-232.528000E-06,-402.010053369E-03
-232.520000E-06,-402.010053396E-03
-232.512000E-06,-56E-12
-232.504000E-06,-201.005026670E-03
-232.496000E-06,-201.005026698E-03
-232.488000E-06,-201.005026698E-03
-232.480000E-06,-201.005026698E-03
-232.472000E-06,-402.010053367E-03
-232.464000E-06,-201.005026727E-03
-232.456000E-06,-201.005026698E-03
-232.448000E-06,-201.005026698E-03
-232.440000E-06,-201.005026698E-03
-232.432000E-06,-201.005026698E-03
-232.424000E-06,-201.005026698E-03
-232.416000E-06,-201.005026698E-03
-232.408000E-06,-402.010053366E-03
-232.400000E-06,-402.010053396E-03
-232.392000E-06,-201.005026730E-03
-232.384000E-06,-201.005026698E-03
-232.376000E-06,-201.005026698E-03
-232.368000E-06,-402.010053364E-03
-232.360000E-06,-201.005026730E-03
-232.352000E-06,-402.010053364E-03
-232.344000E-06,-402.010053396E-03
-232.336000E-06,-201.005026731E-03
-232.328000E-06,-402.010053363E-03
-232.320000E-06,-402.010053396E-03
-232.312000E-06,-402.010053396E-03
-232.304000E-06,-201.005026732E-03
-232.296000E-06,-201.005026698E-03
-232.288000E-06,-402.010053362E-03
-232.280000E-06,-201.005026732E-03
-232.272000E-06,-201.005026698E-03
-232.264000E-06,-201.005026698E-03
-232.256000E-06,-201.005026698E-03
-232.248000E-06,-402.010053360E-03
-232.240000E-06,-402.010053396E-03
-232.232000E-06,-201.005026734E-03
-232.224000E-06,-201.005026698E-03
-232.216000E-06,-201.005026698E-03
-232.208000E-06,-201.005026698E-03
-232.200000E-06,-201.005026698E-03
-232.192000E-06,-201.005026698E-03
-232.184000E-06,-402.010053359E-03
-232.176000E-06,-402.010053396E-03
-232.168000E-06,-402.010053396E-03
-232.160000E-06,-402.010053396E-03
-232.152000E-06,-201.005026737E-03
-232.144000E-06,-402.010053357E-03
-232.136000E-06,-201.005026737E-03
-232.128000E-06,-201.005026698E-03
-232.120000E-06,-201.005026698E-03
-232.112000E-06,-402.010053357E-03
-232.104000E-06,-201.005026738E-03
-232.096000E-06,-201.005026698E-03
-232.088000E-06,-201.005026698E-03
-232.080000E-06,-201.005026698E-03
-232.072000E-06,-201.005026698E-03
-232.064000E-06,-201.005026698E-03
-232.056000E-06,-201.005026698E-03
-232.048000E-06,-201.005026698E-03
-232.040000E-06,-201.005026698E-03
-232.032000E-06,-201.005026698E-03
-232.024000E-06,-201.005026698E-03
-232.016000E-06,-402.010053354E-03
-232.008000E-06,-201.005026741E-03
-232.000000E-06,-402.010053353E-03
-231.992000E-06,-201.005026741E-03
-231.984000E-06,-201.005026698E-03
-231.976000E-06,-402.010053352E-03
-231.968000E-06,-201.005026742E-03
-231.960000E-06,-402.010053352E-03
-231.952000E-06,-201.005026743E-03
-231.944000E-06,-201.005026698E-03
-231.936000E-06,-402.010053351E-03
-231.928000E-06,-402.010053396E-03
-231.920000E-06,-402.010053396E-03
-231.912000E-06,-201.005026744E-03
-231.904000E-06,-201.005026698E-03
-231.896000E-06,-201.005026698E-03
-231.888000E-06,-201.005026698E-03
-231.880000E-06,-402.010053349E-03
-231.872000E-06,-201.005026745E-03
-231.864000E-06,-201.005026698E-03
-231.856000E-06,-402.010053349E-03
-231.848000E-06,-201.005026746E-03
-231.840000E-06,-402.010053348E-03
-231.832000E-06,-201.005026746E-03
-231.824000E-06,-201.005026698E-03
-231.816000E-06,-201.005026698E-03
-231.808000E-06,-402.010053347E-03
-231.800000E-06,-201.005026747E-03
-231.792000E-06,-402.010053347E-03
-231.784000E-06,-402.010053396E-03
-231.776000E-06,-201.005026748E-03
-231.768000E-06,-402.010053347E-03
-231.760000E-06,-201.005026749E-03
-231.752000E-06,-402.010053346E-03
-231.744000E-06,-402.010053396E-03
-231.736000E-06,-201.005026749E-03
-231.728000E-06,-201.005026698E-03
-231.720000E-06,-201.005026698E-03
-231.712000E-06,-201.005026698E-03
-231.704000E-06,-201.005026698E-03
-231.696000E-06,-402.010053344E-03
-231.688000E-06,-402.010053396E-03
-231.680000E-06,-402.010053396E-03
-231.672000E-06,-402.010053396E-03
-231.664000E-06,-402.010053396E-03
-231.656000E-06,-201.005026751E-03
-231.648000E-06,-402.010053343E-03
-231.640000E-06,-201.005026752E-03
-231.632000E-06,-201.005026698E-03
-231.624000E-06,-402.010053342E-03
-231.616000E-06,-201.005026753E-03
-231.608000E-06,-201.005026698E-03
-231.600000E-06,-402.010053341E-03
-231.592000E-06,-402.010053396E-03
-231.584000E-06,-201.005026754E-03
-231.576000E-06,-201.005026698E-03
-231.568000E-06,-201.005026698E-03
-231.560000E-06,-201.005026698E-03
-231.552000E-06,-201.005026698E-03
-231.544000E-06,-402.010053339E-03
-231.536000E-06,-402.010053396E-03
-231.528000E-06,-402.010053396E-03
-231.520000E-06,-402.010053396E-03
-231.512000E-06,-402.010053396E-03
-231.504000E-06,-201.005026756E-03
-231.496000E-06,-201.005026698E-03
-231.488000E-06,-201.005026698E-03
-231.480000E-06,-201.005026698E-03
-231.472000E-06,-201.005026698E-03
-231.464000E-06,-201.005026698E-03
-231.456000E-06,-402.010053337E-03
-231.448000E-06,-402.010053396E-03
-231.440000E-06,-201.005026758E-03
-231.432000E-06,-201.005026698E-03
-231.424000E-06,-201.005026698E-03
-231.416000E-06,-201.005026698E-03
-231.408000E-06,-201.005026698E-03
-231.400000E-06,-201.005026698E-03
-231.392000E-06,-201.005026698E-03
-231.384000E-06,-201.005026698E-03
-231.376000E-06,-402.010053334E-03
-231.368000E-06,-402.010053396E-03
-231.360000E-06,-402.010053396E-03
-231.352000E-06,-201.005026761E-03
-231.344000E-06,-201.005026698E-03
-231.336000E-06,-201.005026698E-03
-231.328000E-06,-201.005026698E-03
-231.320000E-06,-402.010053333E-03
-231.312000E-06,-201.005026762E-03
-231.304000E-06,-402.010053332E-03
-231.296000E-06,-201.005026762E-03
-231.288000E-06,-201.005026698E-03
-231.280000E-06,-402.010053331E-03
-231.272000E-06,-201.005026763E-03
-231.264000E-06,-402.010053331E-03
-231.256000E-06,-201.005026763E-03
-231.248000E-06,-402.010053330E-03
-231.240000E-06,-402.010053396E-03
-231.232000E-06,-201.005026764E-03
-231.224000E-06,-402.010053330E-03
-231.216000E-06,-402.010053396E-03
-231.208000E-06,-201.005026765E-03
-231.200000E-06,-201.005026698E-03
-231.192000E-06,-402.010053329E-03
-231.184000E-06,-402.010053396E-03
-231.176000E-06,-201.005026766E-03
-231.168000E-06,-201.005026698E-03
-231.160000E-06,-402.010053328E-03
-231.152000E-06,-402.010053396E-03
-231.144000E-06,-201.005026767E-03
-231.136000E-06,-201.005026698E-03
-231.128000E-06,-201.005026698E-03
-231.120000E-06,-402.010053327E-03
-231.112000E-06,-402.010053396E-03
-231.104000E-06,-402.010053396E-03
-231.096000E-06,-402.010053396E-03
-231.088000E-06,-402.010053396E-03
-231.080000E-06,-201.005026769E-03
-231.072000E-06,-402.010053325E-03
-231.064000E-06,-402.010053396E-03
-231.056000E-06,-201.005026770E-03
-231.048000E-06,-201.005026698E-03
-231.040000E-06,-402.010053325E-03
-231.032000E-06,-402.010053396E-03
-231.024000E-06,-402.010053396E-03
-231.016000E-06,-402.010053396E-03
-231.008000E-06,-402.010053396E-03
-231.000000E-06,-201.005026771E-03
-230.992000E-06,-201.005026698E-03
-230.984000E-06,-402.010053322E-03
-230.976000E-06,-201.005026772E-03
-230.968000E-06,-402.010053322E-03
-230.960000E-06,-201.005026773E-03
-230.952000E-06,-402.010053322E-03
-230.944000E-06,-402.010053396E-03
-230.936000E-06,-201.005026773E-03
-230.928000E-06,-402.010053321E-03
-230.920000E-06,-201.005026773E-03
-230.912000E-06,-201.005026698E-03
-230.904000E-06,-402.010053320E-03
-230.896000E-06,-402.010053396E-03
-230.888000E-06,-402.010053396E-03
-230.880000E-06,-201.005026775E-03
-230.872000E-06,-201.005026698E-03
-230.864000E-06,-402.010053319E-03
-230.856000E-06,-402.010053396E-03
-230.848000E-06,-201.005026776E-03
-230.840000E-06,-201.005026698E-03
-230.832000E-06,-402.010053318E-03
-230.824000E-06,-402.010053396E-03
-230.816000E-06,-402.010053396E-03
-230.808000E-06,-402.010053396E-03
-230.800000E-06,-402.010053396E-03
-230.792000E-06,-402.010053396E-03
-230.784000E-06,-402.010053396E-03
-230.776000E-06,-201.005026778E-03
-230.768000E-06,-201.005026698E-03
-230.760000E-06,-201.005026698E-03
-230.752000E-06,-402.010053316E-03
-230.744000E-06,-201.005026779E-03
-230.736000E-06,-402.010053315E-03
-230.728000E-06,-201.005026779E-03
-230.720000E-06,-201.005026698E-03
-230.712000E-06,-402.010053314E-03
-230.704000E-06,-402.010053396E-03
-230.696000E-06,-402.010053396E-03
-230.688000E-06,-402.010053396E-03
-230.680000E-06,-402.010053396E-03
-230.672000E-06,-402.010053396E-03
-230.664000E-06,-402.010053396E-03
-230.656000E-06,-201.005026781E-03
-230.648000E-06,-402.010053313E-03
-230.640000E-06,-402.010053396E-03
-230.632000E-06,-201.005026782E-03
-230.624000E-06,-201.005026698E-03
-230.616000E-06,-201.005026698E-03
-230.608000E-06,-402.010053311E-03
-230.600000E-06,-201.005026783E-03
-230.592000E-06,-402.010053311E-03
-230.584000E-06,-402.010053396E-03
-230.576000E-06,-201.005026784E-03
-230.568000E-06,-201.005026698E-03
-230.560000E-06,-201.005026698E-03
-230.552000E-06,-402.010053310E-03
-230.544000E-06,-402.010053396E-03
-230.536000E-06,-402.010053396E-03
-230.528000E-06,-402.010053396E-03
-230.520000E-06,-402.010053396E-03
-230.512000E-06,-402.010053396E-03
-230.504000E-06,-402.010053396E-03
-230.496000E-06,-402.010053396E-03
-230.488000E-06,-201.005026787E-03
-230.480000E-06,-201.005026698E-03
-230.472000E-06,-201.005026698E-03
-230.464000E-06,-402.010053307E-03
-230.456000E-06,-201.005026787E-03
-230.448000E-06,-402.010053306E-03
-230.440000E-06,-201.005026788E-03
-230.432000E-06,-201.005026698E-03
-230.424000E-06,-201.005026698E-03
-230.416000E-06,-402.010053306E-03
-230.408000E-06,-402.010053396E-03
-230.400000E-06,-201.005026790E-03
-230.392000E-06,-201.005026698E-03
-230.384000E-06,-402.010053305E-03
-230.376000E-06,-402.010053396E-03
-230.368000E-06,-402.010053396E-03
-230.360000E-06,-402.010053396E-03
-230.352000E-06,-402.010053396E-03
-230.344000E-06,-201.005026791E-03
-230.336000E-06,-201.005026698E-03
-230.328000E-06,-402.010053303E-03
-230.320000E-06,-402.010053396E-03
-230.312000E-06,-402.010053396E-03
-230.304000E-06,-201.005026792E-03
-230.296000E-06,-402.010053302E-03
-230.288000E-06,-402.010053396E-03
-230.280000E-06,-201.005026793E-03
-230.272000E-06,-201.005026698E-03
-230.264000E-06,-201.005026698E-03
-230.256000E-06,-201.005026698E-03
-230.248000E-06,-201.005026698E-03
-230.240000E-06,-201.005026698E-03
-230.232000E-06,-402.010053300E-03
-230.224000E-06,-201.005026795E-03
-230.216000E-06,-402.010053300E-03
-230.208000E-06,-201.005026795E-03
-230.200000E-06,-201.005026698E-03
-230.192000E-06,-402.010053299E-03
-230.184000E-06,-402.010053396E-03
-230.176000E-06,-402.010053396E-03
-230.168000E-06,-402.010053396E-03
-230.160000E-06,-402.010053396E-03
-230.152000E-06,-402.010053396E-03
-230.144000E-06,-402.010053396E-03
-230.136000E-06,-201.005026797E-03
-230.128000E-06,-402.010053297E-03
-230.120000E-06,-201.005026798E-03
-230.112000E-06,-402.010053297E-03
-230.104000E-06,-201.005026798E-03
-230.096000E-06,-402.010053296E-03
-230.088000E-06,-201.005026798E-03
-230.080000E-06,-201.005026698E-03
-230.072000E-06,-201.005026698E-03
-230.064000E-06,-402.010053295E-03
-230.056000E-06,-402.010053396E-03
-230.048000E-06,-402.010053396E-03
-230.040000E-06,-201.005026800E-03
-230.032000E-06,-402.010053294E-03
-230.024000E-06,-402.010053396E-03
-230.016000E-06,-402.010053396E-03
-230.008000E-06,-402.010053396E-03
-230.000000E-06,-201.005026801E-03
-229.992000E-06,-201.005026698E-03
-229.984000E-06,-201.005026698E-03
-229.976000E-06,-402.010053292E-03
-229.968000E-06,-201.005026802E-03
-229.960000E-06,-201.005026698E-03
-229.952000E-06,-402.010053292E-03
-229.944000E-06,-402.010053396E-03
-229.936000E-06,-402.010053396E-03
-229.928000E-06,-402.010053396E-03
-229.920000E-06,-402.010053396E-03
-229.912000E-06,-402.010053396E-03
-229.904000E-06,-402.010053396E-03
-229.896000E-06,-402.010053396E-03
-229.888000E-06,-402.010053396E-03
-229.880000E-06,-402.010053396E-03
-229.872000E-06,-402.010053396E-03
-229.864000E-06,-201.005026806E-03
-229.856000E-06,-201.005026698E-03
-229.848000E-06,-402.010053289E-03
-229.840000E-06,-402.010053396E-03
-229.832000E-06,-201.005026806E-03
-229.824000E-06,-402.010053288E-03
-229.816000E-06,-402.010053396E-03
-229.808000E-06,-402.010053396E-03
-229.800000E-06,-402.010053396E-03
-229.792000E-06,-201.005026808E-03
-229.784000E-06,-201.005026698E-03
-229.776000E-06,-402.010053287E-03
-229.768000E-06,-201.005026809E-03
-229.760000E-06,-402.010053286E-03
-229.752000E-06,-402.010053396E-03
-229.744000E-06,-402.010053396E-03
-229.736000E-06,-402.010053396E-03
-229.728000E-06,-402.010053396E-03
-229.720000E-06,-201.005026810E-03
-229.712000E-06,-402.010053284E-03
-229.704000E-06,-402.010053396E-03
-229.696000E-06,-402.010053396E-03
-229.688000E-06,-201.005026811E-03
-229.680000E-06,-402.010053284E-03
-229.672000E-06,-402.010053396E-03
-229.664000E-06,-402.010053396E-03
-229.656000E-06,-402.010053396E-03
-229.648000E-06,-402.010053396E-03
-229.640000E-06,-402.010053396E-03
-229.632000E-06,-201.005026812E-03
-229.624000E-06,-201.005026698E-03
-229.616000E-06,-201.005026698E-03
-229.608000E-06,-201.005026698E-03
-229.600000E-06,-201.005026698E-03
-229.592000E-06,-201.005026698E-03
-229.584000E-06,-402.010053281E-03
-229.576000E-06,-201.005026814E-03
-229.568000E-06,-402.010053280E-03
-229.560000E-06,-402.010053396E-03
-229.552000E-06,-201.005026814E-03
-229.544000E-06,-402.010053279E-03
-229.536000E-06,-402.010053396E-03
-229.528000E-06,-201.005026815E-03
-229.520000E-06,-201.005026698E-03
-229.512000E-06,-201.005026698E-03
-229.504000E-06,-402.010053278E-03
-229.496000E-06,-201.005026817E-03
-229.488000E-06,-201.005026698E-03
-229.480000E-06,-402.010053278E-03
-229.472000E-06,-402.010053396E-03
-229.464000E-06,-402.010053396E-03
-229.456000E-06,-402.010053396E-03
-229.448000E-06,-201.005026818E-03
-229.440000E-06,-201.005026698E-03
-229.432000E-06,-402.010053276E-03
-229.424000E-06,-201.005026819E-03
-229.416000E-06,-201.005026698E-03
-229.408000E-06,-201.005026698E-03
-229.400000E-06,-201.005026698E-03
-229.392000E-06,-402.010053275E-03
-229.384000E-06,-402.010053396E-03
-229.376000E-06,-201.005026820E-03
-229.368000E-06,-402.010053274E-03
-229.360000E-06,-402.010053396E-03
-229.352000E-06,-201.005026821E-03
-229.344000E-06,-201.005026698E-03
-229.336000E-06,-402.010053273E-03
-229.328000E-06,-402.010053396E-03
-229.320000E-06,-201.005026822E-03
-229.312000E-06,-201.005026698E-03
-229.304000E-06,-201.005026698E-03
-229.296000E-06,-201.005026698E-03
-229.288000E-06,-201.005026698E-03
-229.280000E-06,-201.005026698E-03
-229.272000E-06,-201.005026698E-03
-229.264000E-06,-402.010053271E-03
-229.256000E-06,-402.010053396E-03
-229.248000E-06,-201.005026824E-03
-229.240000E-06,-402.010053270E-03
-229.232000E-06,-201.005026825E-03
-229.224000E-06,-201.005026698E-03
-229.216000E-06,-201.005026698E-03
-229.208000E-06,-402.010053269E-03
-229.200000E-06,-402.010053396E-03
-229.192000E-06,-201.005026825E-03
-229.184000E-06,-201.005026698E-03
-229.176000E-06,-402.010053268E-03
-229.168000E-06,-402.010053396E-03
-229.160000E-06,-402.010053396E-03
-229.152000E-06,-201.005026827E-03
-229.144000E-06,-201.005026698E-03
-229.136000E-06,-201.005026698E-03
-229.128000E-06,-201.005026698E-03
-229.120000E-06,-201.005026698E-03
-229.112000E-06,-201.005026698E-03
-229.104000E-06,-402.010053266E-03
-229.096000E-06,-402.010053396E-03
-229.088000E-06,-201.005026829E-03
-229.080000E-06,-402.010053265E-03
-229.072000E-06,-402.010053396E-03
-229.064000E-06,-402.010053396E-03
-229.056000E-06,-402.010053396E-03
-229.048000E-06,-402.010053396E-03
-229.040000E-06,-201.005026830E-03
-229.032000E-06,-402.010053264E-03
-229.024000E-06,-402.010053396E-03
-229.016000E-06,-402.010053396E-03
-229.008000E-06,-201.005026831E-03
-229.000000E-06,-201.005026698E-03
-228.992000E-06,-201.005026698E-03
-228.984000E-06,-402.010053262E-03
-228.976000E-06,-201.005026832E-03
-228.968000E-06,-201.005026698E-03
-228.960000E-06,-201.005026698E-03
-228.952000E-06,-201.005026698E-03
-228.944000E-06,-201.005026698E-03
-228.936000E-06,-402.010053261E-03
-228.928000E-06,-201.005026833E-03
-228.920000E-06,-201.005026698E-03
-228.912000E-06,-402.010053260E-03
-228.904000E-06,-201.005026834E-03
-228.896000E-06,-402.010053260E-03
-228.888000E-06,-201.005026835E-03
-228.880000E-06,-201.005026698E-03
-228.872000E-06,-402.010053259E-03
-228.864000E-06,-402.010053396E-03
-228.856000E-06,-201.005026836E-03
-228.848000E-06,-201.005026698E-03
-228.840000E-06,-402.010053258E-03
-228.832000E-06,-402.010053396E-03
-228.824000E-06,-201.005026836E-03
-228.816000E-06,-402.010053257E-03
-228.808000E-06,-402.010053396E-03
-228.800000E-06,-402.010053396E-03
-228.792000E-06,-201.005026838E-03
-228.784000E-06,-201.005026698E-03
-228.776000E-06,-402.010053257E-03
-228.768000E-06,-201.005026839E-03
-228.760000E-06,-201.005026698E-03
-228.752000E-06,-201.005026698E-03
-228.744000E-06,-402.010053255E-03
-228.736000E-06,-201.005026839E-03
-228.728000E-06,-201.005026698E-03
-228.720000E-06,-201.005026698E-03
-228.712000E-06,-201.005026698E-03
-228.704000E-06,-201.005026698E-03
-228.696000E-06,-402.010053254E-03
-228.688000E-06,-201.005026841E-03
-228.680000E-06,-201.005026698E-03
-228.672000E-06,-402.010053253E-03
-228.664000E-06,-201.005026841E-03
-228.656000E-06,-201.005026698E-03
-228.648000E-06,-201.005026698E-03
-228.640000E-06,-201.005026698E-03
-228.632000E-06,-201.005026698E-03
-228.624000E-06,-201.005026698E-03
-228.616000E-06,-402.010053251E-03
-228.608000E-06,-201.005026843E-03
-228.600000E-06,-402.010053251E-03
-228.592000E-06,-201.005026844E-03
-228.584000E-06,-402.010053251E-03
-228.576000E-06,-201.005026844E-03
-228.568000E-06,-201.005026698E-03
-228.560000E-06,-402.010053250E-03
-228.552000E-06,-201.005026845E-03
-228.544000E-06,-201.005026698E-03
-228.536000E-06,-201.005026698E-03
-228.528000E-06,-201.005026698E-03
-228.520000E-06,-201.005026698E-03
-228.512000E-06,-402.010053249E-03
-228.504000E-06,-402.010053396E-03
-228.496000E-06,-201.005026847E-03
-228.488000E-06,-201.005026698E-03
-228.480000E-06,-201.005026698E-03
-228.472000E-06,-402.010053247E-03
-228.464000E-06,-201.005026847E-03
-228.456000E-06,-201.005026698E-03
-228.448000E-06,-201.005026698E-03
-228.440000E-06,-201.005026698E-03
-228.432000E-06,-201.005026698E-03
-228.424000E-06,-402.010053246E-03
-228.416000E-06,-201.005026849E-03
-228.408000E-06,-201.005026698E-03
-228.400000E-06,-402.010053245E-03
-228.392000E-06,-201.005026849E-03
-228.384000E-06,-402.010053245E-03
-228.376000E-06,-201.005026850E-03
-228.368000E-06,-201.005026698E-03
-228.360000E-06,-402.010053244E-03
-228.352000E-06,-201.005026851E-03
-228.344000E-06,-201.005026698E-03
-228.336000E-06,-201.005026698E-03
-228.328000E-06,-201.005026698E-03
-228.320000E-06,-201.005026698E-03
-228.312000E-06,-201.005026698E-03
-228.304000E-06,-201.005026698E-03
-228.296000E-06,-201.005026698E-03
-228.288000E-06,-201.005026698E-03
-228.280000E-06,-201.005026698E-03
-228.272000E-06,-201.005026698E-03
-228.264000E-06,-201.005026698E-03
-228.256000E-06,-201.005026698E-03
-228.248000E-06,-201.005026698E-03
-228.240000E-06,-201.005026698E-03
-228.232000E-06,-402.010053240E-03
-228.224000E-06,-201.005026855E-03
-228.216000E-06,-201.005026698E-03
-228.208000E-06,-201.005026698E-03
-228.200000E-06,-402.010053239E-03
-228.192000E-06,-402.010053396E-03
-228.184000E-06,-201.005026856E-03
-228.176000E-06,-201.005026698E-03
-228.168000E-06,-201.005026698E-03
-228.160000E-06,-201.005026698E-03
-228.152000E-06,-201.005026698E-03
-228.144000E-06,-201.005026698E-03
-228.136000E-06,-201.005026698E-03
-228.128000E-06,-201.005026698E-03
-228.120000E-06,-201.005026698E-03
-228.112000E-06,-201.005026698E-03
-228.104000E-06,-201.005026698E-03
-228.096000E-06,-402.010053236E-03
-228.088000E-06,-201.005026859E-03
-228.080000E-06,-201.005026698E-03
-228.072000E-06,-402.010053235E-03
-228.064000E-06,-201.005026860E-03
-228.056000E-06,-201.005026698E-03
-228.048000E-06,-201.005026698E-03
-228.040000E-06,-201.005026698E-03
-228.032000E-06,-201.005026698E-03
-228.024000E-06,-201.005026698E-03
-228.016000E-06,-201.005026698E-03
-228.008000E-06,-201.005026698E-03
-228.000000E-06,-201.005026698E-03
-227.992000E-06,-201.005026698E-03
-227.984000E-06,-201.005026698E-03
-227.976000E-06,-201.005026698E-03
-227.968000E-06,-201.005026698E-03
-227.960000E-06,-201.005026698E-03
-227.952000E-06,-201.005026698E-03
-227.944000E-06,-201.005026698E-03
-227.936000E-06,-201.005026698E-03
-227.928000E-06,-201.005026698E-03
-227.920000E-06,-201.005026698E-03
-227.912000E-06,-201.005026698E-03
-227.904000E-06,-201.005026698E-03
-227.896000E-06,-201.005026698E-03
-227.888000E-06,-201.005026698E-03
-227.880000E-06,-201.005026698E-03
-227.872000E-06,-201.005026698E-03
-227.864000E-06,-201.005026698E-03
-227.856000E-06,-201.005026698E-03
-227.848000E-06,-201.005026698E-03
-227.840000E-06,-201.005026698E-03
-227.832000E-06,-201.005026698E-03
-227.824000E-06,-201.005026698E-03
-227.816000E-06,-402.010053227E-03
-227.808000E-06,-402.010053396E-03
-227.800000E-06,-201.005026867E-03
-227.792000E-06,-201.005026698E-03
-227.784000E-06,-201.005026698E-03
-227.776000E-06,-201.005026698E-03
-227.768000E-06,-201.005026698E-03
-227.760000E-06,-201.005026698E-03
-227.752000E-06,-201.005026698E-03
-227.744000E-06,-201.005026698E-03
-227.736000E-06,-201.005026698E-03
-227.728000E-06,-201.005026698E-03
-227.720000E-06,-201.005026698E-03
-227.712000E-06,-201.005026698E-03
-227.704000E-06,-201.005026698E-03
-227.696000E-06,-201.005026698E-03
-227.688000E-06,-201.005026698E-03
-227.680000E-06,-201.005026698E-03
-227.672000E-06,-201.005026698E-03
-227.664000E-06,-201.005026698E-03
-227.656000E-06,-201.005026698E-03
-227.648000E-06,-201.005026698E-03
-227.640000E-06,-201.005026698E-03
-227.632000E-06,-201.005026698E-03
-227.624000E-06,-201.005026698E-03
-227.616000E-06,-201.005026698E-03
-227.608000E-06,-201.005026698E-03
-227.600000E-06,-201.005026698E-03
-227.592000E-06,-201.005026698E-03
-227.584000E-06,-201.005026698E-03
-227.576000E-06,-201.005026698E-03
-227.568000E-06,-201.005026698E-03
-227.560000E-06,-201.005026698E-03
-227.552000E-06,-201.005026698E-03
-227.544000E-06,-201.005026698E-03
-227.536000E-06,-201.005026698E-03
-227.528000E-06,-201.005026698E-03
-227.520000E-06,-201.005026698E-03
-227.512000E-06,-402.010053219E-03
-227.504000E-06,-402.010053396E-03
-227.496000E-06,-201.005026877E-03
-227.488000E-06,-201.005026698E-03
-227.480000E-06,-201.005026698E-03
-227.472000E-06,-201.005026698E-03
-227.464000E-06,-201.005026698E-03
-227.456000E-06,-201.005026698E-03
-227.448000E-06,-201.005026698E-03
-227.440000E-06,-201.005026698E-03
-227.432000E-06,-201.005026698E-03
-227.424000E-06,-201.005026698E-03
-227.416000E-06,-181E-12
-227.408000E-06,-201.005026517E-03
-227.400000E-06,-201.005026698E-03
-227.392000E-06,-201.005026698E-03
-227.384000E-06,-201.005026698E-03
-227.376000E-06,-201.005026698E-03
-227.368000E-06,-201.005026698E-03
-227.360000E-06,-201.005026698E-03
-227.352000E-06,-201.005026698E-03
-227.344000E-06,-183E-12
-227.336000E-06,-201.005026515E-03
-227.328000E-06,-402.010053213E-03
-227.320000E-06,-201.005026882E-03
-227.312000E-06,-201.005026698E-03
-227.304000E-06,-201.005026698E-03
-227.296000E-06,-201.005026698E-03
-227.288000E-06,-201.005026698E-03
-227.280000E-06,-201.005026698E-03
-227.272000E-06,-201.005026698E-03
-227.264000E-06,-201.005026698E-03
-227.256000E-06,-201.005026698E-03
-227.248000E-06,-201.005026698E-03
-227.240000E-06,-201.005026698E-03
-227.232000E-06,-201.005026698E-03
-227.224000E-06,-201.005026698E-03
-227.216000E-06,-201.005026698E-03
-227.208000E-06,-201.005026698E-03
-227.200000E-06,-201.005026698E-03
-227.192000E-06,-201.005026698E-03
-227.184000E-06,-201.005026698E-03
-227.176000E-06,-201.005026698E-03
-227.168000E-06,-201.005026698E-03
-227.160000E-06,-201.005026698E-03
-227.152000E-06,-201.005026698E-03
-227.144000E-06,-189E-12
-227.136000E-06,-201.005026509E-03
-227.128000E-06,-201.005026698E-03
-227.120000E-06,-201.005026698E-03
-227.112000E-06,-201.005026698E-03
-227.104000E-06,-201.005026698E-03
-227.096000E-06,-201.005026698E-03
-227.088000E-06,-201.005026698E-03
-227.080000E-06,-201.005026698E-03
-227.072000E-06,-201.005026698E-03
-227.064000E-06,-201.005026698E-03
-227.056000E-06,-201.005026698E-03
-227.048000E-06,-201.005026698E-03
-227.040000E-06,-201.005026698E-03
-227.032000E-06,-201.005026698E-03
-227.024000E-06,-201.005026698E-03
-227.016000E-06,-201.005026698E-03
-227.008000E-06,-201.005026698E-03
-227.000000E-06,-201.005026698E-03
-226.992000E-06,-402.010053202E-03
-226.984000E-06,-201.005026892E-03
-226.976000E-06,-201.005026698E-03
-226.968000E-06,-201.005026698E-03
-226.960000E-06,-201.005026698E-03
-226.952000E-06,-201.005026698E-03
-226.944000E-06,-195E-12
-226.936000E-06,-201.005026503E-03
-226.928000E-06,-201.005026698E-03
-226.920000E-06,-201.005026698E-03
-226.912000E-06,-201.005026698E-03
-226.904000E-06,-201.005026698E-03
-226.896000E-06,-197E-12
-226.888000E-06,-201.005026501E-03
-226.880000E-06,-197E-12
-226.872000E-06,-201.005026501E-03
-226.864000E-06,-201.005026698E-03
-226.856000E-06,-201.005026698E-03
-226.848000E-06,-201.005026698E-03
-226.840000E-06,-201.005026698E-03
-226.832000E-06,-201.005026698E-03
-226.824000E-06,-201.005026698E-03
-226.816000E-06,-201.005026698E-03
-226.808000E-06,-201.005026698E-03
-226.800000E-06,-201.005026698E-03
-226.792000E-06,-201.005026698E-03
-226.784000E-06,-201.005026698E-03
-226.776000E-06,-201.005026698E-03
-226.768000E-06,-200E-12
-226.760000E-06,-201.005026498E-03
-226.752000E-06,-201.005026698E-03
-226.744000E-06,-201.005026698E-03
-226.736000E-06,-201.005026698E-03
-226.728000E-06,-201E-12
-226.720000E-06,-201.005026496E-03
-226.712000E-06,-201.005026698E-03
-226.704000E-06,-201.005026698E-03
-226.696000E-06,-201.005026698E-03
-226.688000E-06,-201.005026698E-03
-226.680000E-06,-201.005026698E-03
-226.672000E-06,-201.005026698E-03
-226.664000E-06,-201.005026698E-03
-226.656000E-06,-201.005026698E-03
-226.648000E-06,-201.005026698E-03
-226.640000E-06,-201.005026698E-03
-226.632000E-06,-201.005026698E-03
-226.624000E-06,-201.005026698E-03
-226.616000E-06,-201.005026698E-03
-226.608000E-06,-201.005026698E-03
-226.600000E-06,-201.005026698E-03
-226.592000E-06,-205E-12
-226.584000E-06,-201.005026493E-03
-226.576000E-06,-201.005026698E-03
-226.568000E-06,-201.005026698E-03
-226.560000E-06,-201.005026698E-03
-226.552000E-06,-201.005026698E-03
-226.544000E-06,-201.005026698E-03
-226.536000E-06,-201.005026698E-03
-226.528000E-06,-208E-12
-226.520000E-06,+0.0E+00
-226.512000E-06,-201.005026490E-03
-226.504000E-06,-208E-12
-226.496000E-06,-201.005026490E-03
-226.488000E-06,-201.005026698E-03
-226.480000E-06,-201.005026698E-03
-226.472000E-06,-201.005026698E-03
-226.464000E-06,-201.005026698E-03
-226.456000E-06,-201.005026698E-03
-226.448000E-06,-201.005026698E-03
-226.440000E-06,-201.005026698E-03
-226.432000E-06,-211E-12
-226.424000E-06,-201.005026488E-03
-226.416000E-06,-201.005026698E-03
-226.408000E-06,-201.005026698E-03
-226.400000E-06,-201.005026698E-03
-226.392000E-06,-201.005026698E-03
-226.384000E-06,-201.005026698E-03
-226.376000E-06,-201.005026698E-03
-226.368000E-06,-201.005026698E-03
-226.360000E-06,-201.005026698E-03
-226.352000E-06,-201.005026698E-03
-226.344000E-06,-201.005026698E-03
-226.336000E-06,-201.005026698E-03
-226.328000E-06,-201.005026698E-03
-226.320000E-06,-201.005026698E-03
-226.312000E-06,-214E-12
-226.304000E-06,-201.005026484E-03
-226.296000E-06,-201.005026698E-03
-226.288000E-06,-201.005026698E-03
-226.280000E-06,-201.005026698E-03
-226.272000E-06,-215E-12
-226.264000E-06,-201.005026482E-03
-226.256000E-06,-201.005026698E-03
-226.248000E-06,-216E-12
-226.240000E-06,-201.005026482E-03
-226.232000E-06,-201.005026698E-03
-226.224000E-06,-201.005026698E-03
-226.216000E-06,-216E-12
-226.208000E-06,-201.005026481E-03
-226.200000E-06,-217E-12
-226.192000E-06,-201.005026481E-03
-226.184000E-06,-201.005026698E-03
-226.176000E-06,-201.005026698E-03
-226.168000E-06,-218E-12
-226.160000E-06,+0.0E+00
-226.152000E-06,-201.005026479E-03
-226.144000E-06,-201.005026698E-03
-226.136000E-06,-219E-12
-226.128000E-06,+0.0E+00
-226.120000E-06,-201.005026479E-03
-226.112000E-06,-201.005026698E-03
-226.104000E-06,-220E-12
-226.096000E-06,+0.0E+00
-226.088000E-06,+0.0E+00
-226.080000E-06,-201.005026477E-03
-226.072000E-06,-221E-12
-226.064000E-06,-201.005026477E-03
-226.056000E-06,-201.005026698E-03
-226.048000E-06,-222E-12
-226.040000E-06,-201.005026476E-03
-226.032000E-06,-201.005026698E-03
-226.024000E-06,-201.005026698E-03
-226.016000E-06,-223E-12
-226.008000E-06,-201.005026475E-03
-226.000000E-06,-223E-12
-225.992000E-06,+0.0E+00
-225.984000E-06,+0.0E+00
-225.976000E-06,-201.005026474E-03
-225.968000E-06,-201.005026698E-03
-225.960000E-06,-224E-12
-225.952000E-06,+0.0E+00
-225.944000E-06,+0.0E+00
-225.936000E-06,+0.0E+00
-225.928000E-06,+0.0E+00
-225.920000E-06,+0.0E+00
-225.912000E-06,+0.0E+00
-225.904000E-06,-201.005026472E-03
-225.896000E-06,-227E-12
-225.888000E-06,-201.005026471E-03
-225.880000E-06,-201.005026698E-03
-225.872000E-06,-201.005026698E-03
-225.864000E-06,-201.005026698E-03
-225.856000E-06,-227E-12
-225.848000E-06,+0.0E+00
-225.840000E-06,+0.0E+00
-225.832000E-06,-201.005026470E-03
-225.824000E-06,-229E-12
-225.816000E-06,-201.005026469E-03
-225.808000E-06,-229E-12
-225.800000E-06,-201.005026468E-03
-225.792000E-06,-201.005026698E-03
-225.784000E-06,-201.005026698E-03
-225.776000E-06,-201.005026698E-03
-225.768000E-06,-230E-12
-225.760000E-06,+0.0E+00
-225.752000E-06,-201.005026467E-03
-225.744000E-06,-201.005026698E-03
-225.736000E-06,-231E-12
-225.728000E-06,-201.005026466E-03
-225.720000E-06,-232E-12
-225.712000E-06,-201.005026466E-03
-225.704000E-06,-201.005026698E-03
-225.696000E-06,-201.005026698E-03
-225.688000E-06,-233E-12
-225.680000E-06,+0.0E+00
-225.672000E-06,+0.0E+00
-225.664000E-06,+0.0E+00
-225.656000E-06,-201.005026465E-03
-225.648000E-06,-201.005026698E-03
-225.640000E-06,-201.005026698E-03
-225.632000E-06,-201.005026698E-03
-225.624000E-06,-235E-12
-225.616000E-06,-201.005026463E-03
-225.608000E-06,-235E-12
-225.600000E-06,-201.005026463E-03
-225.592000E-06,-235E-12
-225.584000E-06,+0.0E+00
-225.576000E-06,+0.0E+00
-225.568000E-06,+0.0E+00
-225.560000E-06,+0.0E+00
-225.552000E-06,-201.005026461E-03
-225.544000E-06,-237E-12
-225.536000E-06,+0.0E+00
-225.528000E-06,-201.005026460E-03
-225.520000E-06,-201.005026698E-03
-225.512000E-06,-201.005026698E-03
-225.504000E-06,-238E-12
-225.496000E-06,-201.005026460E-03
-225.488000E-06,-238E-12
-225.480000E-06,-201.005026459E-03
-225.472000E-06,-239E-12
-225.464000E-06,+0.0E+00
-225.456000E-06,+0.0E+00
-225.448000E-06,+0.0E+00
-225.440000E-06,+0.0E+00
-225.432000E-06,+0.0E+00
-225.424000E-06,+0.0E+00
-225.416000E-06,+0.0E+00
-225.408000E-06,+0.0E+00
-225.400000E-06,+0.0E+00
-225.392000E-06,+0.0E+00
-225.384000E-06,-201.005026456E-03
-225.376000E-06,-242E-12
-225.368000E-06,-201.005026456E-03
-225.360000E-06,-243E-12
-225.352000E-06,-201.005026455E-03
-225.344000E-06,-201.005026698E-03
-225.336000E-06,-244E-12
-225.328000E-06,+0.0E+00
-225.320000E-06,-201.005026455E-03
-225.312000E-06,-244E-12
-225.304000E-06,-201.005026454E-03
-225.296000E-06,-244E-12
-225.288000E-06,+0.0E+00
-225.280000E-06,-201.005026453E-03
-225.272000E-06,-201.005026698E-03
-225.264000E-06,-246E-12
-225.256000E-06,+0.0E+00
-225.248000E-06,+0.0E+00
-225.240000E-06,-201.005026452E-03
-225.232000E-06,-246E-12
-225.224000E-06,-201.005026452E-03
-225.216000E-06,-247E-12
-225.208000E-06,-201.005026451E-03
-225.200000E-06,-201.005026698E-03
-225.192000E-06,-248E-12
-225.184000E-06,+0.0E+00
-225.176000E-06,+0.0E+00
-225.168000E-06,+0.0E+00
-225.160000E-06,+0.0E+00
-225.152000E-06,+0.0E+00
-225.144000E-06,-201.005026449E-03
-225.136000E-06,-201.005026698E-03
-225.128000E-06,-201.005026698E-03
-225.120000E-06,-249E-12
-225.112000E-06,-201.005026448E-03
-225.104000E-06,-250E-12
-225.096000E-06,+0.0E+00
-225.088000E-06,+0.0E+00
-225.080000E-06,+0.0E+00
-225.072000E-06,+0.0E+00
-225.064000E-06,-201.005026447E-03
-225.056000E-06,-252E-12
-225.048000E-06,+0.0E+00
-225.040000E-06,+0.0E+00
-225.032000E-06,-201.005026446E-03
-225.024000E-06,-252E-12
-225.016000E-06,+0.0E+00
-225.008000E-06,+0.0E+00
-225.000000E-06,+0.0E+00
-224.992000E-06,+0.0E+00
-224.984000E-06,+0.0E+00
-224.976000E-06,+0.0E+00
-224.968000E-06,-201.005026444E-03
-224.960000E-06,-254E-12
-224.952000E-06,+0.0E+00
-224.944000E-06,+0.0E+00
-224.936000E-06,-201.005026443E-03
-224.928000E-06,-255E-12
-224.920000E-06,+0.0E+00
-224.912000E-06,+0.0E+00
-224.904000E-06,+0.0E+00
-224.896000E-06,-201.005026441E-03
-224.888000E-06,-257E-12
-224.880000E-06,-201.005026441E-03
-224.872000E-06,-257E-12
-224.864000E-06,+0.0E+00
-224.856000E-06,+0.0E+00
-224.848000E-06,+0.0E+00
-224.840000E-06,+0.0E+00
-224.832000E-06,+0.0E+00
-224.824000E-06,-201.005026439E-03
-224.816000E-06,-259E-12
-224.808000E-06,+0.0E+00
-224.800000E-06,+0.0E+00
-224.792000E-06,-201.005026439E-03
-224.784000E-06,-260E-12
-224.776000E-06,+0.0E+00
-224.768000E-06,+0.0E+00
-224.760000E-06,+0.0E+00
-224.752000E-06,+0.0E+00
-224.744000E-06,-201.005026437E-03
-224.736000E-06,-201.005026698E-03
-224.728000E-06,-262E-12
-224.720000E-06,+0.0E+00
-224.712000E-06,+0.0E+00
-224.704000E-06,+0.0E+00
-224.696000E-06,+0.0E+00
-224.688000E-06,+0.0E+00
-224.680000E-06,+0.0E+00
-224.672000E-06,+0.0E+00
-224.664000E-06,+0.0E+00
-224.656000E-06,+0.0E+00
-224.648000E-06,+0.0E+00
-224.640000E-06,+0.0E+00
-224.632000E-06,-201.005026433E-03
-224.624000E-06,-265E-12
-224.616000E-06,+0.0E+00
-224.608000E-06,+0.0E+00
-224.600000E-06,-201.005026433E-03
-224.592000E-06,-265E-12
-224.584000E-06,+0.0E+00
-224.576000E-06,+0.0E+00
-224.568000E-06,+0.0E+00
-224.560000E-06,+0.0E+00
-224.552000E-06,+0.0E+00
-224.544000E-06,+0.0E+00
-224.536000E-06,+0.0E+00
-224.528000E-06,+0.0E+00
-224.520000E-06,+0.0E+00
-224.512000E-06,+0.0E+00
-224.504000E-06,+0.0E+00
-224.496000E-06,+0.0E+00
-224.488000E-06,+0.0E+00
-224.480000E-06,+0.0E+00
-224.472000E-06,+0.0E+00
-224.464000E-06,+0.0E+00
-224.456000E-06,+0.0E+00
-224.448000E-06,+0.0E+00
-224.440000E-06,+0.0E+00
-224.432000E-06,+0.0E+00
-224.424000E-06,+0.0E+00
-224.416000E-06,+0.0E+00
-224.408000E-06,+0.0E+00
-224.400000E-06,+0.0E+00
-224.392000E-06,+0.0E+00
-224.384000E-06,-201.005026426E-03
-224.376000E-06,-272E-12
-224.368000E-06,+0.0E+00
-224.360000E-06,+0.0E+00
-224.352000E-06,+0.0E+00
-224.344000E-06,-201.005026425E-03
-224.336000E-06,-273E-12
-224.328000E-06,+0.0E+00
-224.320000E-06,+0.0E+00
-224.312000E-06,+0.0E+00
-224.304000E-06,+0.0E+00
-224.296000E-06,+0.0E+00
-224.288000E-06,+0.0E+00
-224.280000E-06,+0.0E+00
-224.272000E-06,+0.0E+00
-224.264000E-06,+0.0E+00
-224.256000E-06,+0.0E+00
-224.248000E-06,+0.0E+00
-224.240000E-06,-201.005026422E-03
-224.232000E-06,-276E-12
-224.224000E-06,+0.0E+00
-224.216000E-06,+0.0E+00
-224.208000E-06,+0.0E+00
-224.200000E-06,-201.005026421E-03
-224.192000E-06,-278E-12
-224.184000E-06,+0.0E+00
-224.176000E-06,+0.0E+00
-224.168000E-06,+0.0E+00
-224.160000E-06,+0.0E+00
-224.152000E-06,+0.0E+00
-224.144000E-06,+0.0E+00
-224.136000E-06,+0.0E+00
-224.128000E-06,+0.0E+00
-224.120000E-06,+0.0E+00
-224.112000E-06,-201.005026418E-03
-224.104000E-06,-280E-12
-224.096000E-06,+0.0E+00
-224.088000E-06,+0.0E+00
-224.080000E-06,-201.005026417E-03
-224.072000E-06,-282E-12
-224.064000E-06,+0.0E+00
-224.056000E-06,+0.0E+00
-224.048000E-06,+0.0E+00
-224.040000E-06,+201.005026416E-03
-224.032000E-06,+282E-12
-224.024000E-06,+0.0E+00
-224.016000E-06,+0.0E+00
-224.008000E-06,+0.0E+00
-224.000000E-06,+0.0E+00
-223.992000E-06,-201.005026414E-03
-223.984000E-06,-284E-12
-223.976000E-06,+0.0E+00
-223.968000E-06,+0.0E+00
-223.960000E-06,+0.0E+00
-223.952000E-06,+0.0E+00
-223.944000E-06,+0.0E+00
-223.936000E-06,+0.0E+00
-223.928000E-06,+0.0E+00
-223.920000E-06,+0.0E+00
-223.912000E-06,+0.0E+00
-223.904000E-06,-201.005026412E-03
-223.896000E-06,-287E-12
-223.888000E-06,+0.0E+00
-223.880000E-06,+0.0E+00
-223.872000E-06,+0.0E+00
-223.864000E-06,+0.0E+00
-223.856000E-06,+0.0E+00
-223.848000E-06,+0.0E+00
-223.840000E-06,+0.0E+00
-223.832000E-06,+0.0E+00
-223.824000E-06,+0.0E+00
-223.816000E-06,+0.0E+00
-223.808000E-06,+201.005026409E-03
-223.800000E-06,+290E-12
-223.792000E-06,+0.0E+00
-223.784000E-06,+0.0E+00
-223.776000E-06,+0.0E+00
-223.768000E-06,+0.0E+00
-223.760000E-06,+0.0E+00
-223.752000E-06,+0.0E+00
-223.744000E-06,+0.0E+00
-223.736000E-06,+0.0E+00
-223.728000E-06,+0.0E+00
-223.720000E-06,+0.0E+00
-223.712000E-06,+0.0E+00
-223.704000E-06,+0.0E+00
-223.696000E-06,+0.0E+00
-223.688000E-06,+0.0E+00
-223.680000E-06,+0.0E+00
-223.672000E-06,+0.0E+00
-223.664000E-06,+0.0E+00
-223.656000E-06,+0.0E+00
-223.648000E-06,+0.0E+00
-223.640000E-06,+0.0E+00
-223.632000E-06,+0.0E+00
-223.624000E-06,+0.0E+00
-223.616000E-06,+0.0E+00
-223.608000E-06,+0.0E+00
-223.600000E-06,+0.0E+00
-223.592000E-06,+0.0E+00
-223.584000E-06,+0.0E+00
-223.576000E-06,+0.0E+00
-223.568000E-06,+0.0E+00
-223.560000E-06,-201.005026401E-03
-223.552000E-06,-297E-12
-223.544000E-06,+0.0E+00
-223.536000E-06,+0.0E+00
-223.528000E-06,+0.0E+00
-223.520000E-06,+0.0E+00
-223.512000E-06,+0.0E+00
-223.504000E-06,+0.0E+00
-223.496000E-06,+0.0E+00
-223.488000E-06,+0.0E+00
-223.480000E-06,+0.0E+00
-223.472000E-06,+0.0E+00
-223.464000E-06,-201.005026398E-03
-223.456000E-06,-300E-12
-223.448000E-06,+0.0E+00
-223.440000E-06,+0.0E+00
-223.432000E-06,+0.0E+00
-223.424000E-06,+0.0E+00
-223.416000E-06,+0.0E+00
-223.408000E-06,+0.0E+00
-223.400000E-06,+0.0E+00
-223.392000E-06,+0.0E+00
-223.384000E-06,+201.005026396E-03
-223.376000E-06,+302E-12
-223.368000E-06,+0.0E+00
-223.360000E-06,+0.0E+00
-223.352000E-06,+0.0E+00
-223.344000E-06,+0.0E+00
-223.336000E-06,+0.0E+00
-223.328000E-06,+0.0E+00
-223.320000E-06,+0.0E+00
-223.312000E-06,+0.0E+00
-223.304000E-06,+201.005026394E-03
-223.296000E-06,+304E-12
-223.288000E-06,+0.0E+00
-223.280000E-06,+0.0E+00
-223.272000E-06,-201.005026393E-03
-223.264000E-06,-306E-12
-223.256000E-06,+0.0E+00
-223.248000E-06,+0.0E+00
-223.240000E-06,+0.0E+00
-223.232000E-06,+0.0E+00
-223.224000E-06,+0.0E+00
-223.216000E-06,-201.005026391E-03
-223.208000E-06,-307E-12
-223.200000E-06,+0.0E+00
-223.192000E-06,+0.0E+00
-223.184000E-06,+0.0E+00
-223.176000E-06,+0.0E+00
-223.168000E-06,+0.0E+00
-223.160000E-06,+0.0E+00
-223.152000E-06,+201.005026390E-03
-223.144000E-06,+309E-12
-223.136000E-06,+0.0E+00
-223.128000E-06,+0.0E+00
-223.120000E-06,+0.0E+00
-223.112000E-06,+0.0E+00
-223.104000E-06,+0.0E+00
-223.096000E-06,+0.0E+00
-223.088000E-06,+201.005026387E-03
-223.080000E-06,+311E-12
-223.072000E-06,+0.0E+00
-223.064000E-06,+0.0E+00
-223.056000E-06,+0.0E+00
-223.048000E-06,+0.0E+00
-223.040000E-06,+0.0E+00
-223.032000E-06,+0.0E+00
-223.024000E-06,+0.0E+00
-223.016000E-06,+0.0E+00
-223.008000E-06,+201.005026385E-03
-223.000000E-06,+314E-12
-222.992000E-06,+0.0E+00
-222.984000E-06,+0.0E+00
-222.976000E-06,-201.005026384E-03
-222.968000E-06,-314E-12
-222.960000E-06,+0.0E+00
-222.952000E-06,+0.0E+00
-222.944000E-06,+0.0E+00
-222.936000E-06,+0.0E+00
-222.928000E-06,+0.0E+00
-222.920000E-06,+0.0E+00
-222.912000E-06,+201.005026382E-03
-222.904000E-06,+317E-12
-222.896000E-06,+0.0E+00
-222.888000E-06,+0.0E+00
-222.880000E-06,+0.0E+00
-222.872000E-06,+0.0E+00
-222.864000E-06,+0.0E+00
-222.856000E-06,+0.0E+00
-222.848000E-06,+0.0E+00
-222.840000E-06,+0.0E+00
-222.832000E-06,+0.0E+00
-222.824000E-06,+0.0E+00
-222.816000E-06,+0.0E+00
-222.808000E-06,+0.0E+00
-222.800000E-06,+0.0E+00
-222.792000E-06,+0.0E+00
-222.784000E-06,+0.0E+00
-222.776000E-06,+0.0E+00
-222.768000E-06,+201.005026378E-03
-222.760000E-06,+320E-12
-222.752000E-06,+0.0E+00
-222.744000E-06,+0.0E+00
-222.736000E-06,-201.005026377E-03
-222.728000E-06,-322E-12
-222.720000E-06,+0.0E+00
-222.712000E-06,+0.0E+00
-222.704000E-06,+0.0E+00
-222.696000E-06,+0.0E+00
-222.688000E-06,+0.0E+00
-222.680000E-06,+0.0E+00
-222.672000E-06,+0.0E+00
-222.664000E-06,+0.0E+00
-222.656000E-06,+0.0E+00
-222.648000E-06,+0.0E+00
-222.640000E-06,+0.0E+00
-222.632000E-06,+0.0E+00
-222.624000E-06,+201.005026373E-03
-222.616000E-06,+325E-12
-222.608000E-06,+0.0E+00
-222.600000E-06,+0.0E+00
-222.592000E-06,+0.0E+00
-222.584000E-06,+0.0E+00
-222.576000E-06,+0.0E+00
-222.568000E-06,+0.0E+00
-222.560000E-06,+0.0E+00
-222.552000E-06,+0.0E+00
-222.544000E-06,+0.0E+00
-222.536000E-06,+0.0E+00
-222.528000E-06,+0.0E+00
-222.520000E-06,+0.0E+00
-222.512000E-06,+0.0E+00
-222.504000E-06,+0.0E+00
-222.496000E-06,+0.0E+00
-222.488000E-06,+0.0E+00
-222.480000E-06,+0.0E+00
-222.472000E-06,+0.0E+00
-222.464000E-06,+0.0E+00
-222.456000E-06,+0.0E+00
-222.448000E-06,+0.0E+00
-222.440000E-06,+0.0E+00
-222.432000E-06,+0.0E+00
-222.424000E-06,+0.0E+00
-222.416000E-06,+0.0E+00
-222.408000E-06,+0.0E+00
-222.400000E-06,+0.0E+00
-222.392000E-06,+0.0E+00
-222.384000E-06,+0.0E+00
-222.376000E-06,+0.0E+00
-222.368000E-06,+0.0E+00
-222.360000E-06,+0.0E+00
-222.352000E-06,+0.0E+00
-222.344000E-06,+0.0E+00
-222.336000E-06,+0.0E+00
-222.328000E-06,+0.0E+00
-222.320000E-06,+0.0E+00
-222.312000E-06,+0.0E+00
-222.304000E-06,+0.0E+00
-222.296000E-06,+0.0E+00
-222.288000E-06,+0.0E+00
-222.280000E-06,+0.0E+00
-222.272000E-06,+0.0E+00
-222.264000E-06,+0.0E+00
-222.256000E-06,+0.0E+00
-222.248000E-06,+0.0E+00
-222.240000E-06,+0.0E+00
-222.232000E-06,+0.0E+00
-222.224000E-06,-201.005026362E-03
-222.216000E-06,-337E-12
-222.208000E-06,+0.0E+00
-222.200000E-06,+0.0E+00
-222.192000E-06,+201.005026360E-03
-222.184000E-06,+338E-12
-222.176000E-06,+201.005026360E-03
-222.168000E-06,+339E-12
-222.160000E-06,+0.0E+00
-222.152000E-06,+0.0E+00
-222.144000E-06,+0.0E+00
-222.136000E-06,+0.0E+00
-222.128000E-06,+0.0E+00
-222.120000E-06,+0.0E+00
-222.112000E-06,+0.0E+00
-222.104000E-06,+0.0E+00
-222.096000E-06,+0.0E+00
-222.088000E-06,+201.005026357E-03
-222.080000E-06,+201.005026698E-03
-222.072000E-06,+341E-12
-222.064000E-06,+0.0E+00
-222.056000E-06,+0.0E+00
-222.048000E-06,+0.0E+00
-222.040000E-06,+0.0E+00
-222.032000E-06,+0.0E+00
-222.024000E-06,+0.0E+00
-222.016000E-06,+0.0E+00
-222.008000E-06,+0.0E+00
-222.000000E-06,+0.0E+00
-221.992000E-06,+0.0E+00
-221.984000E-06,+0.0E+00
-221.976000E-06,+0.0E+00
-221.968000E-06,-201.005026354E-03
-221.960000E-06,+201.005026009E-03
-221.952000E-06,+345E-12
-221.944000E-06,+0.0E+00
-221.936000E-06,+0.0E+00
-221.928000E-06,+0.0E+00
-221.920000E-06,-201.005026352E-03
-221.912000E-06,-346E-12
-221.904000E-06,+0.0E+00
-221.896000E-06,+0.0E+00
-221.888000E-06,+0.0E+00
-221.880000E-06,+201.005026351E-03
-221.872000E-06,+201.005026698E-03
-221.864000E-06,+201.005026698E-03
-221.856000E-06,+348E-12
-221.848000E-06,+0.0E+00
-221.840000E-06,-201.005026350E-03
-221.832000E-06,-349E-12
-221.824000E-06,+0.0E+00
-221.816000E-06,+201.005026349E-03
-221.808000E-06,+350E-12
-221.800000E-06,+0.0E+00
-221.792000E-06,+0.0E+00
-221.784000E-06,+0.0E+00
-221.776000E-06,+0.0E+00
-221.768000E-06,+0.0E+00
-221.760000E-06,+0.0E+00
-221.752000E-06,+0.0E+00
-221.744000E-06,+0.0E+00
-221.736000E-06,+0.0E+00
-221.728000E-06,+0.0E+00
-221.720000E-06,+0.0E+00
-221.712000E-06,+0.0E+00
-221.704000E-06,+0.0E+00
-221.696000E-06,+0.0E+00
-221.688000E-06,+0.0E+00
-221.680000E-06,+0.0E+00
-221.672000E-06,+0.0E+00
-221.664000E-06,+0.0E+00
-221.656000E-06,+0.0E+00
-221.648000E-06,+0.0E+00
-221.640000E-06,+0.0E+00
-221.632000E-06,+0.0E+00
-221.624000E-06,+0.0E+00
-221.616000E-06,+0.0E+00
-221.608000E-06,+0.0E+00
-221.600000E-06,+0.0E+00
-221.592000E-06,+0.0E+00
-221.584000E-06,+0.0E+00
-221.576000E-06,+201.005026342E-03
-221.568000E-06,+356E-12
-221.560000E-06,+0.0E+00
-221.552000E-06,+0.0E+00
-221.544000E-06,-201.005026341E-03
-221.536000E-06,-358E-12
-221.528000E-06,+0.0E+00
-221.520000E-06,+0.0E+00
-221.512000E-06,+0.0E+00
-221.504000E-06,+0.0E+00
-221.496000E-06,+0.0E+00
-221.488000E-06,+0.0E+00
-221.480000E-06,+0.0E+00
-221.472000E-06,+0.0E+00
-221.464000E-06,+201.005026338E-03
-221.456000E-06,+360E-12
-221.448000E-06,+0.0E+00
-221.440000E-06,+201.005026338E-03
-221.432000E-06,+361E-12
-221.424000E-06,+0.0E+00
-221.416000E-06,+0.0E+00
-221.408000E-06,+0.0E+00
-221.400000E-06,+0.0E+00
-221.392000E-06,+0.0E+00
-221.384000E-06,+0.0E+00
-221.376000E-06,-201.005026336E-03
-221.368000E-06,-363E-12
-221.360000E-06,+0.0E+00
-221.352000E-06,+0.0E+00
-221.344000E-06,+0.0E+00
-221.336000E-06,+0.0E+00
-221.328000E-06,+0.0E+00
-221.320000E-06,+0.0E+00
-221.312000E-06,+0.0E+00
-221.304000E-06,+0.0E+00
-221.296000E-06,+0.0E+00
-221.288000E-06,+0.0E+00
-221.280000E-06,+0.0E+00
-221.272000E-06,-201.005026332E-03
-221.264000E-06,-366E-12
-221.256000E-06,+0.0E+00
-221.248000E-06,-201.005026332E-03
-221.240000E-06,-366E-12
-221.232000E-06,+0.0E+00
-221.224000E-06,+0.0E+00
-221.216000E-06,+0.0E+00
-221.208000E-06,+0.0E+00
-221.200000E-06,+0.0E+00
-221.192000E-06,+0.0E+00
-221.184000E-06,+0.0E+00
-221.176000E-06,+0.0E+00
-221.168000E-06,+0.0E+00
-221.160000E-06,+0.0E+00
-221.152000E-06,+0.0E+00
-221.144000E-06,+0.0E+00
-221.136000E-06,+0.0E+00
-221.128000E-06,+0.0E+00
-221.120000E-06,+0.0E+00
-221.112000E-06,+0.0E+00
-221.104000E-06,+0.0E+00
-221.096000E-06,+0.0E+00
-221.088000E-06,+0.0E+00
-221.080000E-06,+0.0E+00
-221.072000E-06,-201.005026327E-03
-221.064000E-06,-371E-12
-221.056000E-06,+0.0E+00
-221.048000E-06,+0.0E+00
-221.040000E-06,+0.0E+00
-221.032000E-06,+0.0E+00
-221.024000E-06,+0.0E+00
-221.016000E-06,+0.0E+00
-221.008000E-06,+0.0E+00
-221.000000E-06,-201.005026324E-03
-220.992000E-06,-201.005026698E-03
-220.984000E-06,-374E-12
-220.976000E-06,+0.0E+00
-220.968000E-06,+0.0E+00
-220.960000E-06,-201.005026324E-03
-220.952000E-06,-201.005026698E-03
-220.944000E-06,-375E-12
-220.936000E-06,+0.0E+00
-220.928000E-06,+0.0E+00
-220.920000E-06,+0.0E+00
-220.912000E-06,+0.0E+00
-220.904000E-06,+0.0E+00
-220.896000E-06,+201.005026322E-03
-220.888000E-06,+377E-12
-220.880000E-06,+0.0E+00
-220.872000E-06,+0.0E+00
-220.864000E-06,+0.0E+00
-220.856000E-06,+0.0E+00
-220.848000E-06,+0.0E+00
-220.840000E-06,+0.0E+00
-220.832000E-06,+0.0E+00
-220.824000E-06,-201.005026319E-03
-220.816000E-06,-379E-12
-220.808000E-06,+0.0E+00
-220.800000E-06,+0.0E+00
-220.792000E-06,+0.0E+00
-220.784000E-06,+0.0E+00
-220.776000E-06,+0.0E+00
-220.768000E-06,+0.0E+00
-220.760000E-06,+0.0E+00
-220.752000E-06,-201.005026317E-03
-220.744000E-06,-201.005026698E-03
-220.736000E-06,-382E-12
-220.728000E-06,+0.0E+00
-220.720000E-06,-201.005026316E-03
-220.712000E-06,-382E-12
-220.704000E-06,+0.0E+00
-220.696000E-06,+0.0E+00
-220.688000E-06,+0.0E+00
-220.680000E-06,+0.0E+00
-220.672000E-06,+0.0E+00
-220.664000E-06,-201.005026314E-03
-220.656000E-06,-384E-12
-220.648000E-06,+0.0E+00
-220.640000E-06,-201.005026314E-03
-220.632000E-06,-201.005026698E-03
-220.624000E-06,-385E-12
-220.616000E-06,+0.0E+00
-220.608000E-06,+0.0E+00
-220.600000E-06,+0.0E+00
-220.592000E-06,-201.005026313E-03
-220.584000E-06,-386E-12
-220.576000E-06,+0.0E+00
-220.568000E-06,+0.0E+00
-220.560000E-06,+0.0E+00
-220.552000E-06,+0.0E+00
-220.544000E-06,+0.0E+00
-220.536000E-06,+0.0E+00
-220.528000E-06,+0.0E+00
-220.520000E-06,+0.0E+00
-220.512000E-06,-201.005026310E-03
-220.504000E-06,-388E-12
-220.496000E-06,+0.0E+00
-220.488000E-06,-201.005026309E-03
-220.480000E-06,-389E-12
-220.472000E-06,+0.0E+00
-220.464000E-06,+0.0E+00
-220.456000E-06,+0.0E+00
-220.448000E-06,+0.0E+00
-220.440000E-06,+0.0E+00
-220.432000E-06,+0.0E+00
-220.424000E-06,-201.005026308E-03
-220.416000E-06,-391E-12
-220.408000E-06,-201.005026307E-03
-220.400000E-06,-391E-12
-220.392000E-06,+0.0E+00
-220.384000E-06,+0.0E+00
-220.376000E-06,+0.0E+00
-220.368000E-06,-201.005026305E-03
-220.360000E-06,-393E-12
-220.352000E-06,+0.0E+00
-220.344000E-06,+0.0E+00
-220.336000E-06,-201.005026305E-03
-220.328000E-06,-201.005026698E-03
-220.320000E-06,-201.005026698E-03
-220.312000E-06,-394E-12
-220.304000E-06,+0.0E+00
-220.296000E-06,+0.0E+00
-220.288000E-06,+0.0E+00
-220.280000E-06,+0.0E+00
-220.272000E-06,-201.005026303E-03
-220.264000E-06,-396E-12
-220.256000E-06,+0.0E+00
-220.248000E-06,+0.0E+00
-220.240000E-06,+0.0E+00
-220.232000E-06,-201.005026302E-03
-220.224000E-06,-397E-12
-220.216000E-06,-201.005026301E-03
-220.208000E-06,-397E-12
-220.200000E-06,+0.0E+00
-220.192000E-06,+0.0E+00
-220.184000E-06,+0.0E+00
-220.176000E-06,-201.005026300E-03
-220.168000E-06,-399E-12
-220.160000E-06,+0.0E+00
-220.152000E-06,+0.0E+00
-220.144000E-06,-201.005026299E-03
-220.136000E-06,-399E-12
-220.128000E-06,+0.0E+00
-220.120000E-06,+0.0E+00
-220.112000E-06,-201.005026298E-03
-220.104000E-06,-201.005026698E-03
-220.096000E-06,-201.005026698E-03
-220.088000E-06,-201.005026698E-03
-220.080000E-06,-401E-12
-220.072000E-06,+0.0E+00
-220.064000E-06,-201.005026297E-03
-220.056000E-06,-201.005026698E-03
-220.048000E-06,-201.005026698E-03
-220.040000E-06,-402E-12
-220.032000E-06,-201.005026296E-03
-220.024000E-06,-403E-12
-220.016000E-06,+0.0E+00
-220.008000E-06,-201.005026295E-03
-220.000000E-06,-201.005026698E-03
-219.992000E-06,-404E-12
-219.984000E-06,+0.0E+00
-219.976000E-06,-201.005026294E-03
-219.968000E-06,-404E-12
-219.960000E-06,+0.0E+00
-219.952000E-06,-201.005026293E-03
-219.944000E-06,-405E-12
-219.936000E-06,+0.0E+00
-219.928000E-06,+0.0E+00
-219.920000E-06,+0.0E+00
-219.912000E-06,+0.0E+00
-219.904000E-06,+0.0E+00
-219.896000E-06,+0.0E+00
-219.888000E-06,-201.005026292E-03
-219.880000E-06,-407E-12
-219.872000E-06,-201.005026291E-03
-219.864000E-06,-407E-12
-219.856000E-06,+0.0E+00
-219.848000E-06,+0.0E+00
-219.840000E-06,-201.005026290E-03
-219.832000E-06,-409E-12
-219.824000E-06,+0.0E+00
-219.816000E-06,+0.0E+00
-219.808000E-06,+0.0E+00
-219.800000E-06,-201.005026289E-03
-219.792000E-06,-201.005026698E-03
-219.784000E-06,-410E-12
-219.776000E-06,+0.0E+00
-219.768000E-06,-201.005026288E-03
-219.760000E-06,-411E-12
-219.752000E-06,+0.0E+00
-219.744000E-06,-201.005026287E-03
-219.736000E-06,-201.005026698E-03
-219.728000E-06,-412E-12
-219.720000E-06,+0.0E+00
-219.712000E-06,-201.005026286E-03
-219.704000E-06,-201.005026698E-03
-219.696000E-06,-201.005026698E-03
-219.688000E-06,-413E-12
-219.680000E-06,-201.005026285E-03
-219.672000E-06,-413E-12
-219.664000E-06,-201.005026284E-03
-219.656000E-06,-414E-12
-219.648000E-06,-201.005026284E-03
-219.640000E-06,-415E-12
-219.632000E-06,-201.005026283E-03
-219.624000E-06,-415E-12
-219.616000E-06,-201.005026283E-03
-219.608000E-06,-415E-12
-219.600000E-06,+0.0E+00
-219.592000E-06,+0.0E+00
-219.584000E-06,+0.0E+00
-219.576000E-06,+0.0E+00
-219.568000E-06,+0.0E+00
-219.560000E-06,-201.005026281E-03
-219.552000E-06,-201.005026698E-03
-219.544000E-06,-201.005026698E-03
-219.536000E-06,-201.005026698E-03
-219.528000E-06,-201.005026698E-03
-219.520000E-06,-418E-12
-219.512000E-06,-201.005026280E-03
-219.504000E-06,-418E-12
-219.496000E-06,+0.0E+00
-219.488000E-06,+0.0E+00
-219.480000E-06,-201.005026279E-03
-219.472000E-06,-419E-12
-219.464000E-06,-201.005026278E-03
-219.456000E-06,-201.005026698E-03
-219.448000E-06,-201.005026698E-03
-219.440000E-06,-420E-12
-219.432000E-06,-201.005026278E-03
-219.424000E-06,-201.005026698E-03
-219.416000E-06,-201.005026698E-03
-219.408000E-06,-421E-12
-219.400000E-06,+0.0E+00
-219.392000E-06,+0.0E+00
-219.384000E-06,-201.005026276E-03
-219.376000E-06,-422E-12
-219.368000E-06,-201.005026275E-03
-219.360000E-06,-201.005026698E-03
-219.352000E-06,-201.005026698E-03
-219.344000E-06,-201.005026698E-03
-219.336000E-06,-201.005026698E-03
-219.328000E-06,-201.005026698E-03
-219.320000E-06,-201.005026698E-03
-219.312000E-06,-201.005026698E-03
-219.304000E-06,-201.005026698E-03
-219.296000E-06,-201.005026698E-03
-219.288000E-06,-425E-12
-219.280000E-06,-201.005026273E-03
-219.272000E-06,-201.005026698E-03
-219.264000E-06,-201.005026698E-03
-219.256000E-06,-201.005026698E-03
-219.248000E-06,-201.005026698E-03
-219.240000E-06,-201.005026698E-03
-219.232000E-06,-426E-12
-219.224000E-06,+0.0E+00
-219.216000E-06,-201.005026271E-03
-219.208000E-06,-201.005026698E-03
-219.200000E-06,-201.005026698E-03
-219.192000E-06,-201.005026698E-03
-219.184000E-06,-201.005026698E-03
-219.176000E-06,-429E-12
-219.168000E-06,-201.005026270E-03
-219.160000E-06,-201.005026698E-03
-219.152000E-06,-201.005026698E-03
-219.144000E-06,-201.005026698E-03
-219.136000E-06,-201.005026698E-03
-219.128000E-06,-201.005026698E-03
-219.120000E-06,-201.005026698E-03
-219.112000E-06,-201.005026698E-03
-219.104000E-06,-201.005026698E-03
-219.096000E-06,-201.005026698E-03
-219.088000E-06,-201.005026698E-03
-219.080000E-06,-201.005026698E-03
-219.072000E-06,-201.005026698E-03
-219.064000E-06,-201.005026698E-03
-219.056000E-06,-432E-12
-219.048000E-06,-201.005026266E-03
-219.040000E-06,-432E-12
-219.032000E-06,+0.0E+00
-219.024000E-06,-201.005026265E-03
-219.016000E-06,-201.005026698E-03
-219.008000E-06,-201.005026698E-03
-219.000000E-06,-434E-12
-218.992000E-06,-201.005026264E-03
-218.984000E-06,-201.005026698E-03
-218.976000E-06,-201.005026698E-03
-218.968000E-06,-201.005026698E-03
-218.960000E-06,-201.005026698E-03
-218.952000E-06,-201.005026698E-03
-218.944000E-06,-201.005026698E-03
-218.936000E-06,-201.005026698E-03
-218.928000E-06,-201.005026698E-03
-218.920000E-06,-201.005026698E-03
-218.912000E-06,-201.005026698E-03
-218.904000E-06,-201.005026698E-03
-218.896000E-06,-437E-12
-218.888000E-06,+0.0E+00
-218.880000E-06,+0.0E+00
-218.872000E-06,-201.005026261E-03
-218.864000E-06,-201.005026698E-03
-218.856000E-06,-201.005026698E-03
-218.848000E-06,-438E-12
-218.840000E-06,-201.005026260E-03
-218.832000E-06,-439E-12
-218.824000E-06,-201.005026259E-03
-218.816000E-06,-201.005026698E-03
-218.808000E-06,-201.005026698E-03
-218.800000E-06,-201.005026698E-03
-218.792000E-06,-201.005026698E-03
-218.784000E-06,-201.005026698E-03
-218.776000E-06,-201.005026698E-03
-218.768000E-06,-201.005026698E-03
-218.760000E-06,-201.005026698E-03
-218.752000E-06,-201.005026698E-03
-218.744000E-06,-201.005026698E-03
-218.736000E-06,-201.005026698E-03
-218.728000E-06,-201.005026698E-03
-218.720000E-06,-201.005026698E-03
-218.712000E-06,-201.005026698E-03
-218.704000E-06,-201.005026698E-03
-218.696000E-06,-201.005026698E-03
-218.688000E-06,-201.005026698E-03
-218.680000E-06,-201.005026698E-03
-218.672000E-06,-201.005026698E-03
-218.664000E-06,-201.005026698E-03
-218.656000E-06,-201.005026698E-03
-218.648000E-06,-201.005026698E-03
-218.640000E-06,-201.005026698E-03
-218.632000E-06,-201.005026698E-03
-218.624000E-06,-201.005026698E-03
-218.616000E-06,-201.005026698E-03
-218.608000E-06,-201.005026698E-03
-218.600000E-06,-201.005026698E-03
-218.592000E-06,-201.005026698E-03
-218.584000E-06,-201.005026698E-03
-218.576000E-06,-201.005026698E-03
-218.568000E-06,-201.005026698E-03
-218.560000E-06,-447E-12
-218.552000E-06,-201.005026251E-03
-218.544000E-06,-201.005026698E-03
-218.536000E-06,-201.005026698E-03
-218.528000E-06,-402.010052949E-03
-218.520000E-06,-201.005027146E-03
-218.512000E-06,-201.005026698E-03
-218.504000E-06,-201.005026698E-03
-218.496000E-06,-449E-12
-218.488000E-06,-201.005026249E-03
-218.480000E-06,-201.005026698E-03
-218.472000E-06,-201.005026698E-03
-218.464000E-06,-201.005026698E-03
-218.456000E-06,-201.005026698E-03
-218.448000E-06,-450E-12
-218.440000E-06,-201.005026248E-03
-218.432000E-06,-201.005026698E-03
-218.424000E-06,-201.005026698E-03
-218.416000E-06,-201.005026698E-03
-218.408000E-06,-201.005026698E-03
-218.400000E-06,-201.005026698E-03
-218.392000E-06,-201.005026698E-03
-218.384000E-06,-201.005026698E-03
-218.376000E-06,-201.005026698E-03
-218.368000E-06,-201.005026698E-03
-218.360000E-06,-201.005026698E-03
-218.352000E-06,-201.005026698E-03
-218.344000E-06,-201.005026698E-03
-218.336000E-06,-201.005026698E-03
-218.328000E-06,-201.005026698E-03
-218.320000E-06,-201.005026698E-03
-218.312000E-06,-201.005026698E-03
-218.304000E-06,-201.005026698E-03
-218.296000E-06,-455E-12
-218.288000E-06,-201.005026243E-03
-218.280000E-06,-201.005026698E-03
-218.272000E-06,-201.005026698E-03
-218.264000E-06,-201.005026698E-03
-218.256000E-06,-456E-12
-218.248000E-06,-201.005026242E-03
-218.240000E-06,-201.005026698E-03
-218.232000E-06,-201.005026698E-03
-218.224000E-06,-402.010052939E-03
-218.216000E-06,-201.005027155E-03
-218.208000E-06,-201.005026698E-03
-218.200000E-06,-201.005026698E-03
-218.192000E-06,-201.005026698E-03
-218.184000E-06,-201.005026698E-03
-218.176000E-06,-201.005026698E-03
-218.168000E-06,-201.005026698E-03
-218.160000E-06,-402.010052938E-03
-218.152000E-06,-201.005027157E-03
-218.144000E-06,-201.005026698E-03
-218.136000E-06,-201.005026698E-03
-218.128000E-06,-201.005026698E-03
-218.120000E-06,-201.005026698E-03
-218.112000E-06,-201.005026698E-03
-218.104000E-06,-201.005026698E-03
-218.096000E-06,-201.005026698E-03
-218.088000E-06,-461E-12
-218.080000E-06,-201.005026237E-03
-218.072000E-06,-201.005026698E-03
-218.064000E-06,-201.005026698E-03
-218.056000E-06,-201.005026698E-03
-218.048000E-06,-201.005026698E-03
-218.040000E-06,-201.005026698E-03
-218.032000E-06,-402.010052933E-03
-218.024000E-06,-201.005027161E-03
-218.016000E-06,-201.005026698E-03
-218.008000E-06,-201.005026698E-03
-218.000000E-06,-201.005026698E-03
-217.992000E-06,-201.005026698E-03
-217.984000E-06,-201.005026698E-03
-217.976000E-06,-201.005026698E-03
-217.968000E-06,-201.005026698E-03
-217.960000E-06,-201.005026698E-03
-217.952000E-06,-201.005026698E-03
-217.944000E-06,-201.005026698E-03
-217.936000E-06,-201.005026698E-03
-217.928000E-06,-201.005026698E-03
-217.920000E-06,-201.005026698E-03
-217.912000E-06,-201.005026698E-03
-217.904000E-06,-201.005026698E-03
-217.896000E-06,-201.005026698E-03
-217.888000E-06,-402.010052929E-03
-217.880000E-06,-935E-12
-217.872000E-06,-201.005026231E-03
-217.864000E-06,-201.005026698E-03
-217.856000E-06,-201.005026698E-03
-217.848000E-06,-201.005026698E-03
-217.840000E-06,-201.005026698E-03
-217.832000E-06,-201.005026698E-03
-217.824000E-06,-201.005026698E-03
-217.816000E-06,-201.005026698E-03
-217.808000E-06,-201.005026698E-03
-217.800000E-06,-201.005026698E-03
-217.792000E-06,-201.005026698E-03
-217.784000E-06,-201.005026698E-03
-217.776000E-06,-201.005026698E-03
-217.768000E-06,-201.005026698E-03
-217.760000E-06,-201.005026698E-03
-217.752000E-06,-201.005026698E-03
-217.744000E-06,-201.005026698E-03
-217.736000E-06,-201.005026698E-03
-217.728000E-06,-201.005026698E-03
-217.720000E-06,-402.010052925E-03
-217.712000E-06,-201.005027171E-03
-217.704000E-06,-201.005026698E-03
-217.696000E-06,-201.005026698E-03
-217.688000E-06,-201.005026698E-03
-217.680000E-06,-201.005026698E-03
-217.672000E-06,-201.005026698E-03
-217.664000E-06,-201.005026698E-03
-217.656000E-06,-201.005026698E-03
-217.648000E-06,-201.005026698E-03
-217.640000E-06,-402.010052922E-03
-217.632000E-06,-201.005027173E-03
-217.624000E-06,-201.005026698E-03
-217.616000E-06,-201.005026698E-03
-217.608000E-06,-201.005026698E-03
-217.600000E-06,-201.005026698E-03
-217.592000E-06,-201.005026698E-03
-217.584000E-06,-201.005026698E-03
-217.576000E-06,-201.005026698E-03
-217.568000E-06,-201.005026698E-03
-217.560000E-06,-201.005026698E-03
-217.552000E-06,-477E-12
-217.544000E-06,-201.005026221E-03
-217.536000E-06,-201.005026698E-03
-217.528000E-06,-402.010052919E-03
-217.520000E-06,-201.005027176E-03
-217.512000E-06,-201.005026698E-03
-217.504000E-06,-201.005026698E-03
-217.496000E-06,-201.005026698E-03
-217.488000E-06,-201.005026698E-03
-217.480000E-06,-201.005026698E-03
-217.472000E-06,-402.010052917E-03
-217.464000E-06,-402.010053396E-03
-217.456000E-06,-201.005027178E-03
-217.448000E-06,-402.010052916E-03
-217.440000E-06,-201.005027179E-03
-217.432000E-06,-201.005026698E-03
-217.424000E-06,-201.005026698E-03
-217.416000E-06,-201.005026698E-03
-217.408000E-06,-201.005026698E-03
-217.400000E-06,-402.010052914E-03
-217.392000E-06,-201.005027180E-03
-217.384000E-06,-201.005026698E-03
-217.376000E-06,-201.005026698E-03
-217.368000E-06,-201.005026698E-03
-217.360000E-06,-402.010052914E-03
-217.352000E-06,-201.005027181E-03
-217.344000E-06,-201.005026698E-03
-217.336000E-06,-201.005026698E-03
-217.328000E-06,-201.005026698E-03
-217.320000E-06,-201.005026698E-03
-217.312000E-06,-201.005026698E-03
-217.304000E-06,-201.005026698E-03
-217.296000E-06,-201.005026698E-03
-217.288000E-06,-201.005026698E-03
-217.280000E-06,-201.005026698E-03
-217.272000E-06,-402.010052911E-03
-217.264000E-06,-201.005027184E-03
-217.256000E-06,-201.005026698E-03
-217.248000E-06,-201.005026698E-03
-217.240000E-06,-402.010052910E-03
-217.232000E-06,-201.005027184E-03
-217.224000E-06,-201.005026698E-03
-217.216000E-06,-201.005026698E-03
-217.208000E-06,-402.010052909E-03
-217.200000E-06,-201.005027186E-03
-217.192000E-06,-201.005026698E-03
-217.184000E-06,-201.005026698E-03
-217.176000E-06,-201.005026698E-03
-217.168000E-06,-201.005026698E-03
-217.160000E-06,-402.010052908E-03
-217.152000E-06,-402.010053396E-03
-217.144000E-06,-402.010053396E-03
-217.136000E-06,-201.005027187E-03
-217.128000E-06,-201.005026698E-03
-217.120000E-06,-490E-12
-217.112000E-06,-201.005026208E-03
-217.104000E-06,-201.005026698E-03
-217.096000E-06,-402.010052906E-03
-217.088000E-06,-201.005027189E-03
-217.080000E-06,-402.010052905E-03
-217.072000E-06,-402.010053396E-03
-217.064000E-06,-201.005027190E-03
-217.056000E-06,-201.005026698E-03
-217.048000E-06,-201.005026698E-03
-217.040000E-06,-201.005026698E-03
-217.032000E-06,-201.005026698E-03
-217.024000E-06,-201.005026698E-03
-217.016000E-06,-201.005026698E-03
-217.008000E-06,-201.005026698E-03
-217.000000E-06,-201.005026698E-03
-216.992000E-06,-402.010052903E-03
-216.984000E-06,-201.005027192E-03
-216.976000E-06,-201.005026698E-03
-216.968000E-06,-201.005026698E-03
-216.960000E-06,-201.005026698E-03
-216.952000E-06,-201.005026698E-03
-216.944000E-06,-402.010052901E-03
-216.936000E-06,-201.005027194E-03
-216.928000E-06,-402.010052900E-03
-216.920000E-06,-402.010053396E-03
-216.912000E-06,-201.005027195E-03
-216.904000E-06,-201.005026698E-03
-216.896000E-06,-201.005026698E-03
-216.888000E-06,-201.005026698E-03
-216.880000E-06,-201.005026698E-03
-216.872000E-06,-201.005026698E-03
-216.864000E-06,-201.005026698E-03
-216.856000E-06,-201.005026698E-03
-216.848000E-06,-201.005026698E-03
-216.840000E-06,-201.005026698E-03
-216.832000E-06,-201.005026698E-03
-216.824000E-06,-201.005026698E-03
-216.816000E-06,-201.005026698E-03
-216.808000E-06,-201.005026698E-03
-216.800000E-06,-402.010052897E-03
-216.792000E-06,-402.010053396E-03
-216.784000E-06,-201.005027198E-03
-216.776000E-06,-201.005026698E-03
-216.768000E-06,-201.005026698E-03
-216.760000E-06,-402.010052895E-03
-216.752000E-06,-402.010053396E-03
-216.744000E-06,-201.005027199E-03
-216.736000E-06,-201.005026698E-03
-216.728000E-06,-201.005026698E-03
-216.720000E-06,-201.005026698E-03
-216.712000E-06,-201.005026698E-03
-216.704000E-06,-402.010052894E-03
-216.696000E-06,-402.010053396E-03
-216.688000E-06,-201.005027201E-03
-216.680000E-06,-201.005026698E-03
-216.672000E-06,-201.005026698E-03
-216.664000E-06,-402.010052892E-03
-216.656000E-06,-201.005027202E-03
-216.648000E-06,-402.010052892E-03
-216.640000E-06,-201.005027203E-03
-216.632000E-06,-201.005026698E-03
-216.624000E-06,-402.010052892E-03
-216.616000E-06,-201.005027203E-03
-216.608000E-06,-201.005026698E-03
-216.600000E-06,-402.010052891E-03
-216.592000E-06,-402.010053396E-03
-216.584000E-06,-402.010053396E-03
-216.576000E-06,-402.010053396E-03
-216.568000E-06,-402.010053396E-03
-216.560000E-06,-402.010053396E-03
-216.552000E-06,-402.010053396E-03
-216.544000E-06,-402.010053396E-03
-216.536000E-06,-402.010053396E-03
-216.528000E-06,-402.010053396E-03
-216.520000E-06,-201.005027206E-03
-216.512000E-06,-402.010052888E-03
-216.504000E-06,-201.005027206E-03
-216.496000E-06,-402.010052887E-03
-216.488000E-06,-201.005027207E-03
-216.480000E-06,-201.005026698E-03
-216.472000E-06,-201.005026698E-03
-216.464000E-06,-201.005026698E-03
-216.456000E-06,-402.010052887E-03
-216.448000E-06,-402.010053396E-03
-216.440000E-06,-402.010053396E-03
-216.432000E-06,-402.010053396E-03
-216.424000E-06,-402.010053396E-03
-216.416000E-06,-201.005027209E-03
-216.408000E-06,-201.005026698E-03
-216.400000E-06,-201.005026698E-03
-216.392000E-06,-402.010052884E-03
-216.384000E-06,-201.005027210E-03
-216.376000E-06,-402.010052884E-03
-216.368000E-06,-402.010053396E-03
-216.360000E-06,-402.010053396E-03
-216.352000E-06,-201.005027211E-03
-216.344000E-06,-402.010052883E-03
-216.336000E-06,-201.005027211E-03
-216.328000E-06,-402.010052882E-03
-216.320000E-06,-201.005027212E-03
-216.312000E-06,-201.005026698E-03
-216.304000E-06,-201.005026698E-03
-216.296000E-06,-402.010052881E-03
-216.288000E-06,-201.005027213E-03
-216.280000E-06,-201.005026698E-03
-216.272000E-06,-201.005026698E-03
-216.264000E-06,-201.005026698E-03
-216.256000E-06,-201.005026698E-03
-216.248000E-06,-201.005026698E-03
-216.240000E-06,-402.010052880E-03
-216.232000E-06,-402.010053396E-03
-216.224000E-06,-402.010053396E-03
-216.216000E-06,-201.005027215E-03
-216.208000E-06,-201.005026698E-03
-216.200000E-06,-402.010052878E-03
-216.192000E-06,-201.005027216E-03
-216.184000E-06,-402.010052878E-03
-216.176000E-06,-201.005027217E-03
-216.168000E-06,-201.005026698E-03
-216.160000E-06,-201.005026698E-03
-216.152000E-06,-201.005026698E-03
-216.144000E-06,-402.010052877E-03
-216.136000E-06,-201.005027217E-03
-216.128000E-06,-402.010052876E-03
-216.120000E-06,-201.005027218E-03
-216.112000E-06,-201.005026698E-03
-216.104000E-06,-201.005026698E-03
-216.096000E-06,-402.010052876E-03
-216.088000E-06,-402.010053396E-03
-216.080000E-06,-402.010053396E-03
-216.072000E-06,-201.005027219E-03
-216.064000E-06,-201.005026698E-03
-216.056000E-06,-201.005026698E-03
-216.048000E-06,-201.005026698E-03
-216.040000E-06,-201.005026698E-03
-216.032000E-06,-402.010052873E-03
-216.024000E-06,-201.005027221E-03
-216.016000E-06,-402.010052873E-03
-216.008000E-06,-201.005027222E-03
-216.000000E-06,-402.010052873E-03
-215.992000E-06,-402.010053396E-03
-215.984000E-06,-402.010053396E-03
-215.976000E-06,-201.005027222E-03
-215.968000E-06,-201.005026698E-03
-215.960000E-06,-201.005026698E-03
-215.952000E-06,-402.010052871E-03
-215.944000E-06,-201.005027223E-03
-215.936000E-06,-201.005026698E-03
-215.928000E-06,-402.010052870E-03
-215.920000E-06,-402.010053396E-03
-215.912000E-06,-402.010053396E-03
-215.904000E-06,-201.005027225E-03
-215.896000E-06,-201.005026698E-03
-215.888000E-06,-201.005026698E-03
-215.880000E-06,-201.005026698E-03
-215.872000E-06,-201.005026698E-03
-215.864000E-06,-201.005026698E-03
-215.856000E-06,-201.005026698E-03
-215.848000E-06,-402.010052868E-03
-215.840000E-06,-402.010053396E-03
-215.832000E-06,-201.005027227E-03
-215.824000E-06,-402.010052868E-03
-215.816000E-06,-201.005027228E-03
-215.808000E-06,-201.005026698E-03
-215.800000E-06,-201.005026698E-03
-215.792000E-06,-201.005026698E-03
-215.784000E-06,-402.010052866E-03
-215.776000E-06,-402.010053396E-03
-215.768000E-06,-201.005027229E-03
-215.760000E-06,-402.010052865E-03
-215.752000E-06,-402.010053396E-03
-215.744000E-06,-201.005027230E-03
-215.736000E-06,-201.005026698E-03
-215.728000E-06,-201.005026698E-03
-215.720000E-06,-402.010052864E-03
-215.712000E-06,-402.010053396E-03
-215.704000E-06,-402.010053396E-03
-215.696000E-06,-201.005027231E-03
-215.688000E-06,-201.005026698E-03
-215.680000E-06,-402.010052863E-03
-215.672000E-06,-201.005027232E-03
-215.664000E-06,-201.005026698E-03
-215.656000E-06,-402.010052862E-03
-215.648000E-06,-201.005027233E-03
-215.640000E-06,-402.010052862E-03
-215.632000E-06,-402.010053396E-03
-215.624000E-06,-201.005027233E-03
-215.616000E-06,-402.010052861E-03
-215.608000E-06,-402.010053396E-03
-215.600000E-06,-201.005027233E-03
-215.592000E-06,-201.005026698E-03
-215.584000E-06,-201.005026698E-03
-215.576000E-06,-402.010052860E-03
-215.568000E-06,-402.010053396E-03
-215.560000E-06,-201.005027235E-03
-215.552000E-06,-402.010052859E-03
-215.544000E-06,-201.005027236E-03
-215.536000E-06,-402.010052859E-03
-215.528000E-06,-402.010053396E-03
-215.520000E-06,-201.005027236E-03
-215.512000E-06,-201.005026698E-03
-215.504000E-06,-402.010052858E-03
-215.496000E-06,-402.010053396E-03
-215.488000E-06,-201.005027237E-03
-215.480000E-06,-201.005026698E-03
-215.472000E-06,-402.010052857E-03
-215.464000E-06,-201.005027238E-03
-215.456000E-06,-402.010052857E-03
-215.448000E-06,-402.010053396E-03
-215.440000E-06,-402.010053396E-03
-215.432000E-06,-402.010053396E-03
-215.424000E-06,-402.010053396E-03
-215.416000E-06,-201.005027239E-03
-215.408000E-06,-201.005026698E-03
-215.400000E-06,-402.010052854E-03
-215.392000E-06,-402.010053396E-03
-215.384000E-06,-201.005027240E-03
-215.376000E-06,-402.010052854E-03
-215.368000E-06,-201.005027241E-03
-215.360000E-06,-201.005026698E-03
-215.352000E-06,-402.010052853E-03
-215.344000E-06,-402.010053396E-03
-215.336000E-06,-201.005027241E-03
-215.328000E-06,-201.005026698E-03
-215.320000E-06,-402.010052852E-03
-215.312000E-06,-201.005027242E-03
-215.304000E-06,-201.005026698E-03
-215.296000E-06,-402.010052851E-03
-215.288000E-06,-402.010053396E-03
-215.280000E-06,-402.010053396E-03
-215.272000E-06,-402.010053396E-03
-215.264000E-06,-402.010053396E-03
-215.256000E-06,-402.010053396E-03
-215.248000E-06,-201.005027244E-03
-215.240000E-06,-201.005026698E-03
-215.232000E-06,-402.010052849E-03
-215.224000E-06,-201.005027245E-03
-215.216000E-06,-402.010052849E-03
-215.208000E-06,-402.010053396E-03
-215.200000E-06,-402.010053396E-03
-215.192000E-06,-201.005027246E-03
-215.184000E-06,-402.010052848E-03
-215.176000E-06,-402.010053396E-03
-215.168000E-06,-402.010053396E-03
-215.160000E-06,-402.010053396E-03
-215.152000E-06,-201.005027247E-03
-215.144000E-06,-402.010052847E-03
-215.136000E-06,-201.005027248E-03
-215.128000E-06,-201.005026698E-03
-215.120000E-06,-402.010052846E-03
-215.112000E-06,-402.010053396E-03
-215.104000E-06,-201.005027249E-03
-215.096000E-06,-201.005026698E-03
-215.088000E-06,-201.005026698E-03
-215.080000E-06,-402.010052845E-03
-215.072000E-06,-402.010053396E-03
-215.064000E-06,-201.005027249E-03
-215.056000E-06,-201.005026698E-03
-215.048000E-06,-402.010052844E-03
-215.040000E-06,-201.005027250E-03
-215.032000E-06,-402.010052843E-03
-215.024000E-06,-402.010053396E-03
-215.016000E-06,-402.010053396E-03
-215.008000E-06,-402.010053396E-03
-215.000000E-06,-402.010053396E-03
-214.992000E-06,-402.010053396E-03
-214.984000E-06,-402.010053396E-03
-214.976000E-06,-201.005027252E-03
-214.968000E-06,-402.010052842E-03
-214.960000E-06,-201.005027253E-03
-214.952000E-06,-201.005026698E-03
-214.944000E-06,-402.010052841E-03
-214.936000E-06,-402.010053396E-03
-214.928000E-06,-402.010053396E-03
-214.920000E-06,-402.010053396E-03
-214.912000E-06,-402.010053396E-03
-214.904000E-06,-201.005027255E-03
-214.896000E-06,-402.010052840E-03
-214.888000E-06,-201.005027255E-03
-214.880000E-06,-402.010052839E-03
-214.872000E-06,-402.010053396E-03
-214.864000E-06,-201.005027256E-03
-214.856000E-06,-402.010052838E-03
-214.848000E-06,-402.010053396E-03
-214.840000E-06,-402.010053396E-03
-214.832000E-06,-402.010053396E-03
-214.824000E-06,-402.010053396E-03
-214.816000E-06,-402.010053396E-03
-214.808000E-06,-402.010053396E-03
-214.800000E-06,-402.010053396E-03
-214.792000E-06,-402.010053396E-03
-214.784000E-06,-402.010053396E-03
-214.776000E-06,-402.010053396E-03
-214.768000E-06,-402.010053396E-03
-214.760000E-06,-201.005027259E-03
-214.752000E-06,-201.005026698E-03
-214.744000E-06,-402.010052835E-03
-214.736000E-06,-201.005027260E-03
-214.728000E-06,-201.005026698E-03
-214.720000E-06,-201.005026698E-03
-214.712000E-06,-402.010052834E-03
-214.704000E-06,-201.005027260E-03
-214.696000E-06,-402.010052833E-03
-214.688000E-06,-402.010053396E-03
-214.680000E-06,-201.005027261E-03
-214.672000E-06,-402.010052832E-03
-214.664000E-06,-402.010053396E-03
-214.656000E-06,-201.005027262E-03
-214.648000E-06,-402.010052832E-03
-214.640000E-06,-402.010053396E-03
-214.632000E-06,-201.005027263E-03
-214.624000E-06,-402.010052831E-03
-214.616000E-06,-402.010053396E-03
-214.608000E-06,-201.005027263E-03
-214.600000E-06,-201.005026698E-03
-214.592000E-06,-402.010052830E-03
-214.584000E-06,-402.010053396E-03
-214.576000E-06,-201.005027265E-03
-214.568000E-06,-402.010052830E-03
-214.560000E-06,-402.010053396E-03
-214.552000E-06,-402.010053396E-03
-214.544000E-06,-201.005027266E-03
-214.536000E-06,-201.005026698E-03
-214.528000E-06,-201.005026698E-03
-214.520000E-06,-402.010052828E-03
-214.512000E-06,-402.010053396E-03
-214.504000E-06,-201.005027266E-03
-214.496000E-06,-402.010052827E-03
-214.488000E-06,-201.005027267E-03
-214.480000E-06,-402.010052827E-03
-214.472000E-06,-402.010053396E-03
-214.464000E-06,-201.005027268E-03
-214.456000E-06,-201.005026698E-03
-214.448000E-06,-201.005026698E-03
-214.440000E-06,-201.005026698E-03
-214.432000E-06,-402.010052826E-03
-214.424000E-06,-402.010053396E-03
-214.416000E-06,-201.005027269E-03
-214.408000E-06,-402.010052825E-03
-214.400000E-06,-402.010053396E-03
-214.392000E-06,-402.010053396E-03
-214.384000E-06,-402.010053396E-03
-214.376000E-06,-201.005027271E-03
-214.368000E-06,-402.010052824E-03
-214.360000E-06,-402.010053396E-03
-214.352000E-06,-201.005027271E-03
-214.344000E-06,-402.010052823E-03
-214.336000E-06,-402.010053396E-03
-214.328000E-06,-402.010053396E-03
-214.320000E-06,-402.010053396E-03
-214.312000E-06,-402.010053396E-03
-214.304000E-06,-201.005027273E-03
-214.296000E-06,-201.005026698E-03
-214.288000E-06,-201.005026698E-03
-214.280000E-06,-402.010052821E-03
-214.272000E-06,-201.005027274E-03
-214.264000E-06,-201.005026698E-03
-214.256000E-06,-201.005026698E-03
-214.248000E-06,-201.005026698E-03
-214.240000E-06,-201.005026698E-03
-214.232000E-06,-201.005026698E-03
-214.224000E-06,-402.010052819E-03
-214.216000E-06,-402.010053396E-03
-214.208000E-06,-201.005027276E-03
-214.200000E-06,-402.010052819E-03
-214.192000E-06,-201.005027276E-03
-214.184000E-06,-402.010052818E-03
-214.176000E-06,-402.010053396E-03
-214.168000E-06,-201.005027277E-03
-214.160000E-06,-201.005026698E-03
-214.152000E-06,-402.010052817E-03
-214.144000E-06,-201.005027277E-03
-214.136000E-06,-402.010052816E-03
-214.128000E-06,-402.010053396E-03
-214.120000E-06,-201.005027278E-03
-214.112000E-06,-402.010052816E-03
-214.104000E-06,-402.010053396E-03
-214.096000E-06,-201.005027279E-03
-214.088000E-06,-201.005026698E-03
-214.080000E-06,-402.010052815E-03
-214.072000E-06,-402.010053396E-03
-214.064000E-06,-201.005027280E-03
-214.056000E-06,-201.005026698E-03
-214.048000E-06,-402.010052814E-03
-214.040000E-06,-201.005027281E-03
-214.032000E-06,-402.010052813E-03
-214.024000E-06,-402.010053396E-03
-214.016000E-06,-402.010053396E-03
-214.008000E-06,-402.010053396E-03
-214.000000E-06,-402.010053396E-03
-213.992000E-06,-402.010053396E-03
-213.984000E-06,-402.010053396E-03
-213.976000E-06,-201.005027282E-03
-213.968000E-06,-201.005026698E-03
-213.960000E-06,-402.010052811E-03
-213.952000E-06,-402.010053396E-03
-213.944000E-06,-402.010053396E-03
-213.936000E-06,-402.010053396E-03
-213.928000E-06,-201.005027284E-03
-213.920000E-06,-201.005026698E-03
-213.912000E-06,-402.010052810E-03
-213.904000E-06,-201.005027285E-03
-213.896000E-06,-402.010052810E-03
-213.888000E-06,-402.010053396E-03
-213.880000E-06,-402.010053396E-03
-213.872000E-06,-201.005027285E-03
-213.864000E-06,-402.010052808E-03
-213.856000E-06,-402.010053396E-03
-213.848000E-06,-402.010053396E-03
-213.840000E-06,-402.010053396E-03
-213.832000E-06,-402.010053396E-03
-213.824000E-06,-402.010053396E-03
-213.816000E-06,-402.010053396E-03
-213.808000E-06,-402.010053396E-03
-213.800000E-06,-201.005027288E-03
-213.792000E-06,-402.010052806E-03
-213.784000E-06,-201.005027288E-03
-213.776000E-06,-402.010052806E-03
-213.768000E-06,-201.005027289E-03
-213.760000E-06,-402.010052805E-03
-213.752000E-06,-201.005027289E-03
-213.744000E-06,-402.010052805E-03
-213.736000E-06,-201.005027290E-03
-213.728000E-06,-402.010052805E-03
-213.720000E-06,-201.005027290E-03
-213.712000E-06,-402.010052804E-03
-213.704000E-06,-402.010053396E-03
-213.696000E-06,-201.005027291E-03
-213.688000E-06,-402.010052803E-03
-213.680000E-06,-402.010053396E-03
-213.672000E-06,-201.005027292E-03
-213.664000E-06,-201.005026698E-03
-213.656000E-06,-402.010052802E-03
-213.648000E-06,-402.010053396E-03
-213.640000E-06,-402.010053396E-03
-213.632000E-06,-402.010053396E-03
-213.624000E-06,-402.010053396E-03
-213.616000E-06,-402.010053396E-03
-213.608000E-06,-402.010053396E-03
-213.600000E-06,-201.005027294E-03
-213.592000E-06,-402.010052800E-03
-213.584000E-06,-402.010053396E-03
-213.576000E-06,-201.005027295E-03
-213.568000E-06,-402.010052800E-03
-213.560000E-06,-201.005027295E-03
-213.552000E-06,-402.010052799E-03
-213.544000E-06,-201.005027296E-03
-213.536000E-06,-201.005026698E-03
-213.528000E-06,-201.005026698E-03
-213.520000E-06,-402.010052798E-03
-213.512000E-06,-402.010053396E-03
-213.504000E-06,-402.010053396E-03
-213.496000E-06,-402.010053396E-03
-213.488000E-06,-402.010053396E-03
-213.480000E-06,-402.010053396E-03
-213.472000E-06,-201.005027298E-03
-213.464000E-06,-402.010052797E-03
-213.456000E-06,-402.010053396E-03
-213.448000E-06,-402.010053396E-03
-213.440000E-06,-402.010053396E-03
-213.432000E-06,-402.010053396E-03
-213.424000E-06,-201.005027299E-03
-213.416000E-06,-201.005026698E-03
-213.408000E-06,-201.005026698E-03
-213.400000E-06,-402.010052794E-03
-213.392000E-06,-402.010053396E-03
-213.384000E-06,-201.005027300E-03
-213.376000E-06,-402.010052794E-03
-213.368000E-06,-402.010053396E-03
-213.360000E-06,-201.005027301E-03
-213.352000E-06,-402.010052793E-03
-213.344000E-06,-402.010053396E-03
-213.336000E-06,-402.010053396E-03
-213.328000E-06,-201.005027302E-03
-213.320000E-06,-201.005026698E-03
-213.312000E-06,-201.005026698E-03
-213.304000E-06,-402.010052791E-03
-213.296000E-06,-201.005027303E-03
-213.288000E-06,-402.010052791E-03
-213.280000E-06,-402.010053396E-03
-213.272000E-06,-402.010053396E-03
-213.264000E-06,-201.005027304E-03
-213.256000E-06,-402.010052790E-03
-213.248000E-06,-402.010053396E-03
-213.240000E-06,-402.010053396E-03
-213.232000E-06,-402.010053396E-03
-213.224000E-06,-402.010053396E-03
-213.216000E-06,-402.010053396E-03
-213.208000E-06,-402.010053396E-03
-213.200000E-06,-201.005027306E-03
-213.192000E-06,-201.005026698E-03
-213.184000E-06,-201.005026698E-03
-213.176000E-06,-201.005026698E-03
-213.168000E-06,-402.010052788E-03
-213.160000E-06,-402.010053396E-03
-213.152000E-06,-402.010053396E-03
-213.144000E-06,-402.010053396E-03
-213.136000E-06,-201.005027308E-03
-213.128000E-06,-201.005026698E-03
-213.120000E-06,-201.005026698E-03
-213.112000E-06,-402.010052786E-03
-213.104000E-06,-402.010053396E-03
-213.096000E-06,-402.010053396E-03
-213.088000E-06,-402.010053396E-03
-213.080000E-06,-201.005027309E-03
-213.072000E-06,-201.005026698E-03
-213.064000E-06,-402.010052784E-03
-213.056000E-06,-201.005027310E-03
-213.048000E-06,-402.010052784E-03
-213.040000E-06,-402.010053396E-03
-213.032000E-06,-201.005027311E-03
-213.024000E-06,-402.010052783E-03
-213.016000E-06,-201.005027312E-03
-213.008000E-06,-201.005026698E-03
-213.000000E-06,-402.010052783E-03
-212.992000E-06,-402.010053396E-03
-212.984000E-06,-402.010053396E-03
-212.976000E-06,-201.005027312E-03
-212.968000E-06,-201.005026698E-03
-212.960000E-06,-201.005026698E-03
-212.952000E-06,-201.005026698E-03
-212.944000E-06,-402.010052781E-03
-212.936000E-06,-402.010053396E-03
-212.928000E-06,-402.010053396E-03
-212.920000E-06,-402.010053396E-03
-212.912000E-06,-402.010053396E-03
-212.904000E-06,-201.005027315E-03
-212.896000E-06,-201.005026698E-03
-212.888000E-06,-201.005026698E-03
-212.880000E-06,-402.010052779E-03
-212.872000E-06,-402.010053396E-03
-212.864000E-06,-201.005027316E-03
-212.856000E-06,-402.010052778E-03
-212.848000E-06,-402.010053396E-03
-212.840000E-06,-201.005027317E-03
-212.832000E-06,-201.005026698E-03
-212.824000E-06,-402.010052778E-03
-212.816000E-06,-201.005027317E-03
-212.808000E-06,-402.010052777E-03
-212.800000E-06,-201.005027317E-03
-212.792000E-06,-402.010052776E-03
-212.784000E-06,-402.010053396E-03
-212.776000E-06,-201.005027318E-03
-212.768000E-06,-201.005026698E-03
-212.760000E-06,-402.010052775E-03
-212.752000E-06,-201.005027319E-03
-212.744000E-06,-402.010052775E-03
-212.736000E-06,-402.010053396E-03
-212.728000E-06,-402.010053396E-03
-212.720000E-06,-402.010053396E-03
-212.712000E-06,-402.010053396E-03
-212.704000E-06,-402.010053396E-03
-212.696000E-06,-201.005027321E-03
-212.688000E-06,-201.005026698E-03
-212.680000E-06,-402.010052773E-03
-212.672000E-06,-402.010053396E-03
-212.664000E-06,-402.010053396E-03
-212.656000E-06,-201.005027322E-03
-212.648000E-06,-201.005026698E-03
-212.640000E-06,-402.010052772E-03
-212.632000E-06,-402.010053396E-03
-212.624000E-06,-402.010053396E-03
-212.616000E-06,-402.010053396E-03
-212.608000E-06,-201.005027323E-03
-212.600000E-06,-402.010052770E-03
-212.592000E-06,-201.005027324E-03
-212.584000E-06,-402.010052770E-03
-212.576000E-06,-201.005027325E-03
-212.568000E-06,-201.005026698E-03
-212.560000E-06,-402.010052770E-03
-212.552000E-06,-201.005027326E-03
-212.544000E-06,-402.010052769E-03
-212.536000E-06,-201.005027326E-03
-212.528000E-06,-201.005026698E-03
-212.520000E-06,-402.010052768E-03
-212.512000E-06,-402.010053396E-03
-212.504000E-06,-201.005027327E-03
-212.496000E-06,-201.005026698E-03
-212.488000E-06,-402.010052767E-03
-212.480000E-06,-201.005027328E-03
-212.472000E-06,-201.005026698E-03
-212.464000E-06,-201.005026698E-03
-212.456000E-06,-201.005026698E-03
-212.448000E-06,-201.005026698E-03
-212.440000E-06,-201.005026698E-03
-212.432000E-06,-402.010052765E-03
-212.424000E-06,-201.005027329E-03
-212.416000E-06,-402.010052765E-03
-212.408000E-06,-201.005027330E-03
-212.400000E-06,-402.010052764E-03
-212.392000E-06,-201.005027330E-03
-212.384000E-06,-201.005026698E-03
-212.376000E-06,-402.010052764E-03
-212.368000E-06,-201.005027331E-03
-212.360000E-06,-201.005026698E-03
-212.352000E-06,-402.010052763E-03
-212.344000E-06,-402.010053396E-03
-212.336000E-06,-201.005027332E-03
-212.328000E-06,-201.005026698E-03
-212.320000E-06,-201.005026698E-03
-212.312000E-06,-201.005026698E-03
-212.304000E-06,-402.010052761E-03
-212.296000E-06,-201.005027333E-03
-212.288000E-06,-402.010052761E-03
-212.280000E-06,-402.010053396E-03
-212.272000E-06,-402.010053396E-03
-212.264000E-06,-201.005027334E-03
-212.256000E-06,-201.005026698E-03
-212.248000E-06,-402.010052760E-03
-212.240000E-06,-201.005027334E-03
-212.232000E-06,-201.005026698E-03
-212.224000E-06,-201.005026698E-03
-212.216000E-06,-402.010052759E-03
-212.208000E-06,-402.010053396E-03
-212.200000E-06,-402.010053396E-03
-212.192000E-06,-201.005027336E-03
-212.184000E-06,-201.005026698E-03
-212.176000E-06,-402.010052758E-03
-212.168000E-06,-201.005027336E-03
-212.160000E-06,-402.010052757E-03
-212.152000E-06,-402.010053396E-03
-212.144000E-06,-201.005027337E-03
-212.136000E-06,-402.010052756E-03
-212.128000E-06,-402.010053396E-03
-212.120000E-06,-402.010053396E-03
-212.112000E-06,-402.010053396E-03
-212.104000E-06,-201.005027339E-03
-212.096000E-06,-201.005026698E-03
-212.088000E-06,-201.005026698E-03
-212.080000E-06,-402.010052755E-03
-212.072000E-06,-201.005027339E-03
-212.064000E-06,-201.005026698E-03
-212.056000E-06,-402.010052754E-03
-212.048000E-06,-201.005027340E-03
-212.040000E-06,-402.010052753E-03
-212.032000E-06,-201.005027341E-03
-212.024000E-06,-201.005026698E-03
-212.016000E-06,-201.005026698E-03
-212.008000E-06,-201.005026698E-03
-212.000000E-06,-402.010052753E-03
-211.992000E-06,-201.005027342E-03
-211.984000E-06,-402.010052752E-03
-211.976000E-06,-201.005027342E-03
-211.968000E-06,-201.005026698E-03
-211.960000E-06,-402.010052751E-03
-211.952000E-06,-201.005027343E-03
-211.944000E-06,-402.010052751E-03
-211.936000E-06,-201.005027344E-03
-211.928000E-06,-201.005026698E-03
-211.920000E-06,-201.005026698E-03
-211.912000E-06,-201.005026698E-03
-211.904000E-06,-201.005026698E-03
-211.896000E-06,-402.010052749E-03
-211.888000E-06,-402.010053396E-03
-211.880000E-06,-201.005027345E-03
-211.872000E-06,-402.010052748E-03
-211.864000E-06,-201.005027346E-03
-211.856000E-06,-402.010052748E-03
-211.848000E-06,-201.005027347E-03
-211.840000E-06,-201.005026698E-03
-211.832000E-06,-402.010052748E-03
-211.824000E-06,-201.005027347E-03
-211.816000E-06,-201.005026698E-03
-211.808000E-06,-201.005026698E-03
-211.800000E-06,-402.010052746E-03
-211.792000E-06,-201.005027348E-03
-211.784000E-06,-201.005026698E-03
-211.776000E-06,-201.005026698E-03
-211.768000E-06,-201.005026698E-03
-211.760000E-06,-402.010052745E-03
-211.752000E-06,-402.010053396E-03
-211.744000E-06,-201.005027350E-03
-211.736000E-06,-201.005026698E-03
-211.728000E-06,-201.005026698E-03
-211.720000E-06,-201.005026698E-03
-211.712000E-06,-402.010052744E-03
-211.704000E-06,-402.010053396E-03
-211.696000E-06,-402.010053396E-03
-211.688000E-06,-201.005027351E-03
-211.680000E-06,-402.010052743E-03
-211.672000E-06,-402.010053396E-03
-211.664000E-06,-201.005027352E-03
-211.656000E-06,-201.005026698E-03
-211.648000E-06,-201.005026698E-03
-211.640000E-06,-201.005026698E-03
-211.632000E-06,-201.005026698E-03
-211.624000E-06,-201.005026698E-03
-211.616000E-06,-201.005026698E-03
-211.608000E-06,-201.005026698E-03
-211.600000E-06,-201.005026698E-03
-211.592000E-06,-201.005026698E-03
-211.584000E-06,-201.005026698E-03
-211.576000E-06,-201.005026698E-03
-211.568000E-06,-201.005026698E-03
-211.560000E-06,-402.010052740E-03
-211.552000E-06,-201.005027356E-03
-211.544000E-06,-402.010052739E-03
-211.536000E-06,-201.005027356E-03
-211.528000E-06,-201.005026698E-03
-211.520000E-06,-402.010052738E-03
-211.512000E-06,-201.005027356E-03
-211.504000E-06,-201.005026698E-03
-211.496000E-06,-201.005026698E-03
-211.488000E-06,-201.005026698E-03
-211.480000E-06,-402.010052737E-03
-211.472000E-06,-201.005027358E-03
-211.464000E-06,-201.005026698E-03
-211.456000E-06,-201.005026698E-03
-211.448000E-06,-201.005026698E-03
-211.440000E-06,-201.005026698E-03
-211.432000E-06,-402.010052735E-03
-211.424000E-06,-201.005027359E-03
-211.416000E-06,-201.005026698E-03
-211.408000E-06,-402.010052734E-03
-211.400000E-06,-201.005027360E-03
-211.392000E-06,-201.005026698E-03
-211.384000E-06,-402.010052734E-03
-211.376000E-06,-402.010053396E-03
-211.368000E-06,-402.010053396E-03
-211.360000E-06,-402.010053396E-03
-211.352000E-06,-402.010053396E-03
-211.344000E-06,-402.010053396E-03
-211.336000E-06,-201.005027362E-03
-211.328000E-06,-201.005026698E-03
-211.320000E-06,-201.005026698E-03
-211.312000E-06,-201.005026698E-03
-211.304000E-06,-201.005026698E-03
-211.296000E-06,-402.010052732E-03
-211.288000E-06,-201.005027364E-03
-211.280000E-06,-402.010052731E-03
-211.272000E-06,-201.005027364E-03
-211.264000E-06,-402.010052730E-03
-211.256000E-06,-201.005027364E-03
-211.248000E-06,-201.005026698E-03
-211.240000E-06,-201.005026698E-03
-211.232000E-06,-201.005026698E-03
-211.224000E-06,-201.005026698E-03
-211.216000E-06,-201.005026698E-03
-211.208000E-06,-201.005026698E-03
-211.200000E-06,-402.010052729E-03
-211.192000E-06,-402.010053396E-03
-211.184000E-06,-402.010053396E-03
-211.176000E-06,-402.010053396E-03
-211.168000E-06,-402.010053396E-03
-211.160000E-06,-402.010053396E-03
-211.152000E-06,-201.005027367E-03
-211.144000E-06,-201.005026698E-03
-211.136000E-06,-201.005026698E-03
-211.128000E-06,-402.010052726E-03
-211.120000E-06,-402.010053396E-03
-211.112000E-06,-402.010053396E-03
-211.104000E-06,-201.005027369E-03
-211.096000E-06,-402.010052726E-03
-211.088000E-06,-201.005027369E-03
-211.080000E-06,-402.010052725E-03
-211.072000E-06,-201.005027369E-03
-211.064000E-06,-402.010052724E-03
-211.056000E-06,-201.005027370E-03
-211.048000E-06,-402.010052724E-03
-211.040000E-06,-201.005027371E-03
-211.032000E-06,-201.005026698E-03
-211.024000E-06,-201.005026698E-03
-211.016000E-06,-402.010052723E-03
-211.008000E-06,-201.005027372E-03
-211.000000E-06,-402.010052723E-03
-210.992000E-06,-201.005027372E-03
-210.984000E-06,-201.005026698E-03
-210.976000E-06,-402.010052722E-03
-210.968000E-06,-201.005027373E-03
-210.960000E-06,-201.005026698E-03
-210.952000E-06,-201.005026698E-03
-210.944000E-06,-402.010052721E-03
-210.936000E-06,-402.010053396E-03
-210.928000E-06,-201.005027374E-03
-210.920000E-06,-201.005026698E-03
-210.912000E-06,-201.005026698E-03
-210.904000E-06,-201.005026698E-03
-210.896000E-06,-201.005026698E-03
-210.888000E-06,-402.010052719E-03
-210.880000E-06,-201.005027375E-03
-210.872000E-06,-201.005026698E-03
-210.864000E-06,-201.005026698E-03
-210.856000E-06,-201.005026698E-03
-210.848000E-06,-201.005026698E-03
-210.840000E-06,-201.005026698E-03
-210.832000E-06,-201.005026698E-03
-210.824000E-06,-201.005026698E-03
-210.816000E-06,-201.005026698E-03
-210.808000E-06,-201.005026698E-03
-210.800000E-06,-402.010052716E-03
-210.792000E-06,-201.005027378E-03
-210.784000E-06,-201.005026698E-03
-210.776000E-06,-402.010052715E-03
-210.768000E-06,-201.005027379E-03
-210.760000E-06,-402.010052715E-03
-210.752000E-06,-201.005027380E-03
-210.744000E-06,-201.005026698E-03
-210.736000E-06,-201.005026698E-03
-210.728000E-06,-201.005026698E-03
-210.720000E-06,-201.005026698E-03
-210.712000E-06,-201.005026698E-03
-210.704000E-06,-201.005026698E-03
-210.696000E-06,-402.010052713E-03
-210.688000E-06,-201.005027381E-03
-210.680000E-06,-402.010052713E-03
-210.672000E-06,-201.005027382E-03
-210.664000E-06,-201.005026698E-03
-210.656000E-06,-201.005026698E-03
-210.648000E-06,-201.005026698E-03
-210.640000E-06,-201.005026698E-03
-210.632000E-06,-201.005026698E-03
-210.624000E-06,-402.010052711E-03
-210.616000E-06,-201.005027383E-03
-210.608000E-06,-201.005026698E-03
-210.600000E-06,-201.005026698E-03
-210.592000E-06,-201.005026698E-03
-210.584000E-06,-201.005026698E-03
-210.576000E-06,-201.005026698E-03
-210.568000E-06,-201.005026698E-03
-210.560000E-06,-201.005026698E-03
-210.552000E-06,-201.005026698E-03
-210.544000E-06,-201.005026698E-03
-210.536000E-06,-201.005026698E-03
-210.528000E-06,-201.005026698E-03
-210.520000E-06,-201.005026698E-03
-210.512000E-06,-201.005026698E-03
-210.504000E-06,-402.010052707E-03
-210.496000E-06,-402.010053396E-03
-210.488000E-06,-201.005027387E-03
-210.480000E-06,-201.005026698E-03
-210.472000E-06,-201.005026698E-03
-210.464000E-06,-402.010052707E-03
-210.456000E-06,-201.005027388E-03
-210.448000E-06,-402.010052706E-03
-210.440000E-06,-201.005027388E-03
-210.432000E-06,-402.010052705E-03
-210.424000E-06,-402.010053396E-03
-210.416000E-06,-201.005027389E-03
-210.408000E-06,-201.005026698E-03
-210.400000E-06,-201.005026698E-03
-210.392000E-06,-402.010052704E-03
-210.384000E-06,-201.005027391E-03
-210.376000E-06,-201.005026698E-03
-210.368000E-06,-201.005026698E-03
-210.360000E-06,-201.005026698E-03
-210.352000E-06,-201.005026698E-03
-210.344000E-06,-201.005026698E-03
-210.336000E-06,-201.005026698E-03
-210.328000E-06,-201.005026698E-03
-210.320000E-06,-402.010052702E-03
-210.312000E-06,-201.005027393E-03
-210.304000E-06,-201.005026698E-03
-210.296000E-06,-201.005026698E-03
-210.288000E-06,-201.005026698E-03
-210.280000E-06,-201.005026698E-03
-210.272000E-06,-201.005026698E-03
-210.264000E-06,-201.005026698E-03
-210.256000E-06,-201.005026698E-03
-210.248000E-06,-402.010052700E-03
-210.240000E-06,-201.005027395E-03
-210.232000E-06,-201.005026698E-03
-210.224000E-06,-402.010052699E-03
-210.216000E-06,-201.005027396E-03
-210.208000E-06,-201.005026698E-03
-210.200000E-06,-201.005026698E-03
-210.192000E-06,-201.005026698E-03
-210.184000E-06,-698E-12
-210.176000E-06,-201.005026000E-03
-210.168000E-06,-201.005026698E-03
-210.160000E-06,-201.005026698E-03
-210.152000E-06,-402.010052697E-03
-210.144000E-06,-402.010053396E-03
-210.136000E-06,-402.010053396E-03
-210.128000E-06,-402.010053396E-03
-210.120000E-06,-201.005027399E-03
-210.112000E-06,-201.005026698E-03
-210.104000E-06,-201.005026698E-03
-210.096000E-06,-402.010052695E-03
-210.088000E-06,-201.005027399E-03
-210.080000E-06,-201.005026698E-03
-210.072000E-06,-201.005026698E-03
-210.064000E-06,-201.005026698E-03
-210.056000E-06,-201.005026698E-03
-210.048000E-06,-402.010052694E-03
-210.040000E-06,-201.005027401E-03
-210.032000E-06,-201.005026698E-03
-210.024000E-06,-201.005026698E-03
-210.016000E-06,-201.005026698E-03
-210.008000E-06,-402.010052693E-03
-210.000000E-06,-201.005027402E-03
-209.992000E-06,-201.005026698E-03
-209.984000E-06,-201.005026698E-03
-209.976000E-06,-201.005026698E-03
-209.968000E-06,-201.005026698E-03
-209.960000E-06,-201.005026698E-03
-209.952000E-06,-201.005026698E-03
-209.944000E-06,-201.005026698E-03
-209.936000E-06,-201.005026698E-03
-209.928000E-06,-201.005026698E-03
-209.920000E-06,-402.010052690E-03
-209.912000E-06,-402.010053396E-03
-209.904000E-06,-201.005027405E-03
-209.896000E-06,-201.005026698E-03
-209.888000E-06,-201.005026698E-03
-209.880000E-06,-201.005026698E-03
-209.872000E-06,-201.005026698E-03
-209.864000E-06,-402.010052688E-03
-209.856000E-06,-402.010053396E-03
-209.848000E-06,-201.005027407E-03
-209.840000E-06,-402.010052688E-03
-209.832000E-06,-201.005027407E-03
-209.824000E-06,-201.005026698E-03
-209.816000E-06,-201.005026698E-03
-209.808000E-06,-201.005026698E-03
-209.800000E-06,-201.005026698E-03
-209.792000E-06,-201.005026698E-03
-209.784000E-06,-201.005026698E-03
-209.776000E-06,-402.010052685E-03
-209.768000E-06,-201.005027409E-03
-209.760000E-06,-402.010052685E-03
-209.752000E-06,-201.005027410E-03
-209.744000E-06,-201.005026698E-03
-209.736000E-06,-201.005026698E-03
-209.728000E-06,-201.005026698E-03
-209.720000E-06,-201.005026698E-03
-209.712000E-06,-201.005026698E-03
-209.704000E-06,-201.005026698E-03
-209.696000E-06,-402.010052683E-03
-209.688000E-06,-201.005027411E-03
-209.680000E-06,-201.005026698E-03
-209.672000E-06,-201.005026698E-03
-209.664000E-06,-201.005026698E-03
-209.656000E-06,-201.005026698E-03
-209.648000E-06,-201.005026698E-03
-209.640000E-06,-201.005026698E-03
-209.632000E-06,-201.005026698E-03
-209.624000E-06,-402.010052681E-03
-209.616000E-06,-402.010053396E-03
-209.608000E-06,-201.005027414E-03
-209.600000E-06,-201.005026698E-03
-209.592000E-06,-201.005026698E-03
-209.584000E-06,-201.005026698E-03
-209.576000E-06,-201.005026698E-03
-209.568000E-06,-201.005026698E-03
-209.560000E-06,-201.005026698E-03
-209.552000E-06,-201.005026698E-03
-209.544000E-06,-201.005026698E-03
-209.536000E-06,-201.005026698E-03
-209.528000E-06,-201.005026698E-03
-209.520000E-06,-201.005026698E-03
-209.512000E-06,-201.005026698E-03
-209.504000E-06,-201.005026698E-03
-209.496000E-06,-201.005026698E-03
-209.488000E-06,-201.005026698E-03
-209.480000E-06,-201.005026698E-03
-209.472000E-06,-201.005026698E-03
-209.464000E-06,-201.005026698E-03
-209.456000E-06,-201.005026698E-03
-209.448000E-06,-201.005026698E-03
-209.440000E-06,-201.005026698E-03
-209.432000E-06,-201.005026698E-03
-209.424000E-06,-201.005026698E-03
-209.416000E-06,-201.005026698E-03
-209.408000E-06,-201.005026698E-03
-209.400000E-06,-201.005026698E-03
-209.392000E-06,-201.005026698E-03
-209.384000E-06,-201.005026698E-03
-209.376000E-06,-402.010052674E-03
-209.368000E-06,-1.445E-09
-209.360000E-06,-201.005025975E-03
-209.352000E-06,-201.005026698E-03
-209.344000E-06,-201.005026698E-03
-209.336000E-06,-201.005026698E-03
-209.328000E-06,-201.005026698E-03
-209.320000E-06,-201.005026698E-03
-209.312000E-06,-201.005026698E-03
-209.304000E-06,-201.005026698E-03
-209.296000E-06,-402.010052672E-03
-209.288000E-06,-402.010053396E-03
-209.280000E-06,-201.005027424E-03
-209.272000E-06,-201.005026698E-03
-209.264000E-06,-201.005026698E-03
-209.256000E-06,-201.005026698E-03
-209.248000E-06,-201.005026698E-03
-209.240000E-06,-402.010052669E-03
-209.232000E-06,-201.005027425E-03
-209.224000E-06,-402.010052669E-03
-209.216000E-06,-201.005027426E-03
-209.208000E-06,-201.005026698E-03
-209.200000E-06,-201.005026698E-03
-209.192000E-06,-201.005026698E-03
-209.184000E-06,-201.005026698E-03
-209.176000E-06,-201.005026698E-03
-209.168000E-06,-201.005026698E-03
-209.160000E-06,-201.005026698E-03
-209.152000E-06,-201.005026698E-03
-209.144000E-06,-201.005026698E-03
-209.136000E-06,-201.005026698E-03
-209.128000E-06,-201.005026698E-03
-209.120000E-06,-201.005026698E-03
-209.112000E-06,-201.005026698E-03
-209.104000E-06,-201.005026698E-03
-209.096000E-06,-201.005026698E-03
-209.088000E-06,-201.005026698E-03
-209.080000E-06,-201.005026698E-03
-209.072000E-06,-201.005026698E-03
-209.064000E-06,-201.005026698E-03
-209.056000E-06,-201.005026698E-03
-209.048000E-06,-201.005026698E-03
-209.040000E-06,-201.005026698E-03
-209.032000E-06,-402.010052664E-03
-209.024000E-06,-201.005027432E-03
-209.016000E-06,-201.005026698E-03
-209.008000E-06,-201.005026698E-03
-209.000000E-06,-201.005026698E-03
-208.992000E-06,-201.005026698E-03
-208.984000E-06,-201.005026698E-03
-208.976000E-06,-201.005026698E-03
-208.968000E-06,-201.005026698E-03
-208.960000E-06,-201.005026698E-03
-208.952000E-06,-201.005026698E-03
-208.944000E-06,-201.005026698E-03
-208.936000E-06,-201.005026698E-03
-208.928000E-06,-201.005026698E-03
-208.920000E-06,-736E-12
-208.912000E-06,-201.005025962E-03
-208.904000E-06,-201.005026698E-03
-208.896000E-06,-402.010052659E-03
-208.888000E-06,-402.010053396E-03
-208.880000E-06,-402.010053396E-03
-208.872000E-06,-201.005027436E-03
-208.864000E-06,-201.005026698E-03
-208.856000E-06,-201.005026698E-03
-208.848000E-06,-201.005026698E-03
-208.840000E-06,-402.010052658E-03
-208.832000E-06,-201.005027437E-03
-208.824000E-06,-201.005026698E-03
-208.816000E-06,-201.005026698E-03
-208.808000E-06,-201.005026698E-03
-208.800000E-06,-201.005026698E-03
-208.792000E-06,-201.005026698E-03
-208.784000E-06,-402.010052656E-03
-208.776000E-06,-201.005027439E-03
-208.768000E-06,-201.005026698E-03
-208.760000E-06,-201.005026698E-03
-208.752000E-06,-402.010052655E-03
-208.744000E-06,-201.005027440E-03
-208.736000E-06,-201.005026698E-03
-208.728000E-06,-201.005026698E-03
-208.720000E-06,-201.005026698E-03
-208.712000E-06,-201.005026698E-03
-208.704000E-06,-201.005026698E-03
-208.696000E-06,-201.005026698E-03
-208.688000E-06,-201.005026698E-03
-208.680000E-06,-201.005026698E-03
-208.672000E-06,-201.005026698E-03
-208.664000E-06,-201.005026698E-03
-208.656000E-06,-402.010052652E-03
-208.648000E-06,-201.005027443E-03
-208.640000E-06,-201.005026698E-03
-208.632000E-06,-201.005026698E-03
-208.624000E-06,-201.005026698E-03
-208.616000E-06,-201.005026698E-03
-208.608000E-06,-402.010052650E-03
-208.600000E-06,-201.005027444E-03
-208.592000E-06,-402.010052650E-03
-208.584000E-06,-201.005027445E-03
-208.576000E-06,-201.005026698E-03
-208.568000E-06,-201.005026698E-03
-208.560000E-06,-201.005026698E-03
-208.552000E-06,-201.005026698E-03
-208.544000E-06,-201.005026698E-03
-208.536000E-06,-201.005026698E-03
-208.528000E-06,-201.005026698E-03
-208.520000E-06,-201.005026698E-03
-208.512000E-06,-201.005026698E-03
-208.504000E-06,-201.005026698E-03
-208.496000E-06,-201.005026698E-03
-208.488000E-06,-201.005026698E-03
-208.480000E-06,-201.005026698E-03
-208.472000E-06,-201.005026698E-03
-208.464000E-06,-402.010052646E-03
-208.456000E-06,-201.005027448E-03
-208.448000E-06,-201.005026698E-03
-208.440000E-06,-201.005026698E-03
-208.432000E-06,-201.005026698E-03
-208.424000E-06,-201.005026698E-03
-208.416000E-06,-201.005026698E-03
-208.408000E-06,-201.005026698E-03
-208.400000E-06,-201.005026698E-03
-208.392000E-06,-201.005026698E-03
-208.384000E-06,-201.005026698E-03
-208.376000E-06,-201.005026698E-03
-208.368000E-06,-201.005026698E-03
-208.360000E-06,-201.005026698E-03
-208.352000E-06,-201.005026698E-03
-208.344000E-06,-201.005026698E-03
-208.336000E-06,-201.005026698E-03
-208.328000E-06,-201.005026698E-03
-208.320000E-06,-201.005026698E-03
-208.312000E-06,-201.005026698E-03
-208.304000E-06,-201.005026698E-03
-208.296000E-06,-201.005026698E-03
-208.288000E-06,-201.005026698E-03
-208.280000E-06,-201.005026698E-03
-208.272000E-06,-201.005026698E-03
-208.264000E-06,-201.005026698E-03
-208.256000E-06,-201.005026698E-03
-208.248000E-06,-201.005026698E-03
-208.240000E-06,-402.010052639E-03
-208.232000E-06,-201.005027455E-03
-208.224000E-06,-201.005026698E-03
-208.216000E-06,-201.005026698E-03
-208.208000E-06,-201.005026698E-03
-208.200000E-06,-402.010052639E-03
-208.192000E-06,-201.005027456E-03
-208.184000E-06,-201.005026698E-03
-208.176000E-06,-201.005026698E-03
-208.168000E-06,-201.005026698E-03
-208.160000E-06,-201.005026698E-03
-208.152000E-06,-402.010052637E-03
-208.144000E-06,-201.005027458E-03
-208.136000E-06,-201.005026698E-03
-208.128000E-06,-201.005026698E-03
-208.120000E-06,-201.005026698E-03
-208.112000E-06,-201.005026698E-03
-208.104000E-06,-402.010052636E-03
-208.096000E-06,-201.005027459E-03
-208.088000E-06,-201.005026698E-03
-208.080000E-06,-402.010052635E-03
-208.072000E-06,-201.005027460E-03
-208.064000E-06,-201.005026698E-03
-208.056000E-06,-201.005026698E-03
-208.048000E-06,-201.005026698E-03
-208.040000E-06,-402.010052634E-03
-208.032000E-06,-201.005027461E-03
-208.024000E-06,-201.005026698E-03
-208.016000E-06,-402.010052633E-03
-208.008000E-06,-201.005027462E-03
-208.000000E-06,-201.005026698E-03
-207.992000E-06,-402.010052632E-03
-207.984000E-06,-402.010053396E-03
-207.976000E-06,-201.005027463E-03
-207.968000E-06,-201.005026698E-03
-207.960000E-06,-402.010052631E-03
-207.952000E-06,-201.005027464E-03
-207.944000E-06,-201.005026698E-03
-207.936000E-06,-201.005026698E-03
-207.928000E-06,-201.005026698E-03
-207.920000E-06,-201.005026698E-03
-207.912000E-06,-201.005026698E-03
-207.904000E-06,-201.005026698E-03
-207.896000E-06,-402.010052629E-03
-207.888000E-06,-201.005027465E-03
-207.880000E-06,-201.005026698E-03
-207.872000E-06,-201.005026698E-03
-207.864000E-06,-201.005026698E-03
-207.856000E-06,-201.005026698E-03
-207.848000E-06,-402.010052628E-03
-207.840000E-06,-402.010053396E-03
-207.832000E-06,-402.010053396E-03
-207.824000E-06,-201.005027467E-03
-207.816000E-06,-402.010052627E-03
-207.808000E-06,-201.005027467E-03
-207.800000E-06,-201.005026698E-03
-207.792000E-06,-201.005026698E-03
-207.784000E-06,-402.010052626E-03
-207.776000E-06,-201.005027469E-03
-207.768000E-06,-201.005026698E-03
-207.760000E-06,-201.005026698E-03
-207.752000E-06,-201.005026698E-03
-207.744000E-06,-201.005026698E-03
-207.736000E-06,-402.010052625E-03
-207.728000E-06,-402.010053396E-03
-207.720000E-06,-402.010053396E-03
-207.712000E-06,-201.005027470E-03
-207.704000E-06,-201.005026698E-03
-207.696000E-06,-201.005026698E-03
-207.688000E-06,-201.005026698E-03
-207.680000E-06,-201.005026698E-03
-207.672000E-06,-402.010052623E-03
-207.664000E-06,-402.010053396E-03
-207.656000E-06,-201.005027473E-03
-207.648000E-06,-201.005026698E-03
-207.640000E-06,-402.010052622E-03
-207.632000E-06,-402.010053396E-03
-207.624000E-06,-201.005027473E-03
-207.616000E-06,-402.010052621E-03
-207.608000E-06,-402.010053396E-03
-207.600000E-06,-201.005027474E-03
-207.592000E-06,-201.005026698E-03
-207.584000E-06,-201.005026698E-03
-207.576000E-06,-201.005026698E-03
-207.568000E-06,-402.010052620E-03
-207.560000E-06,-201.005027475E-03
-207.552000E-06,-201.005026698E-03
-207.544000E-06,-402.010052619E-03
-207.536000E-06,-402.010053396E-03
-207.528000E-06,-201.005027476E-03
-207.520000E-06,-201.005026698E-03
-207.512000E-06,-201.005026698E-03
-207.504000E-06,-402.010052617E-03
-207.496000E-06,-201.005027477E-03
-207.488000E-06,-201.005026698E-03
-207.480000E-06,-201.005026698E-03
-207.472000E-06,-201.005026698E-03
-207.464000E-06,-201.005026698E-03
-207.456000E-06,-201.005026698E-03
-207.448000E-06,-201.005026698E-03
-207.440000E-06,-201.005026698E-03
-207.432000E-06,-402.010052615E-03
-207.424000E-06,-402.010053396E-03
-207.416000E-06,-201.005027480E-03
-207.408000E-06,-402.010052615E-03
-207.400000E-06,-201.005027480E-03
-207.392000E-06,-402.010052614E-03
-207.384000E-06,-201.005027481E-03
-207.376000E-06,-402.010052614E-03
-207.368000E-06,-402.010053396E-03
-207.360000E-06,-402.010053396E-03
-207.352000E-06,-201.005027481E-03
-207.344000E-06,-201.005026698E-03
-207.336000E-06,-201.005026698E-03
-207.328000E-06,-201.005026698E-03
-207.320000E-06,-201.005026698E-03
-207.312000E-06,-201.005026698E-03
-207.304000E-06,-402.010052612E-03
-207.296000E-06,-402.010053396E-03
-207.288000E-06,-402.010053396E-03
-207.280000E-06,-402.010053396E-03
-207.272000E-06,-201.005027484E-03
-207.264000E-06,-201.005026698E-03
-207.256000E-06,-402.010052610E-03
-207.248000E-06,-201.005027484E-03
-207.240000E-06,-402.010052609E-03
-207.232000E-06,-201.005027485E-03
-207.224000E-06,-402.010052609E-03
-207.216000E-06,-402.010053396E-03
-207.208000E-06,-402.010053396E-03
-207.200000E-06,-201.005027486E-03
-207.192000E-06,-402.010052608E-03
-207.184000E-06,-402.010053396E-03
-207.176000E-06,-201.005027486E-03
-207.168000E-06,-402.010052607E-03
-207.160000E-06,-402.010053396E-03
-207.152000E-06,-201.005027487E-03
-207.144000E-06,-201.005026698E-03
-207.136000E-06,-201.005026698E-03
-207.128000E-06,-201.005026698E-03
-207.120000E-06,-201.005026698E-03
-207.112000E-06,-402.010052606E-03
-207.104000E-06,-201.005027489E-03
-207.096000E-06,-201.005026698E-03
-207.088000E-06,-402.010052605E-03
-207.080000E-06,-201.005027489E-03
-207.072000E-06,-201.005026698E-03
-207.064000E-06,-201.005026698E-03
-207.056000E-06,-201.005026698E-03
-207.048000E-06,-201.005026698E-03
-207.040000E-06,-201.005026698E-03
-207.032000E-06,-402.010052604E-03
-207.024000E-06,-201.005027492E-03
-207.016000E-06,-201.005026698E-03
-207.008000E-06,-402.010052603E-03
-207.000000E-06,-201.005027492E-03
-206.992000E-06,-201.005026698E-03
-206.984000E-06,-201.005026698E-03
-206.976000E-06,-201.005026698E-03
-206.968000E-06,-402.010052601E-03
-206.960000E-06,-402.010053396E-03
-206.952000E-06,-402.010053396E-03
-206.944000E-06,-201.005027494E-03
-206.936000E-06,-402.010052601E-03
-206.928000E-06,-201.005027494E-03
-206.920000E-06,-201.005026698E-03
-206.912000E-06,-201.005026698E-03
-206.904000E-06,-402.010052599E-03
-206.896000E-06,-201.005027495E-03
-206.888000E-06,-402.010052599E-03
-206.880000E-06,-402.010053396E-03
-206.872000E-06,-402.010053396E-03
-206.864000E-06,-402.010053396E-03
-206.856000E-06,-201.005027497E-03
-206.848000E-06,-201.005026698E-03
-206.840000E-06,-402.010052598E-03
-206.832000E-06,-201.005027497E-03
-206.824000E-06,-402.010052597E-03
-206.816000E-06,-402.010053396E-03
-206.808000E-06,-201.005027498E-03
-206.800000E-06,-201.005026698E-03
-206.792000E-06,-201.005026698E-03
-206.784000E-06,-201.005026698E-03
-206.776000E-06,-201.005026698E-03
-206.768000E-06,-402.010052596E-03
-206.760000E-06,-402.010053396E-03
-206.752000E-06,-402.010053396E-03
-206.744000E-06,-402.010053396E-03
-206.736000E-06,-402.010053396E-03
-206.728000E-06,-201.005027500E-03
-206.720000E-06,-402.010052594E-03
-206.712000E-06,-402.010053396E-03
-206.704000E-06,-402.010053396E-03
-206.696000E-06,-201.005027501E-03
-206.688000E-06,-402.010052593E-03
-206.680000E-06,-201.005027502E-03
-206.672000E-06,-402.010052593E-03
-206.664000E-06,-402.010053396E-03
-206.656000E-06,-402.010053396E-03
-206.648000E-06,-201.005027502E-03
-206.640000E-06,-201.005026698E-03
-206.632000E-06,-402.010052591E-03
-206.624000E-06,-402.010053396E-03
-206.616000E-06,-201.005027503E-03
-206.608000E-06,-402.010052590E-03
-206.600000E-06,-402.010053396E-03
-206.592000E-06,-201.005027504E-03
-206.584000E-06,-201.005026698E-03
-206.576000E-06,-201.005026698E-03
-206.568000E-06,-402.010052590E-03
-206.560000E-06,-402.010053396E-03
-206.552000E-06,-402.010053396E-03
-206.544000E-06,-402.010053396E-03
-206.536000E-06,-402.010053396E-03
-206.528000E-06,-402.010053396E-03
-206.520000E-06,-402.010053396E-03
-206.512000E-06,-402.010053396E-03
-206.504000E-06,-201.005027507E-03
-206.496000E-06,-402.010052587E-03
-206.488000E-06,-402.010053396E-03
-206.480000E-06,-402.010053396E-03
-206.472000E-06,-402.010053396E-03
-206.464000E-06,-201.005027508E-03
-206.456000E-06,-201.005026698E-03
-206.448000E-06,-201.005026698E-03
-206.440000E-06,-402.010052585E-03
-206.432000E-06,-201.005027509E-03
-206.424000E-06,-201.005026698E-03
-206.416000E-06,-402.010052585E-03
-206.408000E-06,-402.010053396E-03
-206.400000E-06,-201.005027510E-03
-206.392000E-06,-402.010052584E-03
-206.384000E-06,-201.005027511E-03
-206.376000E-06,-402.010052584E-03
-206.368000E-06,-201.005027511E-03
-206.360000E-06,-201.005026698E-03
-206.352000E-06,-402.010052583E-03
-206.344000E-06,-402.010053396E-03
-206.336000E-06,-201.005027512E-03
-206.328000E-06,-402.010052582E-03
-206.320000E-06,-201.005027513E-03
-206.312000E-06,-201.005026698E-03
-206.304000E-06,-402.010052582E-03
-206.296000E-06,-402.010053396E-03
-206.288000E-06,-402.010053396E-03
-206.280000E-06,-402.010053396E-03
-206.272000E-06,-402.010053396E-03
-206.264000E-06,-402.010053396E-03
-206.256000E-06,-402.010053396E-03
-206.248000E-06,-201.005027515E-03
-206.240000E-06,-201.005026698E-03
-206.232000E-06,-201.005026698E-03
-206.224000E-06,-201.005026698E-03
-206.216000E-06,-402.010052579E-03
-206.208000E-06,-402.010053396E-03
-206.200000E-06,-402.010053396E-03
-206.192000E-06,-402.010053396E-03
-206.184000E-06,-402.010053396E-03
-206.176000E-06,-201.005027517E-03
-206.168000E-06,-402.010052577E-03
-206.160000E-06,-402.010053396E-03
-206.152000E-06,-402.010053396E-03
-206.144000E-06,-201.005027518E-03
-206.136000E-06,-402.010052576E-03
-206.128000E-06,-402.010053396E-03
-206.120000E-06,-402.010053396E-03
-206.112000E-06,-402.010053396E-03
-206.104000E-06,-402.010053396E-03
-206.096000E-06,-402.010053396E-03
-206.088000E-06,-402.010053396E-03
-206.080000E-06,-201.005027519E-03
-206.072000E-06,-402.010052574E-03
-206.064000E-06,-402.010053396E-03
-206.056000E-06,-201.005027520E-03
-206.048000E-06,-402.010052574E-03
-206.040000E-06,-402.010053396E-03
-206.032000E-06,-402.010053396E-03
-206.024000E-06,-402.010053396E-03
-206.016000E-06,-201.005027522E-03
-206.008000E-06,-402.010052573E-03
-206.000000E-06,-201.005027522E-03
-205.992000E-06,-402.010052572E-03
-205.984000E-06,-402.010053396E-03
-205.976000E-06,-402.010053396E-03
-205.968000E-06,-402.010053396E-03
-205.960000E-06,-201.005027523E-03
-205.952000E-06,-201.005026698E-03
-205.944000E-06,-402.010052571E-03
-205.936000E-06,-201.005027524E-03
-205.928000E-06,-201.005026698E-03
-205.920000E-06,-402.010052570E-03
-205.912000E-06,-402.010053396E-03
-205.904000E-06,-402.010053396E-03
-205.896000E-06,-402.010053396E-03
-205.888000E-06,-402.010053396E-03
-205.880000E-06,-402.010053396E-03
-205.872000E-06,-201.005027526E-03
-205.864000E-06,-402.010052568E-03
-205.856000E-06,-402.010053396E-03
-205.848000E-06,-402.010053396E-03
-205.840000E-06,-402.010053396E-03
-205.832000E-06,-402.010053396E-03
-205.824000E-06,-402.010053396E-03
-205.816000E-06,-402.010053396E-03
-205.808000E-06,-402.010053396E-03
-205.800000E-06,-201.005027528E-03
-205.792000E-06,-402.010052566E-03
-205.784000E-06,-402.010053396E-03
-205.776000E-06,-402.010053396E-03
-205.768000E-06,-402.010053396E-03
-205.760000E-06,-201.005027530E-03
-205.752000E-06,-201.005026698E-03
-205.744000E-06,-402.010052565E-03
-205.736000E-06,-402.010053396E-03
-205.728000E-06,-402.010053396E-03
-205.720000E-06,-201.005027530E-03
-205.712000E-06,-402.010052563E-03
-205.704000E-06,-201.005027531E-03
-205.696000E-06,-402.010052563E-03
-205.688000E-06,-402.010053396E-03
-205.680000E-06,-402.010053396E-03
-205.672000E-06,-201.005027532E-03
-205.664000E-06,-402.010052562E-03
-205.656000E-06,-402.010053396E-03
-205.648000E-06,-201.005027532E-03
-205.640000E-06,-402.010052561E-03
-205.632000E-06,-402.010053396E-03
-205.624000E-06,-201.005027533E-03
-205.616000E-06,-201.005026698E-03
-205.608000E-06,-402.010052560E-03
-205.600000E-06,-402.010053396E-03
-205.592000E-06,-402.010053396E-03
-205.584000E-06,-402.010053396E-03
-205.576000E-06,-402.010053396E-03
-205.568000E-06,-402.010053396E-03
-205.560000E-06,-201.005027535E-03
-205.552000E-06,-402.010052559E-03
-205.544000E-06,-402.010053396E-03
-205.536000E-06,-201.005027536E-03
-205.528000E-06,-201.005026698E-03
-205.520000E-06,-402.010052558E-03
-205.512000E-06,-402.010053396E-03
-205.504000E-06,-402.010053396E-03
-205.496000E-06,-402.010053396E-03
-205.488000E-06,-201.005027538E-03
-205.480000E-06,-201.005026698E-03
-205.472000E-06,-402.010052557E-03
-205.464000E-06,-201.005027538E-03
-205.456000E-06,-402.010052556E-03
-205.448000E-06,-402.010053396E-03
-205.440000E-06,-402.010053396E-03
-205.432000E-06,-402.010053396E-03
-205.424000E-06,-402.010053396E-03
-205.416000E-06,-402.010053396E-03
-205.408000E-06,-402.010053396E-03
-205.400000E-06,-402.010053396E-03
-205.392000E-06,-402.010053396E-03
-205.384000E-06,-402.010053396E-03
-205.376000E-06,-402.010053396E-03
-205.368000E-06,-402.010053396E-03
-205.360000E-06,-402.010053396E-03
-205.352000E-06,-402.010053396E-03
-205.344000E-06,-402.010053396E-03
-205.336000E-06,-402.010053396E-03
-205.328000E-06,-402.010053396E-03
-205.320000E-06,-201.005027543E-03
-205.312000E-06,-402.010052552E-03
-205.304000E-06,-402.010053396E-03
-205.296000E-06,-201.005027543E-03
-205.288000E-06,-402.010052551E-03
-205.280000E-06,-402.010053396E-03
-205.272000E-06,-402.010053396E-03
-205.264000E-06,-402.010053396E-03
-205.256000E-06,-402.010053396E-03
-205.248000E-06,-402.010053396E-03
-205.240000E-06,-402.010053396E-03
-205.232000E-06,-402.010053396E-03
-205.224000E-06,-402.010053396E-03
-205.216000E-06,-402.010053396E-03
-205.208000E-06,-402.010053396E-03
-205.200000E-06,-402.010053396E-03
-205.192000E-06,-402.010053396E-03
-205.184000E-06,-402.010053396E-03
-205.176000E-06,-402.010053396E-03
-205.168000E-06,-402.010053396E-03
-205.160000E-06,-402.010053396E-03
-205.152000E-06,-402.010053396E-03
-205.144000E-06,-402.010053396E-03
-205.136000E-06,-402.010053396E-03
-205.128000E-06,-402.010053396E-03
-205.120000E-06,-402.010053396E-03
-205.112000E-06,-402.010053396E-03
-205.104000E-06,-402.010053396E-03
-205.096000E-06,-402.010053396E-03
-205.088000E-06,-402.010053396E-03
-205.080000E-06,-402.010053396E-03
-205.072000E-06,-402.010053396E-03
-205.064000E-06,-402.010053396E-03
-205.056000E-06,-402.010053396E-03
-205.048000E-06,-402.010053396E-03
-205.040000E-06,-402.010053396E-03
-205.032000E-06,-402.010053396E-03
-205.024000E-06,-402.010053396E-03
-205.016000E-06,-402.010053396E-03
-205.008000E-06,-402.010053396E-03
-205.000000E-06,-402.010053396E-03
-204.992000E-06,-402.010053396E-03
-204.984000E-06,-402.010053396E-03
-204.976000E-06,-402.010053396E-03
-204.968000E-06,-402.010053396E-03
-204.960000E-06,-402.010053396E-03
-204.952000E-06,-402.010053396E-03
-204.944000E-06,-402.010053396E-03
-204.936000E-06,-402.010053396E-03
-204.928000E-06,-402.010053396E-03
-204.920000E-06,-402.010053396E-03
-204.912000E-06,-603.015079238E-03
-204.904000E-06,-402.010054253E-03
-204.896000E-06,-402.010053396E-03
-204.888000E-06,-402.010053396E-03
-204.880000E-06,-402.010053396E-03
-204.872000E-06,-402.010053396E-03
-204.864000E-06,-402.010053396E-03
-204.856000E-06,-402.010053396E-03
-204.848000E-06,-402.010053396E-03
-204.840000E-06,-402.010053396E-03
-204.832000E-06,-402.010053396E-03
-204.824000E-06,-402.010053396E-03
-204.816000E-06,-402.010053396E-03
-204.808000E-06,-402.010053396E-03
-204.800000E-06,-402.010053396E-03
-204.792000E-06,-402.010053396E-03
-204.784000E-06,-402.010053396E-03
-204.776000E-06,-402.010053396E-03
-204.768000E-06,-402.010053396E-03
-204.760000E-06,-402.010053396E-03
-204.752000E-06,-402.010053396E-03
-204.744000E-06,-402.010053396E-03
-204.736000E-06,-402.010053396E-03
-204.728000E-06,-402.010053396E-03
-204.720000E-06,-402.010053396E-03
-204.712000E-06,-402.010053396E-03
-204.704000E-06,-402.010053396E-03
-204.696000E-06,-402.010053396E-03
-204.688000E-06,-402.010053396E-03
-204.680000E-06,-402.010053396E-03
-204.672000E-06,-402.010053396E-03
-204.664000E-06,-603.015079230E-03
-204.656000E-06,-402.010054261E-03
-204.648000E-06,-402.010053396E-03
-204.640000E-06,-402.010053396E-03
-204.632000E-06,-402.010053396E-03
-204.624000E-06,-402.010053396E-03
-204.616000E-06,-402.010053396E-03
-204.608000E-06,-402.010053396E-03
-204.600000E-06,-402.010053396E-03
-204.592000E-06,-402.010053396E-03
-204.584000E-06,-402.010053396E-03
-204.576000E-06,-603.015079228E-03
-204.568000E-06,-402.010054263E-03
-204.560000E-06,-402.010053396E-03
-204.552000E-06,-402.010053396E-03
-204.544000E-06,-603.015079226E-03
-204.536000E-06,-402.010054264E-03
-204.528000E-06,-402.010053396E-03
-204.520000E-06,-402.010053396E-03
-204.512000E-06,-402.010053396E-03
-204.504000E-06,-402.010053396E-03
-204.496000E-06,-603.015079225E-03
-204.488000E-06,-402.010054266E-03
-204.480000E-06,-402.010053396E-03
-204.472000E-06,-402.010053396E-03
-204.464000E-06,-402.010053396E-03
-204.456000E-06,-603.015079224E-03
-204.448000E-06,-201.005028438E-03
-204.440000E-06,-402.010052525E-03
-204.432000E-06,-402.010053396E-03
-204.424000E-06,-402.010053396E-03
-204.416000E-06,-402.010053396E-03
-204.408000E-06,-402.010053396E-03
-204.400000E-06,-402.010053396E-03
-204.392000E-06,-402.010053396E-03
-204.384000E-06,-402.010053396E-03
-204.376000E-06,-402.010053396E-03
-204.368000E-06,-402.010053396E-03
-204.360000E-06,-603.015079221E-03
-204.352000E-06,-402.010054269E-03
-204.344000E-06,-402.010053396E-03
-204.336000E-06,-402.010053396E-03
-204.328000E-06,-402.010053396E-03
-204.320000E-06,-402.010053396E-03
-204.312000E-06,-402.010053396E-03
-204.304000E-06,-402.010053396E-03
-204.296000E-06,-402.010053396E-03
-204.288000E-06,-402.010053396E-03
-204.280000E-06,-603.015079219E-03
-204.272000E-06,-402.010054272E-03
-204.264000E-06,-402.010053396E-03
-204.256000E-06,-603.015079218E-03
-204.248000E-06,-603.015080094E-03
-204.240000E-06,-603.015080094E-03
-204.232000E-06,-402.010054273E-03
-204.224000E-06,-402.010053396E-03
-204.216000E-06,-402.010053396E-03
-204.208000E-06,-402.010053396E-03
-204.200000E-06,-402.010053396E-03
-204.192000E-06,-402.010053396E-03
-204.184000E-06,-603.015079216E-03
-204.176000E-06,-402.010054275E-03
-204.168000E-06,-603.015079215E-03
-204.160000E-06,-402.010054275E-03
-204.152000E-06,-402.010053396E-03
-204.144000E-06,-402.010053396E-03
-204.136000E-06,-402.010053396E-03
-204.128000E-06,-402.010053396E-03
-204.120000E-06,-402.010053396E-03
-204.112000E-06,-402.010053396E-03
-204.104000E-06,-402.010053396E-03
-204.096000E-06,-402.010053396E-03
-204.088000E-06,-603.015079213E-03
-204.080000E-06,-603.015080094E-03
-204.072000E-06,-402.010054278E-03
-204.064000E-06,-402.010053396E-03
-204.056000E-06,-402.010053396E-03
-204.048000E-06,-603.015079212E-03
-204.040000E-06,-603.015080094E-03
-204.032000E-06,-402.010054280E-03
-204.024000E-06,-402.010053396E-03
-204.016000E-06,-603.015079211E-03
-204.008000E-06,-402.010054280E-03
-204.000000E-06,-402.010053396E-03
-203.992000E-06,-402.010053396E-03
-203.984000E-06,-402.010053396E-03
-203.976000E-06,-402.010053396E-03
-203.968000E-06,-402.010053396E-03
-203.960000E-06,-402.010053396E-03
-203.952000E-06,-603.015079209E-03
-203.944000E-06,-402.010054282E-03
-203.936000E-06,-603.015079208E-03
-203.928000E-06,-402.010054283E-03
-203.920000E-06,-402.010053396E-03
-203.912000E-06,-402.010053396E-03
-203.904000E-06,-402.010053396E-03
-203.896000E-06,-603.015079207E-03
-203.888000E-06,-402.010054283E-03
-203.880000E-06,-402.010053396E-03
-203.872000E-06,-402.010053396E-03
-203.864000E-06,-402.010053396E-03
-203.856000E-06,-402.010053396E-03
-203.848000E-06,-402.010053396E-03
-203.840000E-06,-603.015079206E-03
-203.832000E-06,-603.015080094E-03
-203.824000E-06,-402.010054285E-03
-203.816000E-06,-402.010053396E-03
-203.808000E-06,-402.010053396E-03
-203.800000E-06,-402.010053396E-03
-203.792000E-06,-402.010053396E-03
-203.784000E-06,-603.015079204E-03
-203.776000E-06,-603.015080094E-03
-203.768000E-06,-603.015080094E-03
-203.760000E-06,-402.010054288E-03
-203.752000E-06,-402.010053396E-03
-203.744000E-06,-603.015079203E-03
-203.736000E-06,-603.015080094E-03
-203.728000E-06,-402.010054288E-03
-203.720000E-06,-402.010053396E-03
-203.712000E-06,-402.010053396E-03
-203.704000E-06,-402.010053396E-03
-203.696000E-06,-603.015079201E-03
-203.688000E-06,-603.015080094E-03
-203.680000E-06,-603.015080094E-03
-203.672000E-06,-402.010054290E-03
-203.664000E-06,-402.010053396E-03
-203.656000E-06,-402.010053396E-03
-203.648000E-06,-603.015079200E-03
-203.640000E-06,-402.010054291E-03
-203.632000E-06,-402.010053396E-03
-203.624000E-06,-603.015079199E-03
-203.616000E-06,-603.015080094E-03
-203.608000E-06,-402.010054292E-03
-203.600000E-06,-603.015079199E-03
-203.592000E-06,-603.015080094E-03
-203.584000E-06,-402.010054293E-03
-203.576000E-06,-603.015079198E-03
-203.568000E-06,-402.010054293E-03
-203.560000E-06,-402.010053396E-03
-203.552000E-06,-402.010053396E-03
-203.544000E-06,-402.010053396E-03
-203.536000E-06,-402.010053396E-03
-203.528000E-06,-402.010053396E-03
-203.520000E-06,-402.010053396E-03
-203.512000E-06,-402.010053396E-03
-203.504000E-06,-402.010053396E-03
-203.496000E-06,-402.010053396E-03
-203.488000E-06,-603.015079195E-03
-203.480000E-06,-603.015080094E-03
-203.472000E-06,-603.015080094E-03
-203.464000E-06,-603.015080094E-03
-203.456000E-06,-402.010054296E-03
-203.448000E-06,-402.010053396E-03
-203.440000E-06,-603.015079193E-03
-203.432000E-06,-402.010054297E-03
-203.424000E-06,-603.015079193E-03
-203.416000E-06,-402.010054298E-03
-203.408000E-06,-402.010053396E-03
-203.400000E-06,-603.015079192E-03
-203.392000E-06,-402.010054299E-03
-203.384000E-06,-402.010053396E-03
-203.376000E-06,-603.015079191E-03
-203.368000E-06,-402.010054299E-03
-203.360000E-06,-402.010053396E-03
-203.352000E-06,-402.010053396E-03
-203.344000E-06,-402.010053396E-03
-203.336000E-06,-603.015079191E-03
-203.328000E-06,-402.010054300E-03
-203.320000E-06,-402.010053396E-03
-203.312000E-06,-402.010053396E-03
-203.304000E-06,-402.010053396E-03
-203.296000E-06,-402.010053396E-03
-203.288000E-06,-402.010053396E-03
-203.280000E-06,-603.015079189E-03
-203.272000E-06,-402.010054302E-03
-203.264000E-06,-402.010053396E-03
-203.256000E-06,-603.015079188E-03
-203.248000E-06,-603.015080094E-03
-203.240000E-06,-402.010054303E-03
-203.232000E-06,-603.015079188E-03
-203.224000E-06,-603.015080094E-03
-203.216000E-06,-402.010054304E-03
-203.208000E-06,-603.015079187E-03
-203.200000E-06,-603.015080094E-03
-203.192000E-06,-603.015080094E-03
-203.184000E-06,-402.010054304E-03
-203.176000E-06,-603.015079185E-03
-203.168000E-06,-603.015080094E-03
-203.160000E-06,-402.010054305E-03
-203.152000E-06,-402.010053396E-03
-203.144000E-06,-603.015079185E-03
-203.136000E-06,-402.010054306E-03
-203.128000E-06,-402.010053396E-03
-203.120000E-06,-603.015079184E-03
-203.112000E-06,-402.010054307E-03
-203.104000E-06,-402.010053396E-03
-203.096000E-06,-603.015079183E-03
-203.088000E-06,-603.015080094E-03
-203.080000E-06,-603.015080094E-03
-203.072000E-06,-402.010054308E-03
-203.064000E-06,-402.010053396E-03
-203.056000E-06,-603.015079182E-03
-203.048000E-06,-402.010054309E-03
-203.040000E-06,-603.015079182E-03
-203.032000E-06,-402.010054310E-03
-203.024000E-06,-603.015079181E-03
-203.016000E-06,-603.015080094E-03
-203.008000E-06,-603.015080094E-03
-203.000000E-06,-603.015080094E-03
-202.992000E-06,-603.015080094E-03
-202.984000E-06,-402.010054311E-03
-202.976000E-06,-402.010053396E-03
-202.968000E-06,-603.015079180E-03
-202.960000E-06,-402.010054312E-03
-202.952000E-06,-402.010053396E-03
-202.944000E-06,-402.010053396E-03
-202.936000E-06,-402.010053396E-03
-202.928000E-06,-603.015079178E-03
-202.920000E-06,-603.015080094E-03
-202.912000E-06,-603.015080094E-03
-202.904000E-06,-402.010054313E-03
-202.896000E-06,-603.015079177E-03
-202.888000E-06,-603.015080094E-03
-202.880000E-06,-603.015080094E-03
-202.872000E-06,-402.010054314E-03
-202.864000E-06,-603.015079176E-03
-202.856000E-06,-603.015080094E-03
-202.848000E-06,-603.015080094E-03
-202.840000E-06,-603.015080094E-03
-202.832000E-06,-402.010054315E-03
-202.824000E-06,-402.010053396E-03
-202.816000E-06,-603.015079174E-03
-202.808000E-06,-603.015080094E-03
-202.800000E-06,-603.015080094E-03
-202.792000E-06,-603.015080094E-03
-202.784000E-06,-603.015080094E-03
-202.776000E-06,-603.015080094E-03
-202.768000E-06,-603.015080094E-03
-202.760000E-06,-402.010054318E-03
-202.752000E-06,-603.015079173E-03
-202.744000E-06,-402.010054318E-03
-202.736000E-06,-603.015079172E-03
-202.728000E-06,-603.015080094E-03
-202.720000E-06,-603.015080094E-03
-202.712000E-06,-402.010054319E-03
-202.704000E-06,-402.010053396E-03
-202.696000E-06,-402.010053396E-03
-202.688000E-06,-402.010053396E-03
-202.680000E-06,-402.010053396E-03
-202.672000E-06,-603.015079171E-03
-202.664000E-06,-603.015080094E-03
-202.656000E-06,-603.015080094E-03
-202.648000E-06,-603.015080094E-03
-202.640000E-06,-603.015080094E-03
-202.632000E-06,-603.015080094E-03
-202.624000E-06,-402.010054321E-03
-202.616000E-06,-603.015079169E-03
-202.608000E-06,-603.015080094E-03
-202.600000E-06,-402.010054322E-03
-202.592000E-06,-402.010053396E-03
-202.584000E-06,-603.015079168E-03
-202.576000E-06,-603.015080094E-03
-202.568000E-06,-603.015080094E-03
-202.560000E-06,-402.010054323E-03
-202.552000E-06,-603.015079167E-03
-202.544000E-06,-402.010054324E-03
-202.536000E-06,-402.010053396E-03
-202.528000E-06,-603.015079166E-03
-202.520000E-06,-402.010054325E-03
-202.512000E-06,-603.015079166E-03
-202.504000E-06,-402.010054325E-03
-202.496000E-06,-603.015079165E-03
-202.488000E-06,-402.010054326E-03
-202.480000E-06,-402.010053396E-03
-202.472000E-06,-603.015079164E-03
-202.464000E-06,-603.015080094E-03
-202.456000E-06,-603.015080094E-03
-202.448000E-06,-603.015080094E-03
-202.440000E-06,-402.010054327E-03
-202.432000E-06,-603.015079163E-03
-202.424000E-06,-603.015080094E-03
-202.416000E-06,-402.010054328E-03
-202.408000E-06,-402.010053396E-03
-202.400000E-06,-603.015079162E-03
-202.392000E-06,-402.010054329E-03
-202.384000E-06,-402.010053396E-03
-202.376000E-06,-603.015079161E-03
-202.368000E-06,-603.015080094E-03
-202.360000E-06,-603.015080094E-03
-202.352000E-06,-402.010054330E-03
-202.344000E-06,-603.015079161E-03
-202.336000E-06,-603.015080094E-03
-202.328000E-06,-603.015080094E-03
-202.320000E-06,-402.010054331E-03
-202.312000E-06,-603.015079160E-03
-202.304000E-06,-603.015080094E-03
-202.296000E-06,-603.015080094E-03
-202.288000E-06,-603.015080094E-03
-202.280000E-06,-603.015080094E-03
-202.272000E-06,-402.010054332E-03
-202.264000E-06,-402.010053396E-03
-202.256000E-06,-603.015079158E-03
-202.248000E-06,-603.015080094E-03
-202.240000E-06,-603.015080094E-03
-202.232000E-06,-603.015080094E-03
-202.224000E-06,-603.015080094E-03
-202.216000E-06,-402.010054334E-03
-202.208000E-06,-603.015079157E-03
-202.200000E-06,-402.010054334E-03
-202.192000E-06,-402.010053396E-03
-202.184000E-06,-603.015079156E-03
-202.176000E-06,-402.010054335E-03
-202.168000E-06,-402.010053396E-03
-202.160000E-06,-402.010053396E-03
-202.152000E-06,-603.015079155E-03
-202.144000E-06,-402.010054336E-03
-202.136000E-06,-603.015079155E-03
-202.128000E-06,-603.015080094E-03
-202.120000E-06,-603.015080094E-03
-202.112000E-06,-603.015080094E-03
-202.104000E-06,-603.015080094E-03
-202.096000E-06,-603.015080094E-03
-202.088000E-06,-402.010054337E-03
-202.080000E-06,-603.015079152E-03
-202.072000E-06,-603.015080094E-03
-202.064000E-06,-603.015080094E-03
-202.056000E-06,-402.010054339E-03
-202.048000E-06,-603.015079152E-03
-202.040000E-06,-603.015080094E-03
-202.032000E-06,-603.015080094E-03
-202.024000E-06,-402.010054340E-03
-202.016000E-06,-402.010053396E-03
-202.008000E-06,-402.010053396E-03
-202.000000E-06,-603.015079150E-03
-201.992000E-06,-603.015080094E-03
-201.984000E-06,-603.015080094E-03
-201.976000E-06,-402.010054341E-03
-201.968000E-06,-402.010053396E-03
-201.960000E-06,-402.010053396E-03
-201.952000E-06,-402.010053396E-03
-201.944000E-06,-603.015079149E-03
-201.936000E-06,-603.015080094E-03
-201.928000E-06,-402.010054342E-03
-201.920000E-06,-603.015079148E-03
-201.912000E-06,-402.010054343E-03
-201.904000E-06,-603.015079147E-03
-201.896000E-06,-603.015080094E-03
-201.888000E-06,-603.015080094E-03
-201.880000E-06,-603.015080094E-03
-201.872000E-06,-603.015080094E-03
-201.864000E-06,-603.015080094E-03
-201.856000E-06,-402.010054345E-03
-201.848000E-06,-603.015079146E-03
-201.840000E-06,-603.015080094E-03
-201.832000E-06,-603.015080094E-03
-201.824000E-06,-603.015080094E-03
-201.816000E-06,-402.010054346E-03
-201.808000E-06,-603.015079144E-03
-201.800000E-06,-603.015080094E-03
-201.792000E-06,-603.015080094E-03
-201.784000E-06,-603.015080094E-03
-201.776000E-06,-603.015080094E-03
-201.768000E-06,-603.015080094E-03
-201.760000E-06,-603.015080094E-03
-201.752000E-06,-402.010054348E-03
-201.744000E-06,-603.015079142E-03
-201.736000E-06,-603.015080094E-03
-201.728000E-06,-603.015080094E-03
-201.720000E-06,-603.015080094E-03
-201.712000E-06,-603.015080094E-03
-201.704000E-06,-603.015080094E-03
-201.696000E-06,-603.015080094E-03
-201.688000E-06,-603.015080094E-03
-201.680000E-06,-603.015080094E-03
-201.672000E-06,-402.010054350E-03
-201.664000E-06,-603.015079140E-03
-201.656000E-06,-603.015080094E-03
-201.648000E-06,-603.015080094E-03
-201.640000E-06,-402.010054351E-03
-201.632000E-06,-603.015079139E-03
-201.624000E-06,-603.015080094E-03
-201.616000E-06,-603.015080094E-03
-201.608000E-06,-402.010054352E-03
-201.600000E-06,-603.015079139E-03
-201.592000E-06,-603.015080094E-03
-201.584000E-06,-603.015080094E-03
-201.576000E-06,-603.015080094E-03
-201.568000E-06,-402.010054353E-03
-201.560000E-06,-402.010053396E-03
-201.552000E-06,-603.015079137E-03
-201.544000E-06,-603.015080094E-03
-201.536000E-06,-402.010054354E-03
-201.528000E-06,-603.015079136E-03
-201.520000E-06,-603.015080094E-03
-201.512000E-06,-402.010054355E-03
-201.504000E-06,-603.015079136E-03
-201.496000E-06,-603.015080094E-03
-201.488000E-06,-603.015080094E-03
-201.480000E-06,-603.015080094E-03
-201.472000E-06,-603.015080094E-03
-201.464000E-06,-603.015080094E-03
-201.456000E-06,-603.015080094E-03
-201.448000E-06,-603.015080094E-03
-201.440000E-06,-402.010054357E-03
-201.432000E-06,-603.015079133E-03
-201.424000E-06,-402.010054358E-03
-201.416000E-06,-603.015079133E-03
-201.408000E-06,-603.015080094E-03
-201.400000E-06,-402.010054359E-03
-201.392000E-06,-603.015079132E-03
-201.384000E-06,-603.015080094E-03
-201.376000E-06,-603.015080094E-03
-201.368000E-06,-603.015080094E-03
-201.360000E-06,-603.015080094E-03
-201.352000E-06,-603.015080094E-03
-201.344000E-06,-603.015080094E-03
-201.336000E-06,-603.015080094E-03
-201.328000E-06,-603.015080094E-03
-201.320000E-06,-402.010054361E-03
-201.312000E-06,-603.015079130E-03
-201.304000E-06,-402.010054361E-03
-201.296000E-06,-603.015079129E-03
-201.288000E-06,-603.015080094E-03
-201.280000E-06,-603.015080094E-03
-201.272000E-06,-603.015080094E-03
-201.264000E-06,-603.015080094E-03
-201.256000E-06,-603.015080094E-03
-201.248000E-06,-603.015080094E-03
-201.240000E-06,-603.015080094E-03
-201.232000E-06,-402.010054364E-03
-201.224000E-06,-603.015079127E-03
-201.216000E-06,-402.010054364E-03
-201.208000E-06,-603.015079126E-03
-201.200000E-06,-402.010054364E-03
-201.192000E-06,-603.015079126E-03
-201.184000E-06,-603.015080094E-03
-201.176000E-06,-603.015080094E-03
-201.168000E-06,-603.015080094E-03
-201.160000E-06,-603.015080094E-03
-201.152000E-06,-402.010054366E-03
-201.144000E-06,-402.010053396E-03
-201.136000E-06,-603.015079124E-03
-201.128000E-06,-603.015080094E-03
-201.120000E-06,-603.015080094E-03
-201.112000E-06,-402.010054367E-03
-201.104000E-06,-603.015079123E-03
-201.096000E-06,-603.015080094E-03
-201.088000E-06,-603.015080094E-03
-201.080000E-06,-603.015080094E-03
-201.072000E-06,-603.015080094E-03
-201.064000E-06,-402.010054368E-03
-201.056000E-06,-603.015079122E-03
-201.048000E-06,-402.010054369E-03
-201.040000E-06,-603.015079122E-03
-201.032000E-06,-603.015080094E-03
-201.024000E-06,-402.010054370E-03
-201.016000E-06,-603.015079121E-03
-201.008000E-06,-603.015080094E-03
-201.000000E-06,-603.015080094E-03
-200.992000E-06,-603.015080094E-03
-200.984000E-06,-603.015080094E-03
-200.976000E-06,-402.010054371E-03
-200.968000E-06,-603.015079120E-03
-200.960000E-06,-603.015080094E-03
-200.952000E-06,-603.015080094E-03
-200.944000E-06,-603.015080094E-03
-200.936000E-06,-603.015080094E-03
-200.928000E-06,-804.020105816E-03
-200.920000E-06,-402.010055349E-03
-200.912000E-06,-402.010053396E-03
-200.904000E-06,-603.015079117E-03
-200.896000E-06,-402.010054373E-03
-200.888000E-06,-603.015079117E-03
-200.880000E-06,-603.015080094E-03
-200.872000E-06,-603.015080094E-03
-200.864000E-06,-402.010054375E-03
-200.856000E-06,-603.015079116E-03
-200.848000E-06,-402.010054375E-03
-200.840000E-06,-603.015079115E-03
-200.832000E-06,-402.010054375E-03
-200.824000E-06,-402.010053396E-03
-200.816000E-06,-402.010053396E-03
-200.808000E-06,-603.015079114E-03
-200.800000E-06,-603.015080094E-03
-200.792000E-06,-603.015080094E-03
-200.784000E-06,-603.015080094E-03
-200.776000E-06,-603.015080094E-03
-200.768000E-06,-603.015080094E-03
-200.760000E-06,-603.015080094E-03
-200.752000E-06,-402.010054378E-03
-200.744000E-06,-603.015079112E-03
-200.736000E-06,-603.015080094E-03
-200.728000E-06,-603.015080094E-03
-200.720000E-06,-402.010054379E-03
-200.712000E-06,-402.010053396E-03
-200.704000E-06,-402.010053396E-03
-200.696000E-06,-603.015079111E-03
-200.688000E-06,-603.015080094E-03
-200.680000E-06,-603.015080094E-03
-200.672000E-06,-603.015080094E-03
-200.664000E-06,-603.015080094E-03
-200.656000E-06,-603.015080094E-03
-200.648000E-06,-603.015080094E-03
-200.640000E-06,-402.010054381E-03
-200.632000E-06,-603.015079109E-03
-200.624000E-06,-603.015080094E-03
-200.616000E-06,-603.015080094E-03
-200.608000E-06,-603.015080094E-03
-200.600000E-06,-603.015080094E-03
-200.592000E-06,-603.015080094E-03
-200.584000E-06,-603.015080094E-03
-200.576000E-06,-603.015080094E-03
-200.568000E-06,-402.010054383E-03
-200.560000E-06,-402.010053396E-03
-200.552000E-06,-603.015079107E-03
-200.544000E-06,-603.015080094E-03
-200.536000E-06,-603.015080094E-03
-200.528000E-06,-402.010054384E-03
-200.520000E-06,-603.015079106E-03
-200.512000E-06,-603.015080094E-03
-200.504000E-06,-603.015080094E-03
-200.496000E-06,-603.015080094E-03
-200.488000E-06,-603.015080094E-03
-200.480000E-06,-603.015080094E-03
-200.472000E-06,-603.015080094E-03
-200.464000E-06,-603.015080094E-03
-200.456000E-06,-603.015080094E-03
-200.448000E-06,-603.015080094E-03
-200.440000E-06,-603.015080094E-03
-200.432000E-06,-603.015080094E-03
-200.424000E-06,-603.015080094E-03
-200.416000E-06,-402.010054388E-03
-200.408000E-06,-402.010053396E-03
-200.400000E-06,-402.010053396E-03
-200.392000E-06,-603.015079102E-03
-200.384000E-06,-402.010054389E-03
-200.376000E-06,-603.015079101E-03
-200.368000E-06,-402.010054389E-03
-200.360000E-06,-603.015079101E-03
-200.352000E-06,-402.010054390E-03
-200.344000E-06,-402.010053396E-03
-200.336000E-06,-603.015079101E-03
-200.328000E-06,-603.015080094E-03
-200.320000E-06,-402.010054391E-03
-200.312000E-06,-603.015079100E-03
-200.304000E-06,-603.015080094E-03
-200.296000E-06,-603.015080094E-03
-200.288000E-06,-402.010054391E-03
-200.280000E-06,-603.015079098E-03
-200.272000E-06,-603.015080094E-03
-200.264000E-06,-402.010054392E-03
-200.256000E-06,-603.015079098E-03
-200.248000E-06,-603.015080094E-03
-200.240000E-06,-603.015080094E-03
-200.232000E-06,-603.015080094E-03
-200.224000E-06,-603.015080094E-03
-200.216000E-06,-603.015080094E-03
-200.208000E-06,-603.015080094E-03
-200.200000E-06,-603.015080094E-03
-200.192000E-06,-603.015080094E-03
-200.184000E-06,-603.015080094E-03
-200.176000E-06,-603.015080094E-03
-200.168000E-06,-603.015080094E-03
-200.160000E-06,-603.015080094E-03
-200.152000E-06,-603.015080094E-03
-200.144000E-06,-402.010054396E-03
-200.136000E-06,-603.015079094E-03
-200.128000E-06,-603.015080094E-03
-200.120000E-06,-402.010054397E-03
-200.112000E-06,-603.015079093E-03
-200.104000E-06,-603.015080094E-03
-200.096000E-06,-603.015080094E-03
-200.088000E-06,-402.010054398E-03
-200.080000E-06,-603.015079093E-03
-200.072000E-06,-603.015080094E-03
-200.064000E-06,-603.015080094E-03
-200.056000E-06,-603.015080094E-03
-200.048000E-06,-603.015080094E-03
-200.040000E-06,-603.015080094E-03
-200.032000E-06,-402.010054400E-03
-200.024000E-06,-603.015079091E-03
-200.016000E-06,-402.010054400E-03
-200.008000E-06,-402.010053396E-03
-200.000000E-06,-402.010053396E-03
-199.992000E-06,-603.015079090E-03
-199.984000E-06,-402.010054401E-03
-199.976000E-06,-603.015079090E-03
-199.968000E-06,-603.015080094E-03
-199.960000E-06,-402.010054402E-03
-199.952000E-06,-402.010053396E-03
-199.944000E-06,-402.010053396E-03
-199.936000E-06,-402.010053396E-03
-199.928000E-06,-603.015079088E-03
-199.920000E-06,-603.015080094E-03
-199.912000E-06,-402.010054403E-03
-199.904000E-06,-603.015079087E-03
-199.896000E-06,-402.010054403E-03
-199.888000E-06,-603.015079087E-03
-199.880000E-06,-603.015080094E-03
-199.872000E-06,-603.015080094E-03
-199.864000E-06,-603.015080094E-03
-199.856000E-06,-402.010054405E-03
-199.848000E-06,-603.015079086E-03
-199.840000E-06,-603.015080094E-03
-199.832000E-06,-402.010054405E-03
-199.824000E-06,-603.015079085E-03
-199.816000E-06,-603.015080094E-03
-199.808000E-06,-603.015080094E-03
-199.800000E-06,-603.015080094E-03
-199.792000E-06,-603.015080094E-03
-199.784000E-06,-603.015080094E-03
-199.776000E-06,-603.015080094E-03
-199.768000E-06,-603.015080094E-03
-199.760000E-06,-603.015080094E-03
-199.752000E-06,-603.015080094E-03
-199.744000E-06,-603.015080094E-03
-199.736000E-06,-603.015080094E-03
-199.728000E-06,-603.015080094E-03
-199.720000E-06,-603.015080094E-03
-199.712000E-06,-402.010054409E-03
-199.704000E-06,-402.010053396E-03
-199.696000E-06,-402.010053396E-03
-199.688000E-06,-603.015079081E-03
-199.680000E-06,-603.015080094E-03
-199.672000E-06,-603.015080094E-03
-199.664000E-06,-402.010054410E-03
-199.656000E-06,-402.010053396E-03
-199.648000E-06,-402.010053396E-03
-199.640000E-06,-603.015079079E-03
-199.632000E-06,-603.015080094E-03
-199.624000E-06,-402.010054412E-03
-199.616000E-06,-603.015079079E-03
-199.608000E-06,-402.010054412E-03
-199.600000E-06,-402.010053396E-03
-199.592000E-06,-603.015079078E-03
-199.584000E-06,-603.015080094E-03
-199.576000E-06,-402.010054413E-03
-199.568000E-06,-603.015079077E-03
-199.560000E-06,-603.015080094E-03
-199.552000E-06,-201.005028734E-03
-199.544000E-06,-402.010052378E-03
-199.536000E-06,-402.010053396E-03
-199.528000E-06,-402.010053396E-03
-199.520000E-06,-603.015079076E-03
-199.512000E-06,-603.015080094E-03
-199.504000E-06,-603.015080094E-03
-199.496000E-06,-603.015080094E-03
-199.488000E-06,-603.015080094E-03
-199.480000E-06,-402.010054416E-03
-199.472000E-06,-603.015079074E-03
-199.464000E-06,-603.015080094E-03
-199.456000E-06,-603.015080094E-03
-199.448000E-06,-603.015080094E-03
-199.440000E-06,-402.010054417E-03
-199.432000E-06,-402.010053396E-03
-199.424000E-06,-402.010053396E-03
-199.416000E-06,-402.010053396E-03
-199.408000E-06,-402.010053396E-03
-199.400000E-06,-402.010053396E-03
-199.392000E-06,-603.015079072E-03
-199.384000E-06,-402.010054419E-03
-199.376000E-06,-603.015079071E-03
-199.368000E-06,-402.010054419E-03
-199.360000E-06,-603.015079071E-03
-199.352000E-06,-402.010054420E-03
-199.344000E-06,-402.010053396E-03
-199.336000E-06,-603.015079071E-03
-199.328000E-06,-402.010054421E-03
-199.320000E-06,-402.010053396E-03
-199.312000E-06,-603.015079070E-03
-199.304000E-06,-402.010054421E-03
-199.296000E-06,-603.015079069E-03
-199.288000E-06,-402.010054421E-03
-199.280000E-06,-402.010053396E-03
-199.272000E-06,-603.015079068E-03
-199.264000E-06,-402.010054422E-03
-199.256000E-06,-402.010053396E-03
-199.248000E-06,-402.010053396E-03
-199.240000E-06,-603.015079068E-03
-199.232000E-06,-402.010054424E-03
-199.224000E-06,-603.015079067E-03
-199.216000E-06,-603.015080094E-03
-199.208000E-06,-402.010054424E-03
-199.200000E-06,-603.015079066E-03
-199.192000E-06,-402.010054424E-03
-199.184000E-06,-402.010053396E-03
-199.176000E-06,-402.010053396E-03
-199.168000E-06,-402.010053396E-03
-199.160000E-06,-402.010053396E-03
-199.152000E-06,-402.010053396E-03
-199.144000E-06,-402.010053396E-03
-199.136000E-06,-603.015079064E-03
-199.128000E-06,-402.010054427E-03
-199.120000E-06,-603.015079064E-03
-199.112000E-06,-402.010054427E-03
-199.104000E-06,-402.010053396E-03
-199.096000E-06,-402.010053396E-03
-199.088000E-06,-603.015079063E-03
-199.080000E-06,-603.015080094E-03
-199.072000E-06,-402.010054428E-03
-199.064000E-06,-402.010053396E-03
-199.056000E-06,-603.015079062E-03
-199.048000E-06,-402.010054429E-03
-199.040000E-06,-402.010053396E-03
-199.032000E-06,-402.010053396E-03
-199.024000E-06,-402.010053396E-03
-199.016000E-06,-402.010053396E-03
-199.008000E-06,-402.010053396E-03
-199.000000E-06,-402.010053396E-03
-198.992000E-06,-402.010053396E-03
-198.984000E-06,-402.010053396E-03
-198.976000E-06,-402.010053396E-03
-198.968000E-06,-402.010053396E-03
-198.960000E-06,-603.015079059E-03
-198.952000E-06,-603.015080094E-03
-198.944000E-06,-402.010054432E-03
-198.936000E-06,-402.010053396E-03
-198.928000E-06,-402.010053396E-03
-198.920000E-06,-603.015079057E-03
-198.912000E-06,-402.010054433E-03
-198.904000E-06,-402.010053396E-03
-198.896000E-06,-402.010053396E-03
-198.888000E-06,-402.010053396E-03
-198.880000E-06,-603.015079057E-03
-198.872000E-06,-402.010054434E-03
-198.864000E-06,-402.010053396E-03
-198.856000E-06,-402.010053396E-03
-198.848000E-06,-402.010053396E-03
-198.840000E-06,-402.010053396E-03
-198.832000E-06,-603.015079055E-03
-198.824000E-06,-603.015080094E-03
-198.816000E-06,-603.015080094E-03
-198.808000E-06,-603.015080094E-03
-198.800000E-06,-402.010054436E-03
-198.792000E-06,-603.015079054E-03
-198.784000E-06,-402.010054437E-03
-198.776000E-06,-402.010053396E-03
-198.768000E-06,-603.015079053E-03
-198.760000E-06,-402.010054438E-03
-198.752000E-06,-402.010053396E-03
-198.744000E-06,-402.010053396E-03
-198.736000E-06,-402.010053396E-03
-198.728000E-06,-402.010053396E-03
-198.720000E-06,-402.010053396E-03
-198.712000E-06,-402.010053396E-03
-198.704000E-06,-402.010053396E-03
-198.696000E-06,-402.010053396E-03
-198.688000E-06,-402.010053396E-03
-198.680000E-06,-402.010053396E-03
-198.672000E-06,-402.010053396E-03
-198.664000E-06,-402.010053396E-03
-198.656000E-06,-402.010053396E-03
-198.648000E-06,-402.010053396E-03
-198.640000E-06,-402.010053396E-03
-198.632000E-06,-402.010053396E-03
-198.624000E-06,-402.010053396E-03
-198.616000E-06,-402.010053396E-03
-198.608000E-06,-402.010053396E-03
-198.600000E-06,-402.010053396E-03
-198.592000E-06,-402.010053396E-03
-198.584000E-06,-402.010053396E-03
-198.576000E-06,-603.015079047E-03
-198.568000E-06,-402.010054443E-03
-198.560000E-06,-402.010053396E-03
-198.552000E-06,-402.010053396E-03
-198.544000E-06,-603.015079046E-03
-198.536000E-06,-402.010054444E-03
-198.528000E-06,-402.010053396E-03
-198.520000E-06,-402.010053396E-03
-198.512000E-06,-402.010053396E-03
-198.504000E-06,-402.010053396E-03
-198.496000E-06,-603.015079045E-03
-198.488000E-06,-402.010054446E-03
-198.480000E-06,-603.015079044E-03
-198.472000E-06,-402.010054446E-03
-198.464000E-06,-402.010053396E-03
-198.456000E-06,-603.015079044E-03
-198.448000E-06,-402.010054447E-03
-198.440000E-06,-402.010053396E-03
-198.432000E-06,-402.010053396E-03
-198.424000E-06,-603.015079043E-03
-198.416000E-06,-402.010054448E-03
-198.408000E-06,-402.010053396E-03
-198.400000E-06,-402.010053396E-03
-198.392000E-06,-402.010053396E-03
-198.384000E-06,-402.010053396E-03
-198.376000E-06,-402.010053396E-03
-198.368000E-06,-201.005027751E-03
-198.360000E-06,-402.010052342E-03
-198.352000E-06,-402.010053396E-03
-198.344000E-06,-402.010053396E-03
-198.336000E-06,-402.010053396E-03
-198.328000E-06,-402.010053396E-03
-198.320000E-06,-402.010053396E-03
-198.312000E-06,-402.010053396E-03
-198.304000E-06,-603.015079039E-03
-198.296000E-06,-402.010054451E-03
-198.288000E-06,-402.010053396E-03
-198.280000E-06,-402.010053396E-03
-198.272000E-06,-402.010053396E-03
-198.264000E-06,-402.010053396E-03
-198.256000E-06,-402.010053396E-03
-198.248000E-06,-603.015079038E-03
-198.240000E-06,-402.010054453E-03
-198.232000E-06,-402.010053396E-03
-198.224000E-06,-402.010053396E-03
-198.216000E-06,-402.010053396E-03
-198.208000E-06,-402.010053396E-03
-198.200000E-06,-402.010053396E-03
-198.192000E-06,-402.010053396E-03
-198.184000E-06,-402.010053396E-03
-198.176000E-06,-402.010053396E-03
-198.168000E-06,-603.015079035E-03
-198.160000E-06,-603.015080094E-03
-198.152000E-06,-402.010054456E-03
-198.144000E-06,-402.010053396E-03
-198.136000E-06,-402.010053396E-03
-198.128000E-06,-603.015079034E-03
-198.120000E-06,-402.010054457E-03
-198.112000E-06,-402.010053396E-03
-198.104000E-06,-402.010053396E-03
-198.096000E-06,-402.010053396E-03
-198.088000E-06,-402.010053396E-03
-198.080000E-06,-402.010053396E-03
-198.072000E-06,-402.010053396E-03
-198.064000E-06,-402.010053396E-03
-198.056000E-06,-402.010053396E-03
-198.048000E-06,-402.010053396E-03
-198.040000E-06,-402.010053396E-03
-198.032000E-06,-402.010053396E-03
-198.024000E-06,-603.015079031E-03
-198.016000E-06,-402.010054460E-03
-198.008000E-06,-402.010053396E-03
-198.000000E-06,-402.010053396E-03
-197.992000E-06,-402.010053396E-03
-197.984000E-06,-402.010053396E-03
-197.976000E-06,-402.010053396E-03
-197.968000E-06,-603.015079029E-03
-197.960000E-06,-402.010054462E-03
-197.952000E-06,-402.010053396E-03
-197.944000E-06,-402.010053396E-03
-197.936000E-06,-603.015079028E-03
-197.928000E-06,-402.010054462E-03
-197.920000E-06,-402.010053396E-03
-197.912000E-06,-402.010053396E-03
-197.904000E-06,-402.010053396E-03
-197.896000E-06,-402.010053396E-03
-197.888000E-06,-402.010053396E-03
-197.880000E-06,-402.010053396E-03
-197.872000E-06,-402.010053396E-03
-197.864000E-06,-402.010053396E-03
-197.856000E-06,-402.010053396E-03
-197.848000E-06,-402.010053396E-03
-197.840000E-06,-402.010053396E-03
-197.832000E-06,-603.015079025E-03
-197.824000E-06,-402.010054466E-03
-197.816000E-06,-402.010053396E-03
-197.808000E-06,-402.010053396E-03
-197.800000E-06,-402.010053396E-03
-197.792000E-06,-402.010053396E-03
-197.784000E-06,-201.005027769E-03
-197.776000E-06,-402.010052326E-03
-197.768000E-06,-201.005027769E-03
-197.760000E-06,-402.010052325E-03
-197.752000E-06,-402.010053396E-03
-197.744000E-06,-402.010053396E-03
-197.736000E-06,-402.010053396E-03
-197.728000E-06,-402.010053396E-03
-197.720000E-06,-402.010053396E-03
-197.712000E-06,-402.010053396E-03
-197.704000E-06,-402.010053396E-03
-197.696000E-06,-402.010053396E-03
-197.688000E-06,-402.010053396E-03
-197.680000E-06,-402.010053396E-03
-197.672000E-06,-402.010053396E-03
-197.664000E-06,-402.010053396E-03
-197.656000E-06,-402.010053396E-03
-197.648000E-06,-402.010053396E-03
-197.640000E-06,-402.010053396E-03
-197.632000E-06,-402.010053396E-03
-197.624000E-06,-402.010053396E-03
-197.616000E-06,-402.010053396E-03
-197.608000E-06,-402.010053396E-03
-197.600000E-06,-402.010053396E-03
-197.592000E-06,-402.010053396E-03
-197.584000E-06,-402.010053396E-03
-197.576000E-06,-402.010053396E-03
-197.568000E-06,-603.015079017E-03
-197.560000E-06,-402.010054473E-03
-197.552000E-06,-402.010053396E-03
-197.544000E-06,-402.010053396E-03
-197.536000E-06,-402.010053396E-03
-197.528000E-06,-201.005027777E-03
-197.520000E-06,-402.010052318E-03
-197.512000E-06,-402.010053396E-03
-197.504000E-06,-402.010053396E-03
-197.496000E-06,-402.010053396E-03
-197.488000E-06,-402.010053396E-03
-197.480000E-06,-402.010053396E-03
-197.472000E-06,-402.010053396E-03
-197.464000E-06,-402.010053396E-03
-197.456000E-06,-402.010053396E-03
-197.448000E-06,-402.010053396E-03
-197.440000E-06,-402.010053396E-03
-197.432000E-06,-201.005027780E-03
-197.424000E-06,-402.010052315E-03
-197.416000E-06,-402.010053396E-03
-197.408000E-06,-402.010053396E-03
-197.400000E-06,-402.010053396E-03
-197.392000E-06,-402.010053396E-03
-197.384000E-06,-201.005027781E-03
-197.376000E-06,-402.010052313E-03
-197.368000E-06,-402.010053396E-03
-197.360000E-06,-402.010053396E-03
-197.352000E-06,-402.010053396E-03
-197.344000E-06,-402.010053396E-03
-197.336000E-06,-402.010053396E-03
-197.328000E-06,-402.010053396E-03
-197.320000E-06,-402.010053396E-03
-197.312000E-06,-201.005027783E-03
-197.304000E-06,-402.010052311E-03
-197.296000E-06,-402.010053396E-03
-197.288000E-06,-603.015079008E-03
-197.280000E-06,-402.010054482E-03
-197.272000E-06,-402.010053396E-03
-197.264000E-06,-402.010053396E-03
-197.256000E-06,-402.010053396E-03
-197.248000E-06,-402.010053396E-03
-197.240000E-06,-402.010053396E-03
-197.232000E-06,-402.010053396E-03
-197.224000E-06,-402.010053396E-03
-197.216000E-06,-402.010053396E-03
-197.208000E-06,-402.010053396E-03
-197.200000E-06,-402.010053396E-03
-197.192000E-06,-402.010053396E-03
-197.184000E-06,-402.010053396E-03
-197.176000E-06,-402.010053396E-03
-197.168000E-06,-402.010053396E-03
-197.160000E-06,-201.005027788E-03
-197.152000E-06,-201.005026698E-03
-197.144000E-06,-402.010052307E-03
-197.136000E-06,-402.010053396E-03
-197.128000E-06,-402.010053396E-03
-197.120000E-06,-201.005027788E-03
-197.112000E-06,-402.010052305E-03
-197.104000E-06,-402.010053396E-03
-197.096000E-06,-402.010053396E-03
-197.088000E-06,-402.010053396E-03
-197.080000E-06,-402.010053396E-03
-197.072000E-06,-201.005027790E-03
-197.064000E-06,-402.010052304E-03
-197.056000E-06,-402.010053396E-03
-197.048000E-06,-402.010053396E-03
-197.040000E-06,-402.010053396E-03
-197.032000E-06,-402.010053396E-03
-197.024000E-06,-402.010053396E-03
-197.016000E-06,-201.005027792E-03
-197.008000E-06,-402.010052302E-03
-197.000000E-06,-402.010053396E-03
-196.992000E-06,-402.010053396E-03
-196.984000E-06,-402.010053396E-03
-196.976000E-06,-402.010053396E-03
-196.968000E-06,-201.005027794E-03
-196.960000E-06,-402.010052301E-03
-196.952000E-06,-402.010053396E-03
-196.944000E-06,-201.005027794E-03
-196.936000E-06,-402.010052300E-03
-196.928000E-06,-402.010053396E-03
-196.920000E-06,-402.010053396E-03
-196.912000E-06,-201.005027795E-03
-196.904000E-06,-201.005026698E-03
-196.896000E-06,-201.005026698E-03
-196.888000E-06,-402.010052299E-03
-196.880000E-06,-201.005027796E-03
-196.872000E-06,-402.010052298E-03
-196.864000E-06,-201.005027796E-03
-196.856000E-06,-402.010052298E-03
-196.848000E-06,-402.010053396E-03
-196.840000E-06,-402.010053396E-03
-196.832000E-06,-201.005027797E-03
-196.824000E-06,-402.010052296E-03
-196.816000E-06,-402.010053396E-03
-196.808000E-06,-402.010053396E-03
-196.800000E-06,-402.010053396E-03
-196.792000E-06,-402.010053396E-03
-196.784000E-06,-402.010053396E-03
-196.776000E-06,-201.005027799E-03
-196.768000E-06,-201.005026698E-03
-196.760000E-06,-402.010052295E-03
-196.752000E-06,-402.010053396E-03
-196.744000E-06,-402.010053396E-03
-196.736000E-06,-402.010053396E-03
-196.728000E-06,-402.010053396E-03
-196.720000E-06,-201.005027801E-03
-196.712000E-06,-402.010052293E-03
-196.704000E-06,-402.010053396E-03
-196.696000E-06,-402.010053396E-03
-196.688000E-06,-201.005027802E-03
-196.680000E-06,-402.010052292E-03
-196.672000E-06,-402.010053396E-03
-196.664000E-06,-201.005027802E-03
-196.656000E-06,-402.010052292E-03
-196.648000E-06,-402.010053396E-03
-196.640000E-06,-402.010053396E-03
-196.632000E-06,-402.010053396E-03
-196.624000E-06,-402.010053396E-03
-196.616000E-06,-201.005027804E-03
-196.608000E-06,-201.005026698E-03
-196.600000E-06,-201.005026698E-03
-196.592000E-06,-402.010052290E-03
-196.584000E-06,-402.010053396E-03
-196.576000E-06,-402.010053396E-03
-196.568000E-06,-201.005027805E-03
-196.560000E-06,-402.010052289E-03
-196.552000E-06,-201.005027806E-03
-196.544000E-06,-201.005026698E-03
-196.536000E-06,-402.010052288E-03
-196.528000E-06,-402.010053396E-03
-196.520000E-06,-402.010053396E-03
-196.512000E-06,-201.005027807E-03
-196.504000E-06,-402.010052287E-03
-196.496000E-06,-201.005027807E-03
-196.488000E-06,-402.010052287E-03
-196.480000E-06,-201.005027808E-03
-196.472000E-06,-201.005026698E-03
-196.464000E-06,-201.005026698E-03
-196.456000E-06,-201.005026698E-03
-196.448000E-06,-201.005026698E-03
-196.440000E-06,-402.010052285E-03
-196.432000E-06,-201.005027810E-03
-196.424000E-06,-402.010052285E-03
-196.416000E-06,-402.010053396E-03
-196.408000E-06,-402.010053396E-03
-196.400000E-06,-402.010053396E-03
-196.392000E-06,-201.005027810E-03
-196.384000E-06,-402.010052283E-03
-196.376000E-06,-402.010053396E-03
-196.368000E-06,-201.005027811E-03
-196.360000E-06,-402.010052283E-03
-196.352000E-06,-402.010053396E-03
-196.344000E-06,-201.005027812E-03
-196.336000E-06,-402.010052282E-03
-196.328000E-06,-402.010053396E-03
-196.320000E-06,-402.010053396E-03
-196.312000E-06,-402.010053396E-03
-196.304000E-06,-402.010053396E-03
-196.296000E-06,-402.010053396E-03
-196.288000E-06,-201.005027814E-03
-196.280000E-06,-201.005026698E-03
-196.272000E-06,-201.005026698E-03
-196.264000E-06,-201.005026698E-03
-196.256000E-06,-201.005026698E-03
-196.248000E-06,-402.010052280E-03
-196.240000E-06,-402.010053396E-03
-196.232000E-06,-201.005027815E-03
-196.224000E-06,-201.005026698E-03
-196.216000E-06,-402.010052278E-03
-196.208000E-06,-402.010053396E-03
-196.200000E-06,-201.005027816E-03
-196.192000E-06,-402.010052277E-03
-196.184000E-06,-201.005027817E-03
-196.176000E-06,-402.010052277E-03
-196.168000E-06,-201.005027818E-03
-196.160000E-06,-402.010052277E-03
-196.152000E-06,-201.005027818E-03
-196.144000E-06,-402.010052276E-03
-196.136000E-06,-402.010053396E-03
-196.128000E-06,-201.005027818E-03
-196.120000E-06,-201.005026698E-03
-196.112000E-06,-201.005026698E-03
-196.104000E-06,-201.005026698E-03
-196.096000E-06,-201.005026698E-03
-196.088000E-06,-201.005026698E-03
-196.080000E-06,-201.005026698E-03
-196.072000E-06,-201.005026698E-03
-196.064000E-06,-402.010052274E-03
-196.056000E-06,-201.005027821E-03
-196.048000E-06,-402.010052274E-03
-196.040000E-06,-402.010053396E-03
-196.032000E-06,-201.005027821E-03
-196.024000E-06,-201.005026698E-03
-196.016000E-06,-402.010052272E-03
-196.008000E-06,-402.010053396E-03
-196.000000E-06,-402.010053396E-03
-195.992000E-06,-201.005027823E-03
-195.984000E-06,-201.005026698E-03
-195.976000E-06,-201.005026698E-03
-195.968000E-06,-402.010052271E-03
-195.960000E-06,-201.005027824E-03
-195.952000E-06,-201.005026698E-03
-195.944000E-06,-201.005026698E-03
-195.936000E-06,-201.005026698E-03
-195.928000E-06,-201.005026698E-03
-195.920000E-06,-402.010052269E-03
-195.912000E-06,-201.005027825E-03
-195.904000E-06,-201.005026698E-03
-195.896000E-06,-201.005026698E-03
-195.888000E-06,-402.010052269E-03
-195.880000E-06,-402.010053396E-03
-195.872000E-06,-402.010053396E-03
-195.864000E-06,-201.005027826E-03
-195.856000E-06,-201.005026698E-03
-195.848000E-06,-201.005026698E-03
-195.840000E-06,-201.005026698E-03
-195.832000E-06,-201.005026698E-03
-195.824000E-06,-201.005026698E-03
-195.816000E-06,-402.010052266E-03
-195.808000E-06,-201.005027828E-03
-195.800000E-06,-402.010052266E-03
-195.792000E-06,-402.010053396E-03
-195.784000E-06,-402.010053396E-03
-195.776000E-06,-402.010053396E-03
-195.768000E-06,-201.005027829E-03
-195.760000E-06,-201.005026698E-03
-195.752000E-06,-201.005026698E-03
-195.744000E-06,-201.005026698E-03
-195.736000E-06,-201.005026698E-03
-195.728000E-06,-402.010052264E-03
-195.720000E-06,-201.005027831E-03
-195.712000E-06,-201.005026698E-03
-195.704000E-06,-201.005026698E-03
-195.696000E-06,-201.005026698E-03
-195.688000E-06,-201.005026698E-03
-195.680000E-06,-201.005026698E-03
-195.672000E-06,-201.005026698E-03
-195.664000E-06,-402.010052262E-03
-195.656000E-06,-402.010053396E-03
-195.648000E-06,-201.005027833E-03
-195.640000E-06,-201.005026698E-03
-195.632000E-06,-201.005026698E-03
-195.624000E-06,-201.005026698E-03
-195.616000E-06,-201.005026698E-03
-195.608000E-06,-201.005026698E-03
-195.600000E-06,-201.005026698E-03
-195.592000E-06,-201.005026698E-03
-195.584000E-06,-201.005026698E-03
-195.576000E-06,-201.005026698E-03
-195.568000E-06,-201.005026698E-03
-195.560000E-06,-201.005026698E-03
-195.552000E-06,-201.005026698E-03
-195.544000E-06,-201.005026698E-03
-195.536000E-06,-402.010052258E-03
-195.528000E-06,-402.010053396E-03
-195.520000E-06,-201.005027837E-03
-195.512000E-06,-201.005026698E-03
-195.504000E-06,-201.005026698E-03
-195.496000E-06,-201.005026698E-03
-195.488000E-06,-201.005026698E-03
-195.480000E-06,-201.005026698E-03
-195.472000E-06,-201.005026698E-03
-195.464000E-06,-201.005026698E-03
-195.456000E-06,-402.010052255E-03
-195.448000E-06,-402.010053396E-03
-195.440000E-06,-402.010053396E-03
-195.432000E-06,-201.005027840E-03
-195.424000E-06,-201.005026698E-03
-195.416000E-06,-201.005026698E-03
-195.408000E-06,-201.005026698E-03
-195.400000E-06,-402.010052254E-03
-195.392000E-06,-201.005027840E-03
-195.384000E-06,-402.010052253E-03
-195.376000E-06,-201.005027841E-03
-195.368000E-06,-201.005026698E-03
-195.360000E-06,-201.005026698E-03
-195.352000E-06,-201.005026698E-03
-195.344000E-06,-201.005026698E-03
-195.336000E-06,-402.010052252E-03
-195.328000E-06,-201.005027843E-03
-195.320000E-06,-201.005026698E-03
-195.312000E-06,-201.005026698E-03
-195.304000E-06,-201.005026698E-03
-195.296000E-06,-201.005026698E-03
-195.288000E-06,-201.005026698E-03
-195.280000E-06,-201.005026698E-03
-195.272000E-06,-201.005026698E-03
-195.264000E-06,-201.005026698E-03
-195.256000E-06,-201.005026698E-03
-195.248000E-06,-201.005026698E-03
-195.240000E-06,-201.005026698E-03
-195.232000E-06,-201.005026698E-03
-195.224000E-06,-201.005026698E-03
-195.216000E-06,-201.005026698E-03
-195.208000E-06,-201.005026698E-03
-195.200000E-06,-402.010052248E-03
-195.192000E-06,-201.005027847E-03
-195.184000E-06,-402.010052247E-03
-195.176000E-06,-201.005027847E-03
-195.168000E-06,-201.005026698E-03
-195.160000E-06,-201.005026698E-03
-195.152000E-06,-402.010052247E-03
-195.144000E-06,-201.005027848E-03
-195.136000E-06,-201.005026698E-03
-195.128000E-06,-201.005026698E-03
-195.120000E-06,-201.005026698E-03
-195.112000E-06,-201.005026698E-03
-195.104000E-06,-201.005026698E-03
-195.096000E-06,-201.005026698E-03
-195.088000E-06,-201.005026698E-03
-195.080000E-06,-201.005026698E-03
-195.072000E-06,-201.005026698E-03
-195.064000E-06,-201.005026698E-03
-195.056000E-06,-201.005026698E-03
-195.048000E-06,-402.010052243E-03
-195.040000E-06,-201.005027851E-03
-195.032000E-06,-201.005026698E-03
-195.024000E-06,-402.010052242E-03
-195.016000E-06,-201.005027852E-03
-195.008000E-06,-201.005026698E-03
-195.000000E-06,-201.005026698E-03
-194.992000E-06,-201.005026698E-03
-194.984000E-06,-201.005026698E-03
-194.976000E-06,-201.005026698E-03
-194.968000E-06,-201.005026698E-03
-194.960000E-06,-201.005026698E-03
-194.952000E-06,-402.010052241E-03
-194.944000E-06,-201.005027854E-03
-194.936000E-06,-201.005026698E-03
-194.928000E-06,-201.005026698E-03
-194.920000E-06,-201.005026698E-03
-194.912000E-06,-201.005026698E-03
-194.904000E-06,-201.005026698E-03
-194.896000E-06,-402.010052239E-03
-194.888000E-06,-402.010053396E-03
-194.880000E-06,-402.010053396E-03
-194.872000E-06,-402.010053396E-03
-194.864000E-06,-402.010053396E-03
-194.856000E-06,-201.005027856E-03
-194.848000E-06,-201.005026698E-03
-194.840000E-06,-402.010052237E-03
-194.832000E-06,-402.010053396E-03
-194.824000E-06,-201.005027858E-03
-194.816000E-06,-201.005026698E-03
-194.808000E-06,-201.005026698E-03
-194.800000E-06,-201.005026698E-03
-194.792000E-06,-201.005026698E-03
-194.784000E-06,-201.005026698E-03
-194.776000E-06,-201.005026698E-03
-194.768000E-06,-201.005026698E-03
-194.760000E-06,-201.005026698E-03
-194.752000E-06,-201.005026698E-03
-194.744000E-06,-201.005026698E-03
-194.736000E-06,-201.005026698E-03
-194.728000E-06,-201.005026698E-03
-194.720000E-06,-201.005026698E-03
-194.712000E-06,-201.005026698E-03
-194.704000E-06,-201.005026698E-03
-194.696000E-06,-201.005026698E-03
-194.688000E-06,-201.005026698E-03
-194.680000E-06,-402.010052232E-03
-194.672000E-06,-201.005027862E-03
-194.664000E-06,-201.005026698E-03
-194.656000E-06,-201.005026698E-03
-194.648000E-06,-201.005026698E-03
-194.640000E-06,-201.005026698E-03
-194.632000E-06,-201.005026698E-03
-194.624000E-06,-201.005026698E-03
-194.616000E-06,-201.005026698E-03
-194.608000E-06,-201.005026698E-03
-194.600000E-06,-201.005026698E-03
-194.592000E-06,-201.005026698E-03
-194.584000E-06,-201.005026698E-03
-194.576000E-06,-201.005026698E-03
-194.568000E-06,-201.005026698E-03
-194.560000E-06,-201.005026698E-03
-194.552000E-06,-201.005026698E-03
-194.544000E-06,-201.005026698E-03
-194.536000E-06,-201.005026698E-03
-194.528000E-06,-201.005026698E-03
-194.520000E-06,-201.005026698E-03
-194.512000E-06,-201.005026698E-03
-194.504000E-06,-201.005026698E-03
-194.496000E-06,-201.005026698E-03
-194.488000E-06,-201.005026698E-03
-194.480000E-06,-201.005026698E-03
-194.472000E-06,-201.005026698E-03
-194.464000E-06,-201.005026698E-03
-194.456000E-06,-201.005026698E-03
-194.448000E-06,-201.005026698E-03
-194.440000E-06,-201.005026698E-03
-194.432000E-06,-1.171E-09
-194.424000E-06,-201.005025527E-03
-194.416000E-06,-201.005026698E-03
-194.408000E-06,-201.005026698E-03
-194.400000E-06,-201.005026698E-03
-194.392000E-06,-201.005026698E-03
-194.384000E-06,-201.005026698E-03
-194.376000E-06,-201.005026698E-03
-194.368000E-06,-201.005026698E-03
-194.360000E-06,-201.005026698E-03
-194.352000E-06,-201.005026698E-03
-194.344000E-06,-201.005026698E-03
-194.336000E-06,-201.005026698E-03
-194.328000E-06,-201.005026698E-03
-194.320000E-06,-1.174E-09
-194.312000E-06,-201.005025523E-03
-194.304000E-06,-402.010052221E-03
-194.296000E-06,-201.005027873E-03
-194.288000E-06,-201.005026698E-03
-194.280000E-06,-201.005026698E-03
-194.272000E-06,-201.005026698E-03
-194.264000E-06,-201.005026698E-03
-194.256000E-06,-201.005026698E-03
-194.248000E-06,-201.005026698E-03
-194.240000E-06,-201.005026698E-03
-194.232000E-06,-201.005026698E-03
-194.224000E-06,-201.005026698E-03
-194.216000E-06,-201.005026698E-03
-194.208000E-06,-201.005026698E-03
-194.200000E-06,-1.178E-09
-194.192000E-06,-201.005025519E-03
-194.184000E-06,-1.179E-09
-194.176000E-06,-201.005025519E-03
-194.168000E-06,-201.005026698E-03
-194.160000E-06,-201.005026698E-03
-194.152000E-06,-201.005026698E-03
-194.144000E-06,-201.005026698E-03
-194.136000E-06,-201.005026698E-03
-194.128000E-06,-201.005026698E-03
-194.120000E-06,-201.005026698E-03
-194.112000E-06,-201.005026698E-03
-194.104000E-06,-201.005026698E-03
-194.096000E-06,-201.005026698E-03
-194.088000E-06,-201.005026698E-03
-194.080000E-06,-201.005026698E-03
-194.072000E-06,-201.005026698E-03
-194.064000E-06,-402.010052214E-03
-194.056000E-06,-201.005027881E-03
-194.048000E-06,-402.010052213E-03
-194.040000E-06,-201.005027881E-03
-194.032000E-06,-201.005026698E-03
-194.024000E-06,-201.005026698E-03
-194.016000E-06,-201.005026698E-03
-194.008000E-06,-201.005026698E-03
-194.000000E-06,-201.005026698E-03
-193.992000E-06,-201.005026698E-03
-193.984000E-06,-201.005026698E-03
-193.976000E-06,-201.005026698E-03
-193.968000E-06,-201.005026698E-03
-193.960000E-06,-201.005026698E-03
-193.952000E-06,-201.005026698E-03
-193.944000E-06,-201.005026698E-03
-193.936000E-06,-201.005026698E-03
-193.928000E-06,-201.005026698E-03
-193.920000E-06,-201.005026698E-03
-193.912000E-06,-201.005026698E-03
-193.904000E-06,-201.005026698E-03
-193.896000E-06,-201.005026698E-03
-193.888000E-06,-201.005026698E-03
-193.880000E-06,-201.005026698E-03
-193.872000E-06,-201.005026698E-03
-193.864000E-06,-201.005026698E-03
-193.856000E-06,-201.005026698E-03
-193.848000E-06,-402.010052207E-03
-193.840000E-06,-201.005027887E-03
-193.832000E-06,-201.005026698E-03
-193.824000E-06,-201.005026698E-03
-193.816000E-06,-201.005026698E-03
-193.808000E-06,-201.005026698E-03
-193.800000E-06,-201.005026698E-03
-193.792000E-06,-1.190E-09
-193.784000E-06,-201.005025508E-03
-193.776000E-06,-201.005026698E-03
-193.768000E-06,-201.005026698E-03
-193.760000E-06,-201.005026698E-03
-193.752000E-06,-201.005026698E-03
-193.744000E-06,-201.005026698E-03
-193.736000E-06,-201.005026698E-03
-193.728000E-06,-201.005026698E-03
-193.720000E-06,-201.005026698E-03
-193.712000E-06,-201.005026698E-03
-193.704000E-06,-201.005026698E-03
-193.696000E-06,-201.005026698E-03
-193.688000E-06,-201.005026698E-03
-193.680000E-06,-201.005026698E-03
-193.672000E-06,-1.194E-09
-193.664000E-06,-201.005025504E-03
-193.656000E-06,-201.005026698E-03
-193.648000E-06,-201.005026698E-03
-193.640000E-06,-201.005026698E-03
-193.632000E-06,-201.005026698E-03
-193.624000E-06,-402.010052201E-03
-193.616000E-06,-201.005027894E-03
-193.608000E-06,-1.196E-09
-193.600000E-06,-201.005025502E-03
-193.592000E-06,-201.005026698E-03
-193.584000E-06,-201.005026698E-03
-193.576000E-06,-1.197E-09
-193.568000E-06,-201.005025501E-03
-193.560000E-06,-201.005026698E-03
-193.552000E-06,-1.198E-09
-193.544000E-06,+0.0E+00
-193.536000E-06,-201.005025500E-03
-193.528000E-06,-201.005026698E-03
-193.520000E-06,-201.005026698E-03
-193.512000E-06,-201.005026698E-03
-193.504000E-06,-201.005026698E-03
-193.496000E-06,-201.005026698E-03
-193.488000E-06,-201.005026698E-03
-193.480000E-06,-201.005026698E-03
-193.472000E-06,-201.005026698E-03
-193.464000E-06,-201.005026698E-03
-193.456000E-06,-201.005026698E-03
-193.448000E-06,-201.005026698E-03
-193.440000E-06,-201.005026698E-03
-193.432000E-06,-201.005026698E-03
-193.424000E-06,-201.005026698E-03
-193.416000E-06,-201.005026698E-03
-193.408000E-06,-201.005026698E-03
-193.400000E-06,-201.005026698E-03
-193.392000E-06,-201.005026698E-03
-193.384000E-06,-201.005026698E-03
-193.376000E-06,-402.010052193E-03
-193.368000E-06,-201.005027902E-03
-193.360000E-06,-1.204E-09
-193.352000E-06,-201.005025494E-03
-193.344000E-06,-201.005026698E-03
-193.336000E-06,-201.005026698E-03
-193.328000E-06,-402.010052192E-03
-193.320000E-06,-201.005027903E-03
-193.312000E-06,-201.005026698E-03
-193.304000E-06,-201.005026698E-03
-193.296000E-06,-201.005026698E-03
-193.288000E-06,-201.005026698E-03
-193.280000E-06,-201.005026698E-03
-193.272000E-06,-201.005026698E-03
-193.264000E-06,-201.005026698E-03
-193.256000E-06,-201.005026698E-03
-193.248000E-06,-201.005026698E-03
-193.240000E-06,-402.010052189E-03
-193.232000E-06,-201.005027905E-03
-193.224000E-06,-201.005026698E-03
-193.216000E-06,-201.005026698E-03
-193.208000E-06,-201.005026698E-03
-193.200000E-06,-201.005026698E-03
-193.192000E-06,-201.005026698E-03
-193.184000E-06,-201.005026698E-03
-193.176000E-06,-201.005026698E-03
-193.168000E-06,-1.209E-09
-193.160000E-06,-402.010050977E-03
-193.152000E-06,-201.005027908E-03
-193.144000E-06,-201.005026698E-03
-193.136000E-06,-201.005026698E-03
-193.128000E-06,-201.005026698E-03
-193.120000E-06,-201.005026698E-03
-193.112000E-06,-201.005026698E-03
-193.104000E-06,-201.005026698E-03
-193.096000E-06,-201.005026698E-03
-193.088000E-06,-1.212E-09
-193.080000E-06,-201.005025486E-03
-193.072000E-06,-201.005026698E-03
-193.064000E-06,-201.005026698E-03
-193.056000E-06,-201.005026698E-03
-193.048000E-06,-201.005026698E-03
-193.040000E-06,-201.005026698E-03
-193.032000E-06,-201.005026698E-03
-193.024000E-06,-201.005026698E-03
-193.016000E-06,-201.005026698E-03
-193.008000E-06,-201.005026698E-03
-193.000000E-06,-201.005026698E-03
-192.992000E-06,-201.005026698E-03
-192.984000E-06,-201.005026698E-03
-192.976000E-06,-201.005026698E-03
-192.968000E-06,-1.215E-09
-192.960000E-06,+0.0E+00
-192.952000E-06,-201.005025482E-03
-192.944000E-06,-201.005026698E-03
-192.936000E-06,-201.005026698E-03
-192.928000E-06,-201.005026698E-03
-192.920000E-06,-201.005026698E-03
-192.912000E-06,-1.217E-09
-192.904000E-06,-201.005025481E-03
-192.896000E-06,-201.005026698E-03
-192.888000E-06,-201.005026698E-03
-192.880000E-06,-1.218E-09
-192.872000E-06,-201.005025480E-03
-192.864000E-06,-201.005026698E-03
-192.856000E-06,-201.005026698E-03
-192.848000E-06,-201.005026698E-03
-192.840000E-06,-201.005026698E-03
-192.832000E-06,-201.005026698E-03
-192.824000E-06,-201.005026698E-03
-192.816000E-06,-201.005026698E-03
-192.808000E-06,-201.005026698E-03
-192.800000E-06,-201.005026698E-03
-192.792000E-06,-201.005026698E-03
-192.784000E-06,-201.005026698E-03
-192.776000E-06,-201.005026698E-03
-192.768000E-06,-201.005026698E-03
-192.760000E-06,-201.005026698E-03
-192.752000E-06,-201.005026698E-03
-192.744000E-06,-201.005026698E-03
-192.736000E-06,-201.005026698E-03
-192.728000E-06,-201.005026698E-03
-192.720000E-06,-201.005026698E-03
-192.712000E-06,-201.005026698E-03
-192.704000E-06,-201.005026698E-03
-192.696000E-06,-201.005026698E-03
-192.688000E-06,-201.005026698E-03
-192.680000E-06,-201.005026698E-03
-192.672000E-06,-201.005026698E-03
-192.664000E-06,-201.005026698E-03
-192.656000E-06,-201.005026698E-03
-192.648000E-06,-201.005026698E-03
-192.640000E-06,-201.005026698E-03
-192.632000E-06,-201.005026698E-03
-192.624000E-06,-201.005026698E-03
-192.616000E-06,-201.005026698E-03
-192.608000E-06,-201.005026698E-03
-192.600000E-06,-201.005026698E-03
-192.592000E-06,-201.005026698E-03
-192.584000E-06,-201.005026698E-03
-192.576000E-06,-201.005026698E-03
-192.568000E-06,-201.005026698E-03
-192.560000E-06,-201.005026698E-03
-192.552000E-06,-201.005026698E-03
-192.544000E-06,-201.005026698E-03
-192.536000E-06,-201.005026698E-03
-192.528000E-06,-201.005026698E-03
-192.520000E-06,-201.005026698E-03
-192.512000E-06,-1.229E-09
-192.504000E-06,-201.005025469E-03
-192.496000E-06,-201.005026698E-03
-192.488000E-06,-1.230E-09
-192.480000E-06,-201.005025468E-03
-192.472000E-06,-201.005026698E-03
-192.464000E-06,-201.005026698E-03
-192.456000E-06,-1.231E-09
-192.448000E-06,+0.0E+00
-192.440000E-06,-402.010050933E-03
-192.432000E-06,-201.005027930E-03
-192.424000E-06,-201.005026698E-03
-192.416000E-06,-201.005026698E-03
-192.408000E-06,-201.005026698E-03
-192.400000E-06,-201.005026698E-03
-192.392000E-06,-201.005026698E-03
-192.384000E-06,-201.005026698E-03
-192.376000E-06,-201.005026698E-03
-192.368000E-06,-201.005026698E-03
-192.360000E-06,-201.005026698E-03
-192.352000E-06,-201.005026698E-03
-192.344000E-06,-201.005026698E-03
-192.336000E-06,-1.234E-09
-192.328000E-06,-201.005025464E-03
-192.320000E-06,-201.005026698E-03
-192.312000E-06,-201.005026698E-03
-192.304000E-06,-201.005026698E-03
-192.296000E-06,-201.005026698E-03
-192.288000E-06,-201.005026698E-03
-192.280000E-06,-201.005026698E-03
-192.272000E-06,-201.005026698E-03
-192.264000E-06,-201.005026698E-03
-192.256000E-06,-201.005026698E-03
-192.248000E-06,-201.005026698E-03
-192.240000E-06,-201.005026698E-03
-192.232000E-06,-201.005026698E-03
-192.224000E-06,-201.005026698E-03
-192.216000E-06,-201.005026698E-03
-192.208000E-06,-201.005026698E-03
-192.200000E-06,-201.005026698E-03
-192.192000E-06,-201.005026698E-03
-192.184000E-06,-201.005026698E-03
-192.176000E-06,-201.005026698E-03
-192.168000E-06,-201.005026698E-03
-192.160000E-06,-201.005026698E-03
-192.152000E-06,-201.005026698E-03
-192.144000E-06,-201.005026698E-03
-192.136000E-06,-201.005026698E-03
-192.128000E-06,-1.240E-09
-192.120000E-06,-201.005025457E-03
-192.112000E-06,-201.005026698E-03
-192.104000E-06,-201.005026698E-03
-192.096000E-06,-201.005026698E-03
-192.088000E-06,-201.005026698E-03
-192.080000E-06,-1.242E-09
-192.072000E-06,-201.005025456E-03
-192.064000E-06,-201.005026698E-03
-192.056000E-06,-201.005026698E-03
-192.048000E-06,-201.005026698E-03
-192.040000E-06,-201.005026698E-03
-192.032000E-06,-201.005026698E-03
-192.024000E-06,-201.005026698E-03
-192.016000E-06,-201.005026698E-03
-192.008000E-06,-201.005026698E-03
-192.000000E-06,-1.245E-09
-191.992000E-06,-201.005025454E-03
-191.984000E-06,-201.005026698E-03
-191.976000E-06,-1.245E-09
-191.968000E-06,-201.005025453E-03
-191.960000E-06,-201.005026698E-03
-191.952000E-06,-201.005026698E-03
-191.944000E-06,-201.005026698E-03
-191.936000E-06,-201.005026698E-03
-191.928000E-06,-201.005026698E-03
-191.920000E-06,-201.005026698E-03
-191.912000E-06,-201.005026698E-03
-191.904000E-06,-201.005026698E-03
-191.896000E-06,-201.005026698E-03
-191.888000E-06,-201.005026698E-03
-191.880000E-06,-201.005026698E-03
-191.872000E-06,-201.005026698E-03
-191.864000E-06,-201.005026698E-03
-191.856000E-06,-201.005026698E-03
-191.848000E-06,-201.005026698E-03
-191.840000E-06,-201.005026698E-03
-191.832000E-06,-201.005026698E-03
-191.824000E-06,-201.005026698E-03
-191.816000E-06,-201.005026698E-03
-191.808000E-06,-201.005026698E-03
-191.800000E-06,-201.005026698E-03
-191.792000E-06,-201.005026698E-03
-191.784000E-06,-201.005026698E-03
-191.776000E-06,-1.251E-09
-191.768000E-06,-201.005025447E-03
-191.760000E-06,-201.005026698E-03
-191.752000E-06,-201.005026698E-03
-191.744000E-06,-201.005026698E-03
-191.736000E-06,-201.005026698E-03
-191.728000E-06,-201.005026698E-03
-191.720000E-06,-201.005026698E-03
-191.712000E-06,-201.005026698E-03
-191.704000E-06,-201.005026698E-03
-191.696000E-06,-1.253E-09
-191.688000E-06,+0.0E+00
-191.680000E-06,-201.005025444E-03
-191.672000E-06,-201.005026698E-03
-191.664000E-06,-201.005026698E-03
-191.656000E-06,-201.005026698E-03
-191.648000E-06,-201.005026698E-03
-191.640000E-06,-201.005026698E-03
-191.632000E-06,-201.005026698E-03
-191.624000E-06,-201.005026698E-03
-191.616000E-06,-201.005026698E-03
-191.608000E-06,-201.005026698E-03
-191.600000E-06,-201.005026698E-03
-191.592000E-06,-201.005026698E-03
-191.584000E-06,-201.005026698E-03
-191.576000E-06,-201.005026698E-03
-191.568000E-06,-201.005026698E-03
-191.560000E-06,-201.005026698E-03
-191.552000E-06,-201.005026698E-03
-191.544000E-06,-201.005026698E-03
-191.536000E-06,-1.258E-09
-191.528000E-06,+0.0E+00
-191.520000E-06,-201.005025440E-03
-191.512000E-06,-201.005026698E-03
-191.504000E-06,-201.005026698E-03
-191.496000E-06,-1.259E-09
-191.488000E-06,-201.005025438E-03
-191.480000E-06,-201.005026698E-03
-191.472000E-06,-201.005026698E-03
-191.464000E-06,-201.005026698E-03
-191.456000E-06,-201.005026698E-03
-191.448000E-06,-201.005026698E-03
-191.440000E-06,-201.005026698E-03
-191.432000E-06,-1.261E-09
-191.424000E-06,-201.005025437E-03
-191.416000E-06,-201.005026698E-03
-191.408000E-06,-201.005026698E-03
-191.400000E-06,-201.005026698E-03
-191.392000E-06,-201.005026698E-03
-191.384000E-06,-201.005026698E-03
-191.376000E-06,-201.005026698E-03
-191.368000E-06,-201.005026698E-03
-191.360000E-06,-201.005026698E-03
-191.352000E-06,-201.005026698E-03
-191.344000E-06,-201.005026698E-03
-191.336000E-06,-201.005026698E-03
-191.328000E-06,-201.005026698E-03
-191.320000E-06,-201.005026698E-03
-191.312000E-06,-201.005026698E-03
-191.304000E-06,-201.005026698E-03
-191.296000E-06,-201.005026698E-03
-191.288000E-06,-201.005026698E-03
-191.280000E-06,-201.005026698E-03
-191.272000E-06,-201.005026698E-03
-191.264000E-06,-201.005026698E-03
-191.256000E-06,-201.005026698E-03
-191.248000E-06,-201.005026698E-03
-191.240000E-06,-201.005026698E-03
-191.232000E-06,-201.005026698E-03
-191.224000E-06,-201.005026698E-03
-191.216000E-06,-201.005026698E-03
-191.208000E-06,-201.005026698E-03
-191.200000E-06,-201.005026698E-03
-191.192000E-06,-201.005026698E-03
-191.184000E-06,-201.005026698E-03
-191.176000E-06,-201.005026698E-03
-191.168000E-06,-201.005026698E-03
-191.160000E-06,-201.005026698E-03
-191.152000E-06,-201.005026698E-03
-191.144000E-06,-201.005026698E-03
-191.136000E-06,-201.005026698E-03
-191.128000E-06,-201.005026698E-03
-191.120000E-06,-201.005026698E-03
-191.112000E-06,-201.005026698E-03
-191.104000E-06,-201.005026698E-03
-191.096000E-06,-201.005026698E-03
-191.088000E-06,-201.005026698E-03
-191.080000E-06,-201.005026698E-03
-191.072000E-06,-201.005026698E-03
-191.064000E-06,-201.005026698E-03
-191.056000E-06,-201.005026698E-03
-191.048000E-06,-201.005026698E-03
-191.040000E-06,-201.005026698E-03
-191.032000E-06,-1.273E-09
-191.024000E-06,-201.005025424E-03
-191.016000E-06,-201.005026698E-03
-191.008000E-06,-201.005026698E-03
-191.000000E-06,-201.005026698E-03
-190.992000E-06,-201.005026698E-03
-190.984000E-06,-201.005026698E-03
-190.976000E-06,-201.005026698E-03
-190.968000E-06,-201.005026698E-03
-190.960000E-06,-201.005026698E-03
-190.952000E-06,-201.005026698E-03
-190.944000E-06,-201.005026698E-03
-190.936000E-06,-201.005026698E-03
-190.928000E-06,-201.005026698E-03
-190.920000E-06,-201.005026698E-03
-190.912000E-06,-201.005026698E-03
-190.904000E-06,-201.005026698E-03
-190.896000E-06,-201.005026698E-03
-190.888000E-06,-201.005026698E-03
-190.880000E-06,-201.005026698E-03
-190.872000E-06,-201.005026698E-03
-190.864000E-06,-201.005026698E-03
-190.856000E-06,-201.005026698E-03
-190.848000E-06,-402.010052117E-03
-190.840000E-06,-201.005027977E-03
-190.832000E-06,-201.005026698E-03
-190.824000E-06,-201.005026698E-03
-190.816000E-06,-201.005026698E-03
-190.808000E-06,-201.005026698E-03
-190.800000E-06,-201.005026698E-03
-190.792000E-06,-201.005026698E-03
-190.784000E-06,-402.010052115E-03
-190.776000E-06,-201.005027979E-03
-190.768000E-06,-201.005026698E-03
-190.760000E-06,-201.005026698E-03
-190.752000E-06,-201.005026698E-03
-190.744000E-06,-201.005026698E-03
-190.736000E-06,-201.005026698E-03
-190.728000E-06,-201.005026698E-03
-190.720000E-06,-201.005026698E-03
-190.712000E-06,-201.005026698E-03
-190.704000E-06,-201.005026698E-03
-190.696000E-06,-201.005026698E-03
-190.688000E-06,-1.284E-09
-190.680000E-06,-201.005025414E-03
-190.672000E-06,-402.010052112E-03
-190.664000E-06,-402.010053396E-03
-190.656000E-06,-201.005027983E-03
-190.648000E-06,-402.010052111E-03
-190.640000E-06,-201.005027984E-03
-190.632000E-06,-201.005026698E-03
-190.624000E-06,-201.005026698E-03
-190.616000E-06,-201.005026698E-03
-190.608000E-06,-201.005026698E-03
-190.600000E-06,-201.005026698E-03
-190.592000E-06,-201.005026698E-03
-190.584000E-06,-201.005026698E-03
-190.576000E-06,-201.005026698E-03
-190.568000E-06,-201.005026698E-03
-190.560000E-06,-201.005026698E-03
-190.552000E-06,-201.005026698E-03
-190.544000E-06,-402.010052108E-03
-190.536000E-06,-201.005027987E-03
-190.528000E-06,-201.005026698E-03
-190.520000E-06,-201.005026698E-03
-190.512000E-06,-201.005026698E-03
-190.504000E-06,-201.005026698E-03
-190.496000E-06,-201.005026698E-03
-190.488000E-06,-201.005026698E-03
-190.480000E-06,-201.005026698E-03
-190.472000E-06,-201.005026698E-03
-190.464000E-06,-201.005026698E-03
-190.456000E-06,-201.005026698E-03
-190.448000E-06,-201.005026698E-03
-190.440000E-06,-201.005026698E-03
-190.432000E-06,-201.005026698E-03
-190.424000E-06,-201.005026698E-03
-190.416000E-06,-201.005026698E-03
-190.408000E-06,-201.005026698E-03
-190.400000E-06,-201.005026698E-03
-190.392000E-06,-201.005026698E-03
-190.384000E-06,-201.005026698E-03
-190.376000E-06,-201.005026698E-03
-190.368000E-06,-402.010052103E-03
-190.360000E-06,-201.005027992E-03
-190.352000E-06,-201.005026698E-03
-190.344000E-06,-201.005026698E-03
-190.336000E-06,-201.005026698E-03
-190.328000E-06,-201.005026698E-03
-190.320000E-06,-201.005026698E-03
-190.312000E-06,-201.005026698E-03
-190.304000E-06,-201.005026698E-03
-190.296000E-06,-201.005026698E-03
-190.288000E-06,-201.005026698E-03
-190.280000E-06,-1.296E-09
-190.272000E-06,-201.005025402E-03
-190.264000E-06,-402.010052100E-03
-190.256000E-06,-2.593E-09
-190.248000E-06,-201.005025401E-03
-190.240000E-06,-201.005026698E-03
-190.232000E-06,-201.005026698E-03
-190.224000E-06,-201.005026698E-03
-190.216000E-06,-201.005026698E-03
-190.208000E-06,-402.010052098E-03
-190.200000E-06,-201.005027997E-03
-190.192000E-06,-201.005026698E-03
-190.184000E-06,-201.005026698E-03
-190.176000E-06,-201.005026698E-03
-190.168000E-06,-201.005026698E-03
-190.160000E-06,-201.005026698E-03
-190.152000E-06,-201.005026698E-03
-190.144000E-06,-201.005026698E-03
-190.136000E-06,-201.005026698E-03
-190.128000E-06,-201.005026698E-03
-190.120000E-06,-201.005026698E-03
-190.112000E-06,-402.010052095E-03
-190.104000E-06,-201.005028000E-03
-190.096000E-06,-201.005026698E-03
-190.088000E-06,-201.005026698E-03
-190.080000E-06,-201.005026698E-03
-190.072000E-06,-201.005026698E-03
-190.064000E-06,-201.005026698E-03
-190.056000E-06,-201.005026698E-03
-190.048000E-06,-201.005026698E-03
-190.040000E-06,-201.005026698E-03
-190.032000E-06,-201.005026698E-03
-190.024000E-06,-201.005026698E-03
-190.016000E-06,-201.005026698E-03
-190.008000E-06,-201.005026698E-03
-190.000000E-06,-201.005026698E-03
-189.992000E-06,-201.005026698E-03
-189.984000E-06,-201.005026698E-03
-189.976000E-06,-402.010052091E-03
-189.968000E-06,-201.005028003E-03
-189.960000E-06,-201.005026698E-03
-189.952000E-06,-402.010052090E-03
-189.944000E-06,-201.005028004E-03
-189.936000E-06,-201.005026698E-03
-189.928000E-06,-201.005026698E-03
-189.920000E-06,-201.005026698E-03
-189.912000E-06,-201.005026698E-03
-189.904000E-06,-201.005026698E-03
-189.896000E-06,-201.005026698E-03
-189.888000E-06,-201.005026698E-03
-189.880000E-06,-402.010052088E-03
-189.872000E-06,-201.005028006E-03
-189.864000E-06,-201.005026698E-03
-189.856000E-06,-402.010052087E-03
-189.848000E-06,-201.005028007E-03
-189.840000E-06,-201.005026698E-03
-189.832000E-06,-402.010052087E-03
-189.824000E-06,-402.010053396E-03
-189.816000E-06,-201.005028008E-03
-189.808000E-06,-201.005026698E-03
-189.800000E-06,-402.010052086E-03
-189.792000E-06,-201.005028009E-03
-189.784000E-06,-201.005026698E-03
-189.776000E-06,-201.005026698E-03
-189.768000E-06,-201.005026698E-03
-189.760000E-06,-402.010052084E-03
-189.752000E-06,-201.005028010E-03
-189.744000E-06,-201.005026698E-03
-189.736000E-06,-201.005026698E-03
-189.728000E-06,-201.005026698E-03
-189.720000E-06,-201.005026698E-03
-189.712000E-06,-201.005026698E-03
-189.704000E-06,-201.005026698E-03
-189.696000E-06,-201.005026698E-03
-189.688000E-06,-201.005026698E-03
-189.680000E-06,-201.005026698E-03
-189.672000E-06,-201.005026698E-03
-189.664000E-06,-201.005026698E-03
-189.656000E-06,-402.010052081E-03
-189.648000E-06,-201.005028013E-03
-189.640000E-06,-201.005026698E-03
-189.632000E-06,-402.010052081E-03
-189.624000E-06,-402.010053396E-03
-189.616000E-06,-201.005028014E-03
-189.608000E-06,-201.005026698E-03
-189.600000E-06,-201.005026698E-03
-189.592000E-06,-402.010052079E-03
-189.584000E-06,-201.005028015E-03
-189.576000E-06,-201.005026698E-03
-189.568000E-06,-201.005026698E-03
-189.560000E-06,-201.005026698E-03
-189.552000E-06,-201.005026698E-03
-189.544000E-06,-201.005026698E-03
-189.536000E-06,-402.010052078E-03
-189.528000E-06,-201.005028017E-03
-189.520000E-06,-201.005026698E-03
-189.512000E-06,-402.010052077E-03
-189.504000E-06,-402.010053396E-03
-189.496000E-06,-201.005028018E-03
-189.488000E-06,-201.005026698E-03
-189.480000E-06,-201.005026698E-03
-189.472000E-06,-201.005026698E-03
-189.464000E-06,-201.005026698E-03
-189.456000E-06,-201.005026698E-03
-189.448000E-06,-201.005026698E-03
-189.440000E-06,-201.005026698E-03
-189.432000E-06,-201.005026698E-03
-189.424000E-06,-402.010052074E-03
-189.416000E-06,-201.005028020E-03
-189.408000E-06,-201.005026698E-03
-189.400000E-06,-201.005026698E-03
-189.392000E-06,-201.005026698E-03
-189.384000E-06,-201.005026698E-03
-189.376000E-06,-201.005026698E-03
-189.368000E-06,-201.005026698E-03
-189.360000E-06,-201.005026698E-03
-189.352000E-06,-201.005026698E-03
-189.344000E-06,-201.005026698E-03
-189.336000E-06,-201.005026698E-03
-189.328000E-06,-201.005026698E-03
-189.320000E-06,-201.005026698E-03
-189.312000E-06,-402.010052071E-03
-189.304000E-06,-201.005028023E-03
-189.296000E-06,-402.010052070E-03
-189.288000E-06,-402.010053396E-03
-189.280000E-06,-201.005028024E-03
-189.272000E-06,-201.005026698E-03
-189.264000E-06,-201.005026698E-03
-189.256000E-06,-201.005026698E-03
-189.248000E-06,-402.010052069E-03
-189.240000E-06,-402.010053396E-03
-189.232000E-06,-201.005028025E-03
-189.224000E-06,-201.005026698E-03
-189.216000E-06,-201.005026698E-03
-189.208000E-06,-402.010052068E-03
-189.200000E-06,-201.005028027E-03
-189.192000E-06,-201.005026698E-03
-189.184000E-06,-201.005026698E-03
-189.176000E-06,-201.005026698E-03
-189.168000E-06,-201.005026698E-03
-189.160000E-06,-201.005026698E-03
-189.152000E-06,-201.005026698E-03
-189.144000E-06,-201.005026698E-03
-189.136000E-06,-402.010052066E-03
-189.128000E-06,-402.010053396E-03
-189.120000E-06,-201.005028029E-03
-189.112000E-06,-201.005026698E-03
-189.104000E-06,-201.005026698E-03
-189.096000E-06,-201.005026698E-03
-189.088000E-06,-201.005026698E-03
-189.080000E-06,-402.010052064E-03
-189.072000E-06,-201.005028030E-03
-189.064000E-06,-402.010052064E-03
-189.056000E-06,-201.005028031E-03
-189.048000E-06,-201.005026698E-03
-189.040000E-06,-402.010052063E-03
-189.032000E-06,-201.005028032E-03
-189.024000E-06,-201.005026698E-03
-189.016000E-06,-201.005026698E-03
-189.008000E-06,-201.005026698E-03
-189.000000E-06,-201.005026698E-03
-188.992000E-06,-402.010052062E-03
-188.984000E-06,-402.010053396E-03
-188.976000E-06,-201.005028033E-03
-188.968000E-06,-201.005026698E-03
-188.960000E-06,-402.010052060E-03
-188.952000E-06,-201.005028034E-03
-188.944000E-06,-201.005026698E-03
-188.936000E-06,-201.005026698E-03
-188.928000E-06,-201.005026698E-03
-188.920000E-06,-201.005026698E-03
-188.912000E-06,-201.005026698E-03
-188.904000E-06,-201.005026698E-03
-188.896000E-06,-201.005026698E-03
-188.888000E-06,-201.005026698E-03
-188.880000E-06,-201.005026698E-03
-188.872000E-06,-201.005026698E-03
-188.864000E-06,-201.005026698E-03
-188.856000E-06,-1.339E-09
-188.848000E-06,-402.010050718E-03
-188.840000E-06,-402.010053396E-03
-188.832000E-06,-201.005028038E-03
-188.824000E-06,-402.010052057E-03
-188.816000E-06,-201.005028038E-03
-188.808000E-06,-201.005026698E-03
-188.800000E-06,-201.005026698E-03
-188.792000E-06,-402.010052056E-03
-188.784000E-06,-201.005028039E-03
-188.776000E-06,-201.005026698E-03
-188.768000E-06,-201.005026698E-03
-188.760000E-06,-402.010052054E-03
-188.752000E-06,-201.005028040E-03
-188.744000E-06,-201.005026698E-03
-188.736000E-06,-402.010052054E-03
-188.728000E-06,-201.005028041E-03
-188.720000E-06,-201.005026698E-03
-188.712000E-06,-201.005026698E-03
-188.704000E-06,-201.005026698E-03
-188.696000E-06,-201.005026698E-03
-188.688000E-06,-201.005026698E-03
-188.680000E-06,-201.005026698E-03
-188.672000E-06,-402.010052052E-03
-188.664000E-06,-201.005028043E-03
-188.656000E-06,-201.005026698E-03
-188.648000E-06,-201.005026698E-03
-188.640000E-06,-201.005026698E-03
-188.632000E-06,-402.010052051E-03
-188.624000E-06,-402.010053396E-03
-188.616000E-06,-201.005028044E-03
-188.608000E-06,-201.005026698E-03
-188.600000E-06,-402.010052050E-03
-188.592000E-06,-201.005028045E-03
-188.584000E-06,-201.005026698E-03
-188.576000E-06,-201.005026698E-03
-188.568000E-06,-201.005026698E-03
-188.560000E-06,-402.010052049E-03
-188.552000E-06,-201.005028046E-03
-188.544000E-06,-201.005026698E-03
-188.536000E-06,-402.010052048E-03
-188.528000E-06,-201.005028047E-03
-188.520000E-06,-201.005026698E-03
-188.512000E-06,-402.010052047E-03
-188.504000E-06,-402.010053396E-03
-188.496000E-06,-402.010053396E-03
-188.488000E-06,-402.010053396E-03
-188.480000E-06,-402.010053396E-03
-188.472000E-06,-402.010053396E-03
-188.464000E-06,-402.010053396E-03
-188.456000E-06,-201.005028049E-03
-188.448000E-06,-201.005026698E-03
-188.440000E-06,-201.005026698E-03
-188.432000E-06,-201.005026698E-03
-188.424000E-06,-402.010052044E-03
-188.416000E-06,-402.010053396E-03
-188.408000E-06,-201.005028050E-03
-188.400000E-06,-402.010052043E-03
-188.392000E-06,-402.010053396E-03
-188.384000E-06,-201.005028051E-03
-188.376000E-06,-201.005026698E-03
-188.368000E-06,-201.005026698E-03
-188.360000E-06,-402.010052043E-03
-188.352000E-06,-201.005028052E-03
-188.344000E-06,-201.005026698E-03
-188.336000E-06,-402.010052042E-03
-188.328000E-06,-402.010053396E-03
-188.320000E-06,-201.005028053E-03
-188.312000E-06,-402.010052041E-03
-188.304000E-06,-201.005028054E-03
-188.296000E-06,-201.005026698E-03
-188.288000E-06,-201.005026698E-03
-188.280000E-06,-201.005026698E-03
-188.272000E-06,-402.010052040E-03
-188.264000E-06,-201.005028055E-03
-188.256000E-06,-201.005026698E-03
-188.248000E-06,-201.005026698E-03
-188.240000E-06,-201.005026698E-03
-188.232000E-06,-201.005026698E-03
-188.224000E-06,-402.010052038E-03
-188.216000E-06,-402.010053396E-03
-188.208000E-06,-402.010053396E-03
-188.200000E-06,-201.005028057E-03
-188.192000E-06,-201.005026698E-03
-188.184000E-06,-201.005026698E-03
-188.176000E-06,-402.010052037E-03
-188.168000E-06,-402.010053396E-03
-188.160000E-06,-201.005028058E-03
-188.152000E-06,-402.010052036E-03
-188.144000E-06,-402.010053396E-03
-188.136000E-06,-402.010053396E-03
-188.128000E-06,-201.005028059E-03
-188.120000E-06,-201.005026698E-03
-188.112000E-06,-402.010052035E-03
-188.104000E-06,-201.005028060E-03
-188.096000E-06,-402.010052035E-03
-188.088000E-06,-402.010053396E-03
-188.080000E-06,-402.010053396E-03
-188.072000E-06,-402.010053396E-03
-188.064000E-06,-201.005028060E-03
-188.056000E-06,-201.005026698E-03
-188.048000E-06,-402.010052033E-03
-188.040000E-06,-402.010053396E-03
-188.032000E-06,-402.010053396E-03
-188.024000E-06,-201.005028062E-03
-188.016000E-06,-201.005026698E-03
-188.008000E-06,-402.010052032E-03
-188.000000E-06,-402.010053396E-03
-187.992000E-06,-201.005028063E-03
-187.984000E-06,-201.005026698E-03
-187.976000E-06,-201.005026698E-03
-187.968000E-06,-402.010052031E-03
-187.960000E-06,-201.005028064E-03
-187.952000E-06,-402.010052030E-03
-187.944000E-06,-402.010053396E-03
-187.936000E-06,-402.010053396E-03
-187.928000E-06,-402.010053396E-03
-187.920000E-06,-402.010053396E-03
-187.912000E-06,-201.005028066E-03
-187.904000E-06,-201.005026698E-03
-187.896000E-06,-201.005026698E-03
-187.888000E-06,-201.005026698E-03
-187.880000E-06,-201.005026698E-03
-187.872000E-06,-201.005026698E-03
-187.864000E-06,-201.005026698E-03
-187.856000E-06,-201.005026698E-03
-187.848000E-06,-201.005026698E-03
-187.840000E-06,-201.005026698E-03
-187.832000E-06,-402.010052027E-03
-187.824000E-06,-402.010053396E-03
-187.816000E-06,-402.010053396E-03
-187.808000E-06,-402.010053396E-03
-187.800000E-06,-402.010053396E-03
-187.792000E-06,-201.005028069E-03
-187.784000E-06,-402.010052025E-03
-187.776000E-06,-201.005028069E-03
-187.768000E-06,-402.010052024E-03
-187.760000E-06,-201.005028070E-03
-187.752000E-06,-201.005026698E-03
-187.744000E-06,-201.005026698E-03
-187.736000E-06,-402.010052024E-03
-187.728000E-06,-201.005028071E-03
-187.720000E-06,-402.010052024E-03
-187.712000E-06,-402.010053396E-03
-187.704000E-06,-201.005028071E-03
-187.696000E-06,-402.010052023E-03
-187.688000E-06,-402.010053396E-03
-187.680000E-06,-201.005028072E-03
-187.672000E-06,-201.005026698E-03
-187.664000E-06,-201.005026698E-03
-187.656000E-06,-201.005026698E-03
-187.648000E-06,-402.010052021E-03
-187.640000E-06,-201.005028074E-03
-187.632000E-06,-201.005026698E-03
-187.624000E-06,-402.010052021E-03
-187.616000E-06,-201.005028074E-03
-187.608000E-06,-402.010052020E-03
-187.600000E-06,-402.010053396E-03
-187.592000E-06,-201.005028075E-03
-187.584000E-06,-201.005026698E-03
-187.576000E-06,-402.010052019E-03
-187.568000E-06,-402.010053396E-03
-187.560000E-06,-402.010053396E-03
-187.552000E-06,-201.005028076E-03
-187.544000E-06,-201.005026698E-03
-187.536000E-06,-402.010052018E-03
-187.528000E-06,-402.010053396E-03
-187.520000E-06,-201.005028077E-03
-187.512000E-06,-201.005026698E-03
-187.504000E-06,-201.005026698E-03
-187.496000E-06,-402.010052016E-03
-187.488000E-06,-402.010053396E-03
-187.480000E-06,-201.005028078E-03
-187.472000E-06,-201.005026698E-03
-187.464000E-06,-402.010052016E-03
-187.456000E-06,-402.010053396E-03
-187.448000E-06,-201.005028079E-03
-187.440000E-06,-201.005026698E-03
-187.432000E-06,-201.005026698E-03
-187.424000E-06,-201.005026698E-03
-187.416000E-06,-402.010052014E-03
-187.408000E-06,-201.005028080E-03
-187.400000E-06,-201.005026698E-03
-187.392000E-06,-402.010052013E-03
-187.384000E-06,-402.010053396E-03
-187.376000E-06,-402.010053396E-03
-187.368000E-06,-402.010053396E-03
-187.360000E-06,-402.010053396E-03
-187.352000E-06,-402.010053396E-03
-187.344000E-06,-201.005028082E-03
-187.336000E-06,-402.010052012E-03
-187.328000E-06,-201.005028083E-03
-187.320000E-06,-201.005026698E-03
-187.312000E-06,-201.005026698E-03
-187.304000E-06,-402.010052011E-03
-187.296000E-06,-402.010053396E-03
-187.288000E-06,-201.005028084E-03
-187.280000E-06,-201.005026698E-03
-187.272000E-06,-402.010052010E-03
-187.264000E-06,-201.005028085E-03
-187.256000E-06,-402.010052009E-03
-187.248000E-06,-402.010053396E-03
-187.240000E-06,-402.010053396E-03
-187.232000E-06,-402.010053396E-03
-187.224000E-06,-402.010053396E-03
-187.216000E-06,-402.010053396E-03
-187.208000E-06,-402.010053396E-03
-187.200000E-06,-201.005028087E-03
-187.192000E-06,-402.010052008E-03
-187.184000E-06,-402.010053396E-03
-187.176000E-06,-402.010053396E-03
-187.168000E-06,-402.010053396E-03
-187.160000E-06,-201.005028087E-03
-187.152000E-06,-402.010052006E-03
-187.144000E-06,-201.005028088E-03
-187.136000E-06,-402.010052006E-03
-187.128000E-06,-402.010053396E-03
-187.120000E-06,-402.010053396E-03
-187.112000E-06,-402.010053396E-03
-187.104000E-06,-402.010053396E-03
-187.096000E-06,-201.005028090E-03
-187.088000E-06,-402.010052005E-03
-187.080000E-06,-402.010053396E-03
-187.072000E-06,-402.010053396E-03
-187.064000E-06,-402.010053396E-03
-187.056000E-06,-201.005028091E-03
-187.048000E-06,-402.010052003E-03
-187.040000E-06,-402.010053396E-03
-187.032000E-06,-201.005028092E-03
-187.024000E-06,-402.010052002E-03
-187.016000E-06,-201.005028092E-03
-187.008000E-06,-201.005026698E-03
-187.000000E-06,-402.010052002E-03
-186.992000E-06,-402.010053396E-03
-186.984000E-06,-201.005028093E-03
-186.976000E-06,-201.005026698E-03
-186.968000E-06,-201.005026698E-03
-186.960000E-06,-201.005026698E-03
-186.952000E-06,-402.010052000E-03
-186.944000E-06,-201.005028094E-03
-186.936000E-06,-402.010052000E-03
-186.928000E-06,-402.010053396E-03
-186.920000E-06,-402.010053396E-03
-186.912000E-06,-201.005028096E-03
-186.904000E-06,-402.010051999E-03
-186.896000E-06,-402.010053396E-03
-186.888000E-06,-402.010053396E-03
-186.880000E-06,-402.010053396E-03
-186.872000E-06,-402.010053396E-03
-186.864000E-06,-201.005028097E-03
-186.856000E-06,-402.010051997E-03
-186.848000E-06,-402.010053396E-03
-186.840000E-06,-201.005028098E-03
-186.832000E-06,-402.010051997E-03
-186.824000E-06,-402.010053396E-03
-186.816000E-06,-402.010053396E-03
-186.808000E-06,-402.010053396E-03
-186.800000E-06,-201.005028098E-03
-186.792000E-06,-201.005026698E-03
-186.784000E-06,-201.005026698E-03
-186.776000E-06,-402.010051995E-03
-186.768000E-06,-402.010053396E-03
-186.760000E-06,-402.010053396E-03
-186.752000E-06,-402.010053396E-03
-186.744000E-06,-201.005028101E-03
-186.736000E-06,-201.005026698E-03
-186.728000E-06,-201.005026698E-03
-186.720000E-06,-201.005026698E-03
-186.712000E-06,-201.005026698E-03
-186.704000E-06,-201.005026698E-03
-186.696000E-06,-201.005026698E-03
-186.688000E-06,-402.010051992E-03
-186.680000E-06,-201.005028102E-03
-186.672000E-06,-201.005026698E-03
-186.664000E-06,-201.005026698E-03
-186.656000E-06,-402.010051991E-03
-186.648000E-06,-201.005028104E-03
-186.640000E-06,-402.010051991E-03
-186.632000E-06,-402.010053396E-03
-186.624000E-06,-402.010053396E-03
-186.616000E-06,-402.010053396E-03
-186.608000E-06,-201.005028104E-03
-186.600000E-06,-201.005026698E-03
-186.592000E-06,-402.010051989E-03
-186.584000E-06,-402.010053396E-03
-186.576000E-06,-201.005028105E-03
-186.568000E-06,-402.010051989E-03
-186.560000E-06,-201.005028106E-03
-186.552000E-06,-201.005026698E-03
-186.544000E-06,-201.005026698E-03
-186.536000E-06,-402.010051988E-03
-186.528000E-06,-402.010053396E-03
-186.520000E-06,-402.010053396E-03
-186.512000E-06,-201.005028107E-03
-186.504000E-06,-402.010051987E-03
-186.496000E-06,-402.010053396E-03
-186.488000E-06,-402.010053396E-03
-186.480000E-06,-402.010053396E-03
-186.472000E-06,-402.010053396E-03
-186.464000E-06,-201.005028109E-03
-186.456000E-06,-201.005026698E-03
-186.448000E-06,-402.010051985E-03
-186.440000E-06,-402.010053396E-03
-186.432000E-06,-402.010053396E-03
-186.424000E-06,-201.005028110E-03
-186.416000E-06,-201.005026698E-03
-186.408000E-06,-402.010051984E-03
-186.400000E-06,-402.010053396E-03
-186.392000E-06,-402.010053396E-03
-186.384000E-06,-402.010053396E-03
-186.376000E-06,-402.010053396E-03
-186.368000E-06,-402.010053396E-03
-186.360000E-06,-402.010053396E-03
-186.352000E-06,-402.010053396E-03
-186.344000E-06,-402.010053396E-03
-186.336000E-06,-201.005028112E-03
-186.328000E-06,-201.005026698E-03
-186.320000E-06,-402.010051981E-03
-186.312000E-06,-201.005028113E-03
-186.304000E-06,-402.010051981E-03
-186.296000E-06,-402.010053396E-03
-186.288000E-06,-402.010053396E-03
-186.280000E-06,-201.005028115E-03
-186.272000E-06,-402.010051980E-03
-186.264000E-06,-402.010053396E-03
-186.256000E-06,-201.005028115E-03
-186.248000E-06,-402.010051979E-03
-186.240000E-06,-402.010053396E-03
-186.232000E-06,-201.005028116E-03
-186.224000E-06,-201.005026698E-03
-186.216000E-06,-402.010051978E-03
-186.208000E-06,-201.005028117E-03
-186.200000E-06,-201.005026698E-03
-186.192000E-06,-201.005026698E-03
-186.184000E-06,-201.005026698E-03
-186.176000E-06,-201.005026698E-03
-186.168000E-06,-402.010051977E-03
-186.160000E-06,-402.010053396E-03
-186.152000E-06,-402.010053396E-03
-186.144000E-06,-402.010053396E-03
-186.136000E-06,-402.010053396E-03
-186.128000E-06,-201.005028119E-03
-186.120000E-06,-402.010051975E-03
-186.112000E-06,-402.010053396E-03
-186.104000E-06,-402.010053396E-03
-186.096000E-06,-402.010053396E-03
-186.088000E-06,-402.010053396E-03
-186.080000E-06,-402.010053396E-03
-186.072000E-06,-402.010053396E-03
-186.064000E-06,-402.010053396E-03
-186.056000E-06,-201.005028121E-03
-186.048000E-06,-201.005026698E-03
-186.040000E-06,-201.005026698E-03
-186.032000E-06,-402.010051972E-03
-186.024000E-06,-201.005028122E-03
-186.016000E-06,-402.010051972E-03
-186.008000E-06,-402.010053396E-03
-186.000000E-06,-402.010053396E-03
-185.992000E-06,-402.010053396E-03
-185.984000E-06,-402.010053396E-03
-185.976000E-06,-402.010053396E-03
-185.968000E-06,-201.005028123E-03
-185.960000E-06,-201.005026698E-03
-185.952000E-06,-402.010051970E-03
-185.944000E-06,-201.005028124E-03
-185.936000E-06,-201.005026698E-03
-185.928000E-06,-402.010051970E-03
-185.920000E-06,-201.005028125E-03
-185.912000E-06,-402.010051969E-03
-185.904000E-06,-201.005028126E-03
-185.896000E-06,-402.010051969E-03
-185.888000E-06,-402.010053396E-03
-185.880000E-06,-402.010053396E-03
-185.872000E-06,-402.010053396E-03
-185.864000E-06,-201.005028127E-03
-185.856000E-06,-402.010051967E-03
-185.848000E-06,-201.005028127E-03
-185.840000E-06,-201.005026698E-03
-185.832000E-06,-201.005026698E-03
-185.824000E-06,-201.005026698E-03
-185.816000E-06,-402.010051966E-03
-185.808000E-06,-201.005028128E-03
-185.800000E-06,-201.005026698E-03
-185.792000E-06,-201.005026698E-03
-185.784000E-06,-201.005026698E-03
-185.776000E-06,-402.010051965E-03
-185.768000E-06,-402.010053396E-03
-185.760000E-06,-402.010053396E-03
-185.752000E-06,-402.010053396E-03
-185.744000E-06,-201.005028131E-03
-185.736000E-06,-402.010051964E-03
-185.728000E-06,-402.010053396E-03
-185.720000E-06,-402.010053396E-03
-185.712000E-06,-402.010053396E-03
-185.704000E-06,-402.010053396E-03
-185.696000E-06,-402.010053396E-03
-185.688000E-06,-402.010053396E-03
-185.680000E-06,-402.010053396E-03
-185.672000E-06,-201.005028133E-03
-185.664000E-06,-201.005026698E-03
-185.656000E-06,-402.010051962E-03
-185.648000E-06,-402.010053396E-03
-185.640000E-06,-402.010053396E-03
-185.632000E-06,-402.010053396E-03
-185.624000E-06,-402.010053396E-03
-185.616000E-06,-201.005028134E-03
-185.608000E-06,-201.005026698E-03
-185.600000E-06,-201.005026698E-03
-185.592000E-06,-201.005026698E-03
-185.584000E-06,-402.010051959E-03
-185.576000E-06,-402.010053396E-03
-185.568000E-06,-402.010053396E-03
-185.560000E-06,-201.005028136E-03
-185.552000E-06,-201.005026698E-03
-185.544000E-06,-201.005026698E-03
-185.536000E-06,-402.010051958E-03
-185.528000E-06,-201.005028137E-03
-185.520000E-06,-402.010051957E-03
-185.512000E-06,-402.010053396E-03
-185.504000E-06,-402.010053396E-03
-185.496000E-06,-201.005028138E-03
-185.488000E-06,-201.005026698E-03
-185.480000E-06,-402.010051956E-03
-185.472000E-06,-201.005028139E-03
-185.464000E-06,-201.005026698E-03
-185.456000E-06,-201.005026698E-03
-185.448000E-06,-201.005026698E-03
-185.440000E-06,-402.010051955E-03
-185.432000E-06,-402.010053396E-03
-185.424000E-06,-201.005028140E-03
-185.416000E-06,-402.010051954E-03
-185.408000E-06,-402.010053396E-03
-185.400000E-06,-402.010053396E-03
-185.392000E-06,-402.010053396E-03
-185.384000E-06,-402.010053396E-03
-185.376000E-06,-402.010053396E-03
-185.368000E-06,-201.005028142E-03
-185.360000E-06,-402.010051953E-03
-185.352000E-06,-402.010053396E-03
-185.344000E-06,-201.005028142E-03
-185.336000E-06,-402.010051952E-03
-185.328000E-06,-201.005028143E-03
-185.320000E-06,-201.005026698E-03
-185.312000E-06,-201.005026698E-03
-185.304000E-06,-402.010051951E-03
-185.296000E-06,-402.010053396E-03
-185.288000E-06,-402.010053396E-03
-185.280000E-06,-402.010053396E-03
-185.272000E-06,-201.005028145E-03
-185.264000E-06,-402.010051950E-03
-185.256000E-06,-402.010053396E-03
-185.248000E-06,-402.010053396E-03
-185.240000E-06,-402.010053396E-03
-185.232000E-06,-201.005028146E-03
-185.224000E-06,-402.010051948E-03
-185.216000E-06,-402.010053396E-03
-185.208000E-06,-201.005028147E-03
-185.200000E-06,-402.010051948E-03
-185.192000E-06,-201.005028147E-03
-185.184000E-06,-201.005026698E-03
-185.176000E-06,-201.005026698E-03
-185.168000E-06,-402.010051947E-03
-185.160000E-06,-402.010053396E-03
-185.152000E-06,-201.005028148E-03
-185.144000E-06,-402.010051946E-03
-185.136000E-06,-402.010053396E-03
-185.128000E-06,-402.010053396E-03
-185.120000E-06,-402.010053396E-03
-185.112000E-06,-402.010053396E-03
-185.104000E-06,-402.010053396E-03
-185.096000E-06,-402.010053396E-03
-185.088000E-06,-402.010053396E-03
-185.080000E-06,-402.010053396E-03
-185.072000E-06,-201.005028150E-03
-185.064000E-06,-402.010051943E-03
-185.056000E-06,-402.010053396E-03
-185.048000E-06,-402.010053396E-03
-185.040000E-06,-402.010053396E-03
-185.032000E-06,-201.005028152E-03
-185.024000E-06,-201.005026698E-03
-185.016000E-06,-402.010051942E-03
-185.008000E-06,-402.010053396E-03
-185.000000E-06,-402.010053396E-03
-184.992000E-06,-402.010053396E-03
-184.984000E-06,-402.010053396E-03
-184.976000E-06,-201.005028153E-03
-184.968000E-06,-201.005026698E-03
-184.960000E-06,-201.005026698E-03
-184.952000E-06,-201.005026698E-03
-184.944000E-06,-201.005026698E-03
-184.936000E-06,-201.005026698E-03
-184.928000E-06,-201.005026698E-03
-184.920000E-06,-402.010051940E-03
-184.912000E-06,-402.010053396E-03
-184.904000E-06,-402.010053396E-03
-184.896000E-06,-201.005028155E-03
-184.888000E-06,-201.005026698E-03
-184.880000E-06,-201.005026698E-03
-184.872000E-06,-201.005026698E-03
-184.864000E-06,-402.010051937E-03
-184.856000E-06,-402.010053396E-03
-184.848000E-06,-201.005028157E-03
-184.840000E-06,-402.010051937E-03
-184.832000E-06,-201.005028158E-03
-184.824000E-06,-402.010051937E-03
-184.816000E-06,-402.010053396E-03
-184.808000E-06,-402.010053396E-03
-184.800000E-06,-201.005028158E-03
-184.792000E-06,-402.010051935E-03
-184.784000E-06,-402.010053396E-03
-184.776000E-06,-201.005028159E-03
-184.768000E-06,-201.005026698E-03
-184.760000E-06,-201.005026698E-03
-184.752000E-06,-402.010051934E-03
-184.744000E-06,-402.010053396E-03
-184.736000E-06,-402.010053396E-03
-184.728000E-06,-201.005028161E-03
-184.720000E-06,-402.010051933E-03
-184.712000E-06,-201.005028161E-03
-184.704000E-06,-201.005026698E-03
-184.696000E-06,-201.005026698E-03
-184.688000E-06,-201.005026698E-03
-184.680000E-06,-201.005026698E-03
-184.672000E-06,-402.010051932E-03
-184.664000E-06,-201.005028163E-03
-184.656000E-06,-201.005026698E-03
-184.648000E-06,-402.010051931E-03
-184.640000E-06,-402.010053396E-03
-184.632000E-06,-201.005028164E-03
-184.624000E-06,-201.005026698E-03
-184.616000E-06,-402.010051930E-03
-184.608000E-06,-402.010053396E-03
-184.600000E-06,-402.010053396E-03
-184.592000E-06,-402.010053396E-03
-184.584000E-06,-402.010053396E-03
-184.576000E-06,-402.010053396E-03
-184.568000E-06,-201.005028166E-03
-184.560000E-06,-201.005026698E-03
-184.552000E-06,-402.010051928E-03
-184.544000E-06,-201.005028166E-03
-184.536000E-06,-201.005026698E-03
-184.528000E-06,-402.010051927E-03
-184.520000E-06,-201.005028167E-03
-184.512000E-06,-402.010051927E-03
-184.504000E-06,-201.005028168E-03
-184.496000E-06,-402.010051926E-03
-184.488000E-06,-402.010053396E-03
-184.480000E-06,-201.005028169E-03
-184.472000E-06,-402.010051926E-03
-184.464000E-06,-201.005028169E-03
-184.456000E-06,-402.010051925E-03
-184.448000E-06,-201.005028169E-03
-184.440000E-06,-402.010051925E-03
-184.432000E-06,-402.010053396E-03
-184.424000E-06,-402.010053396E-03
-184.416000E-06,-201.005028170E-03
-184.408000E-06,-201.005026698E-03
-184.400000E-06,-201.005026698E-03
-184.392000E-06,-201.005026698E-03
-184.384000E-06,-201.005026698E-03
-184.376000E-06,-402.010051923E-03
-184.368000E-06,-201.005028172E-03
-184.360000E-06,-201.005026698E-03
-184.352000E-06,-402.010051922E-03
-184.344000E-06,-201.005028172E-03
-184.336000E-06,-201.005026698E-03
-184.328000E-06,-402.010051921E-03
-184.320000E-06,-201.005028173E-03
-184.312000E-06,-201.005026698E-03
-184.304000E-06,-201.005026698E-03
-184.296000E-06,-402.010051921E-03
-184.288000E-06,-201.005028174E-03
-184.280000E-06,-201.005026698E-03
-184.272000E-06,-201.005026698E-03
-184.264000E-06,-201.005026698E-03
-184.256000E-06,-201.005026698E-03
-184.248000E-06,-201.005026698E-03
-184.240000E-06,-201.005026698E-03
-184.232000E-06,-201.005026698E-03
-184.224000E-06,-201.005026698E-03
-184.216000E-06,-201.005026698E-03
-184.208000E-06,-201.005026698E-03
-184.200000E-06,-201.005026698E-03
-184.192000E-06,-201.005026698E-03
-184.184000E-06,-402.010051917E-03
-184.176000E-06,-201.005028177E-03
-184.168000E-06,-402.010051917E-03
-184.160000E-06,-201.005028178E-03
-184.152000E-06,-201.005026698E-03
-184.144000E-06,-201.005026698E-03
-184.136000E-06,-201.005026698E-03
-184.128000E-06,-402.010051915E-03
-184.120000E-06,-201.005028179E-03
-184.112000E-06,-201.005026698E-03
-184.104000E-06,-201.005026698E-03
-184.096000E-06,-201.005026698E-03
-184.088000E-06,-201.005026698E-03
-184.080000E-06,-402.010051914E-03
-184.072000E-06,-201.005028180E-03
-184.064000E-06,-201.005026698E-03
-184.056000E-06,-201.005026698E-03
-184.048000E-06,-201.005026698E-03
-184.040000E-06,-201.005026698E-03
-184.032000E-06,-201.005026698E-03
-184.024000E-06,-201.005026698E-03
-184.016000E-06,-201.005026698E-03
-184.008000E-06,-402.010051912E-03
-184.000000E-06,-402.010053396E-03
-183.992000E-06,-201.005028183E-03
-183.984000E-06,-201.005026698E-03
-183.976000E-06,-201.005026698E-03
-183.968000E-06,-402.010051910E-03
-183.960000E-06,-201.005028184E-03
-183.952000E-06,-201.005026698E-03
-183.944000E-06,-201.005026698E-03
-183.936000E-06,-201.005026698E-03
-183.928000E-06,-201.005026698E-03
-183.920000E-06,-402.010051909E-03
-183.912000E-06,-201.005028185E-03
-183.904000E-06,-201.005026698E-03
-183.896000E-06,-402.010051908E-03
-183.888000E-06,-201.005028186E-03
-183.880000E-06,-402.010051908E-03
-183.872000E-06,-201.005028187E-03
-183.864000E-06,-201.005026698E-03
-183.856000E-06,-201.005026698E-03
-183.848000E-06,-201.005026698E-03
-183.840000E-06,-201.005026698E-03
-183.832000E-06,-201.005026698E-03
-183.824000E-06,-201.005026698E-03
-183.816000E-06,-201.005026698E-03
-183.808000E-06,-201.005026698E-03
-183.800000E-06,-402.010051906E-03
-183.792000E-06,-201.005028189E-03
-183.784000E-06,-201.005026698E-03
-183.776000E-06,-201.005026698E-03
-183.768000E-06,-201.005026698E-03
-183.760000E-06,-201.005026698E-03
-183.752000E-06,-201.005026698E-03
-183.744000E-06,-201.005026698E-03
-183.736000E-06,-402.010051904E-03
-183.728000E-06,-201.005028191E-03
-183.720000E-06,-201.005026698E-03
-183.712000E-06,-201.005026698E-03
-183.704000E-06,-201.005026698E-03
-183.696000E-06,-201.005026698E-03
-183.688000E-06,-402.010051902E-03
-183.680000E-06,-402.010053396E-03
-183.672000E-06,-201.005028193E-03
-183.664000E-06,-201.005026698E-03
-183.656000E-06,-201.005026698E-03
-183.648000E-06,-402.010051901E-03
-183.640000E-06,-402.010053396E-03
-183.632000E-06,-201.005028194E-03
-183.624000E-06,-201.005026698E-03
-183.616000E-06,-201.005026698E-03
-183.608000E-06,-402.010051900E-03
-183.600000E-06,-201.005028195E-03
-183.592000E-06,-201.005026698E-03
-183.584000E-06,-402.010051899E-03
-183.576000E-06,-201.005028196E-03
-183.568000E-06,-201.005026698E-03
-183.560000E-06,-201.005026698E-03
-183.552000E-06,-201.005026698E-03
-183.544000E-06,-201.005026698E-03
-183.536000E-06,-201.005026698E-03
-183.528000E-06,-201.005026698E-03
-183.520000E-06,-402.010051897E-03
-183.512000E-06,-201.005028197E-03
-183.504000E-06,-402.010051896E-03
-183.496000E-06,-402.010053396E-03
-183.488000E-06,-201.005028198E-03
-183.480000E-06,-201.005026698E-03
-183.472000E-06,-201.005026698E-03
-183.464000E-06,-402.010051896E-03
-183.456000E-06,-402.010053396E-03
-183.448000E-06,-201.005028199E-03
-183.440000E-06,-201.005026698E-03
-183.432000E-06,-201.005026698E-03
-183.424000E-06,-201.005026698E-03
-183.416000E-06,-402.010051894E-03
-183.408000E-06,-402.010053396E-03
-183.400000E-06,-402.010053396E-03
-183.392000E-06,-402.010053396E-03
-183.384000E-06,-201.005028202E-03
-183.376000E-06,-201.005026698E-03
-183.368000E-06,-402.010051893E-03
-183.360000E-06,-201.005028202E-03
-183.352000E-06,-201.005026698E-03
-183.344000E-06,-201.005026698E-03
-183.336000E-06,-201.005026698E-03
-183.328000E-06,-201.005026698E-03
-183.320000E-06,-201.005026698E-03
-183.312000E-06,-201.005026698E-03
-183.304000E-06,-402.010051891E-03
-183.296000E-06,-402.010053396E-03
-183.288000E-06,-402.010053396E-03
-183.280000E-06,-201.005028204E-03
-183.272000E-06,-201.005026698E-03
-183.264000E-06,-201.005026698E-03
-183.256000E-06,-201.005026698E-03
-183.248000E-06,-201.005026698E-03
-183.240000E-06,-201.005026698E-03
-183.232000E-06,-201.005026698E-03
-183.224000E-06,-201.005026698E-03
-183.216000E-06,-402.010051888E-03
-183.208000E-06,-201.005028207E-03
-183.200000E-06,-201.005026698E-03
-183.192000E-06,-201.005026698E-03
-183.184000E-06,-201.005026698E-03
-183.176000E-06,-201.005026698E-03
-183.168000E-06,-402.010051887E-03
-183.160000E-06,-402.010053396E-03
-183.152000E-06,-201.005028208E-03
-183.144000E-06,-402.010051886E-03
-183.136000E-06,-201.005028209E-03
-183.128000E-06,-201.005026698E-03
-183.120000E-06,-201.005026698E-03
-183.112000E-06,-201.005026698E-03
-183.104000E-06,-402.010051885E-03
-183.096000E-06,-201.005028210E-03
-183.088000E-06,-201.005026698E-03
-183.080000E-06,-201.005026698E-03
-183.072000E-06,-201.005026698E-03
-183.064000E-06,-201.005026698E-03
-183.056000E-06,-201.005026698E-03
-183.048000E-06,-201.005026698E-03
-183.040000E-06,-201.005026698E-03
-183.032000E-06,-402.010051883E-03
-183.024000E-06,-402.010053396E-03
-183.016000E-06,-402.010053396E-03
-183.008000E-06,-402.010053396E-03
-183.000000E-06,-402.010053396E-03
-182.992000E-06,-201.005028213E-03
-182.984000E-06,-201.005026698E-03
-182.976000E-06,-201.005026698E-03
-182.968000E-06,-201.005026698E-03
-182.960000E-06,-201.005026698E-03
-182.952000E-06,-201.005026698E-03
-182.944000E-06,-201.005026698E-03
-182.936000E-06,-201.005026698E-03
-182.928000E-06,-201.005026698E-03
-182.920000E-06,-201.005026698E-03
-182.912000E-06,-201.005026698E-03
-182.904000E-06,-402.010051879E-03
-182.896000E-06,-201.005028216E-03
-182.888000E-06,-201.005026698E-03
-182.880000E-06,-201.005026698E-03
-182.872000E-06,-201.005026698E-03
-182.864000E-06,-201.005026698E-03
-182.856000E-06,-402.010051877E-03
-182.848000E-06,-201.005028218E-03
-182.840000E-06,-201.005026698E-03
-182.832000E-06,-201.005026698E-03
-182.824000E-06,-402.010051876E-03
-182.816000E-06,-201.005028218E-03
-182.808000E-06,-402.010051876E-03
-182.800000E-06,-201.005028219E-03
-182.792000E-06,-402.010051875E-03
-182.784000E-06,-201.005028219E-03
-182.776000E-06,-201.005026698E-03
-182.768000E-06,-201.005026698E-03
-182.760000E-06,-201.005026698E-03
-182.752000E-06,-402.010051874E-03
-182.744000E-06,-201.005028221E-03
-182.736000E-06,-201.005026698E-03
-182.728000E-06,-201.005026698E-03
-182.720000E-06,-402.010051873E-03
-182.712000E-06,-201.005028221E-03
-182.704000E-06,-201.005026698E-03
-182.696000E-06,-201.005026698E-03
-182.688000E-06,-201.005026698E-03
-182.680000E-06,-402.010051872E-03
-182.672000E-06,-201.005028223E-03
-182.664000E-06,-201.005026698E-03
-182.656000E-06,-201.005026698E-03
-182.648000E-06,-201.005026698E-03
-182.640000E-06,-201.005026698E-03
-182.632000E-06,-201.005026698E-03
-182.624000E-06,-402.010051870E-03
-182.616000E-06,-402.010053396E-03
-182.608000E-06,-201.005028224E-03
-182.600000E-06,-201.005026698E-03
-182.592000E-06,-201.005026698E-03
-182.584000E-06,-402.010051869E-03
-182.576000E-06,-201.005028226E-03
-182.568000E-06,-201.005026698E-03
-182.560000E-06,-201.005026698E-03
-182.552000E-06,-201.005026698E-03
-182.544000E-06,-201.005026698E-03
-182.536000E-06,-201.005026698E-03
-182.528000E-06,-201.005026698E-03
-182.520000E-06,-201.005026698E-03
-182.512000E-06,-201.005026698E-03
-182.504000E-06,-201.005026698E-03
-182.496000E-06,-201.005026698E-03
-182.488000E-06,-402.010051866E-03
-182.480000E-06,-201.005028229E-03
-182.472000E-06,-201.005026698E-03
-182.464000E-06,-201.005026698E-03
-182.456000E-06,-201.005026698E-03
-182.448000E-06,-201.005026698E-03
-182.440000E-06,-201.005026698E-03
-182.432000E-06,-402.010051864E-03
-182.424000E-06,-201.005028230E-03
-182.416000E-06,-201.005026698E-03
-182.408000E-06,-201.005026698E-03
-182.400000E-06,-201.005026698E-03
-182.392000E-06,-201.005026698E-03
-182.384000E-06,-201.005026698E-03
-182.376000E-06,-201.005026698E-03
-182.368000E-06,-201.005026698E-03
-182.360000E-06,-201.005026698E-03
-182.352000E-06,-402.010051862E-03
-182.344000E-06,-201.005028232E-03
-182.336000E-06,-201.005026698E-03
-182.328000E-06,-201.005026698E-03
-182.320000E-06,-201.005026698E-03
-182.312000E-06,-201.005026698E-03
-182.304000E-06,-201.005026698E-03
-182.296000E-06,-201.005026698E-03
-182.288000E-06,-201.005026698E-03
-182.280000E-06,-201.005026698E-03
-182.272000E-06,-201.005026698E-03
-182.264000E-06,-201.005026698E-03
-182.256000E-06,-201.005026698E-03
-182.248000E-06,-201.005026698E-03
-182.240000E-06,-201.005026698E-03
-182.232000E-06,-201.005026698E-03
-182.224000E-06,-201.005026698E-03
-182.216000E-06,-201.005026698E-03
-182.208000E-06,-201.005026698E-03
-182.200000E-06,-201.005026698E-03
-182.192000E-06,-201.005026698E-03
-182.184000E-06,-201.005026698E-03
-182.176000E-06,-201.005026698E-03
-182.168000E-06,-201.005026698E-03
-182.160000E-06,-201.005026698E-03
-182.152000E-06,-402.010051856E-03
-182.144000E-06,-201.005028238E-03
-182.136000E-06,-201.005026698E-03
-182.128000E-06,-201.005026698E-03
-182.120000E-06,-201.005026698E-03
-182.112000E-06,-201.005026698E-03
-182.104000E-06,-201.005026698E-03
-182.096000E-06,-201.005026698E-03
-182.088000E-06,-201.005026698E-03
-182.080000E-06,-201.005026698E-03
-182.072000E-06,-201.005026698E-03
-182.064000E-06,-201.005026698E-03
-182.056000E-06,-201.005026698E-03
-182.048000E-06,-201.005026698E-03
-182.040000E-06,-201.005026698E-03
-182.032000E-06,-201.005026698E-03
-182.024000E-06,-201.005026698E-03
-182.016000E-06,-201.005026698E-03
-182.008000E-06,-201.005026698E-03
-182.000000E-06,-201.005026698E-03
-181.992000E-06,-201.005026698E-03
-181.984000E-06,-201.005026698E-03
-181.976000E-06,-201.005026698E-03
-181.968000E-06,-201.005026698E-03
-181.960000E-06,-201.005026698E-03
-181.952000E-06,-402.010051850E-03
-181.944000E-06,-201.005028245E-03
-181.936000E-06,-201.005026698E-03
-181.928000E-06,-201.005026698E-03
-181.920000E-06,-201.005026698E-03
-181.912000E-06,-201.005026698E-03
-181.904000E-06,-201.005026698E-03
-181.896000E-06,-201.005026698E-03
-181.888000E-06,-201.005026698E-03
-181.880000E-06,-201.005026698E-03
-181.872000E-06,-201.005026698E-03
-181.864000E-06,-201.005026698E-03
-181.856000E-06,-201.005026698E-03
-181.848000E-06,-201.005026698E-03
-181.840000E-06,-201.005026698E-03
-181.832000E-06,-201.005026698E-03
-181.824000E-06,-402.010051846E-03
-181.816000E-06,-201.005028248E-03
-181.808000E-06,-201.005026698E-03
-181.800000E-06,-201.005026698E-03
-181.792000E-06,-201.005026698E-03
-181.784000E-06,-201.005026698E-03
-181.776000E-06,-201.005026698E-03
-181.768000E-06,-201.005026698E-03
-181.760000E-06,-201.005026698E-03
-181.752000E-06,-201.005026698E-03
-181.744000E-06,-201.005026698E-03
-181.736000E-06,-402.010051844E-03
-181.728000E-06,-201.005028251E-03
-181.720000E-06,-201.005026698E-03
-181.712000E-06,-201.005026698E-03
-181.704000E-06,-201.005026698E-03
-181.696000E-06,-201.005026698E-03
-181.688000E-06,-201.005026698E-03
-181.680000E-06,-201.005026698E-03
-181.672000E-06,-201.005026698E-03
-181.664000E-06,-201.005026698E-03
-181.656000E-06,-201.005026698E-03
-181.648000E-06,-201.005026698E-03
-181.640000E-06,-201.005026698E-03
-181.632000E-06,-201.005026698E-03
-181.624000E-06,-201.005026698E-03
-181.616000E-06,-201.005026698E-03
-181.608000E-06,-201.005026698E-03
-181.600000E-06,-402.010051839E-03
-181.592000E-06,-201.005028255E-03
-181.584000E-06,-201.005026698E-03
-181.576000E-06,-201.005026698E-03
-181.568000E-06,-402.010051839E-03
-181.560000E-06,-201.005028256E-03
-181.552000E-06,-201.005026698E-03
-181.544000E-06,-201.005026698E-03
-181.536000E-06,-201.005026698E-03
-181.528000E-06,-402.010051837E-03
-181.520000E-06,-201.005028257E-03
-181.512000E-06,-201.005026698E-03
-181.504000E-06,-201.005026698E-03
-181.496000E-06,-201.005026698E-03
-181.488000E-06,-201.005026698E-03
-181.480000E-06,-201.005026698E-03
-181.472000E-06,-201.005026698E-03
-181.464000E-06,-402.010051836E-03
-181.456000E-06,-201.005028259E-03
-181.448000E-06,-201.005026698E-03
-181.440000E-06,-402.010051835E-03
-181.432000E-06,-201.005028260E-03
-181.424000E-06,-201.005026698E-03
-181.416000E-06,-201.005026698E-03
-181.408000E-06,-201.005026698E-03
-181.400000E-06,-201.005026698E-03
-181.392000E-06,-201.005026698E-03
-181.384000E-06,-201.005026698E-03
-181.376000E-06,-201.005026698E-03
-181.368000E-06,-201.005026698E-03
-181.360000E-06,-402.010051832E-03
-181.352000E-06,-201.005028262E-03
-181.344000E-06,-201.005026698E-03
-181.336000E-06,-201.005026698E-03
-181.328000E-06,-201.005026698E-03
-181.320000E-06,-201.005026698E-03
-181.312000E-06,-402.010051831E-03
-181.304000E-06,-201.005028264E-03
-181.296000E-06,-201.005026698E-03
-181.288000E-06,-201.005026698E-03
-181.280000E-06,-201.005026698E-03
-181.272000E-06,-402.010051830E-03
-181.264000E-06,-201.005028265E-03
-181.256000E-06,-201.005026698E-03
-181.248000E-06,-201.005026698E-03
-181.240000E-06,-201.005026698E-03
-181.232000E-06,-201.005026698E-03
-181.224000E-06,-201.005026698E-03
-181.216000E-06,-201.005026698E-03
-181.208000E-06,-402.010051828E-03
-181.200000E-06,-201.005028267E-03
-181.192000E-06,-201.005026698E-03
-181.184000E-06,-201.005026698E-03
-181.176000E-06,-201.005026698E-03
-181.168000E-06,-201.005026698E-03
-181.160000E-06,-201.005026698E-03
-181.152000E-06,-201.005026698E-03
-181.144000E-06,-201.005026698E-03
-181.136000E-06,-201.005026698E-03
-181.128000E-06,-201.005026698E-03
-181.120000E-06,-402.010051825E-03
-181.112000E-06,-201.005028270E-03
-181.104000E-06,-201.005026698E-03
-181.096000E-06,-402.010051824E-03
-181.088000E-06,-201.005028270E-03
-181.080000E-06,-201.005026698E-03
-181.072000E-06,-201.005026698E-03
-181.064000E-06,-201.005026698E-03
-181.056000E-06,-201.005026698E-03
-181.048000E-06,-201.005026698E-03
-181.040000E-06,-402.010051823E-03
-181.032000E-06,-201.005028272E-03
-181.024000E-06,-201.005026698E-03
-181.016000E-06,-201.005026698E-03
-181.008000E-06,-402.010051822E-03
-181.000000E-06,-402.010053396E-03
-180.992000E-06,-201.005028273E-03
-180.984000E-06,-201.005026698E-03
-180.976000E-06,-201.005026698E-03
-180.968000E-06,-201.005026698E-03
-180.960000E-06,-201.005026698E-03
-180.952000E-06,-402.010051820E-03
-180.944000E-06,-201.005028275E-03
-180.936000E-06,-201.005026698E-03
-180.928000E-06,-201.005026698E-03
-180.920000E-06,-201.005026698E-03
-180.912000E-06,-201.005026698E-03
-180.904000E-06,-1.577E-09
-180.896000E-06,-201.005025120E-03
-180.888000E-06,-201.005026698E-03
-180.880000E-06,-201.005026698E-03
-180.872000E-06,-201.005026698E-03
-180.864000E-06,-201.005026698E-03
-180.856000E-06,-201.005026698E-03
-180.848000E-06,-201.005026698E-03
-180.840000E-06,-201.005026698E-03
-180.832000E-06,-201.005026698E-03
-180.824000E-06,-201.005026698E-03
-180.816000E-06,-201.005026698E-03
-180.808000E-06,-201.005026698E-03
-180.800000E-06,-1.581E-09
-180.792000E-06,-201.005025117E-03
-180.784000E-06,-201.005026698E-03
-180.776000E-06,-201.005026698E-03
-180.768000E-06,-201.005026698E-03
-180.760000E-06,-201.005026698E-03
-180.752000E-06,-201.005026698E-03
-180.744000E-06,-201.005026698E-03
-180.736000E-06,-201.005026698E-03
-180.728000E-06,-201.005026698E-03
-180.720000E-06,-201.005026698E-03
-180.712000E-06,-201.005026698E-03
-180.704000E-06,-201.005026698E-03
-180.696000E-06,-201.005026698E-03
-180.688000E-06,-201.005026698E-03
-180.680000E-06,-201.005026698E-03
-180.672000E-06,-1.585E-09
-180.664000E-06,-201.005025113E-03
-180.656000E-06,-201.005026698E-03
-180.648000E-06,-402.010051811E-03
-180.640000E-06,-201.005028283E-03
-180.632000E-06,-201.005026698E-03
-180.624000E-06,-201.005026698E-03
-180.616000E-06,-201.005026698E-03
-180.608000E-06,-201.005026698E-03
-180.600000E-06,-402.010051809E-03
-180.592000E-06,-201.005028285E-03
-180.584000E-06,-201.005026698E-03
-180.576000E-06,-201.005026698E-03
-180.568000E-06,-402.010051809E-03
-180.560000E-06,-402.010053396E-03
-180.552000E-06,-201.005028286E-03
-180.544000E-06,-201.005026698E-03
-180.536000E-06,-201.005026698E-03
-180.528000E-06,-201.005026698E-03
-180.520000E-06,-201.005026698E-03
-180.512000E-06,-201.005026698E-03
-180.504000E-06,-201.005026698E-03
-180.496000E-06,-201.005026698E-03
-180.488000E-06,-201.005026698E-03
-180.480000E-06,-201.005026698E-03
-180.472000E-06,-201.005026698E-03
-180.464000E-06,-201.005026698E-03
-180.456000E-06,-201.005026698E-03
-180.448000E-06,-201.005026698E-03
-180.440000E-06,-201.005026698E-03
-180.432000E-06,-201.005026698E-03
-180.424000E-06,-201.005026698E-03
-180.416000E-06,-201.005026698E-03
-180.408000E-06,-201.005026698E-03
-180.400000E-06,-201.005026698E-03
-180.392000E-06,-201.005026698E-03
-180.384000E-06,-201.005026698E-03
-180.376000E-06,-201.005026698E-03
-180.368000E-06,-201.005026698E-03
-180.360000E-06,-201.005026698E-03
-180.352000E-06,-201.005026698E-03
-180.344000E-06,-201.005026698E-03
-180.336000E-06,-402.010051801E-03
-180.328000E-06,-201.005028293E-03
-180.320000E-06,-201.005026698E-03
-180.312000E-06,-201.005026698E-03
-180.304000E-06,-201.005026698E-03
-180.296000E-06,-201.005026698E-03
-180.288000E-06,-201.005026698E-03
-180.280000E-06,-201.005026698E-03
-180.272000E-06,-402.010051800E-03
-180.264000E-06,-201.005028295E-03
-180.256000E-06,-201.005026698E-03
-180.248000E-06,-201.005026698E-03
-180.240000E-06,-201.005026698E-03
-180.232000E-06,-201.005026698E-03
-180.224000E-06,-201.005026698E-03
-180.216000E-06,-201.005026698E-03
-180.208000E-06,-402.010051798E-03
-180.200000E-06,-201.005028297E-03
-180.192000E-06,-201.005026698E-03
-180.184000E-06,-201.005026698E-03
-180.176000E-06,-201.005026698E-03
-180.168000E-06,-201.005026698E-03
-180.160000E-06,-201.005026698E-03
-180.152000E-06,-201.005026698E-03
-180.144000E-06,-201.005026698E-03
-180.136000E-06,-201.005026698E-03
-180.128000E-06,-201.005026698E-03
-180.120000E-06,-201.005026698E-03
-180.112000E-06,-201.005026698E-03
-180.104000E-06,-201.005026698E-03
-180.096000E-06,-402.010051794E-03
-180.088000E-06,-402.010053396E-03
-180.080000E-06,-201.005028300E-03
-180.072000E-06,-201.005026698E-03
-180.064000E-06,-201.005026698E-03
-180.056000E-06,-201.005026698E-03
-180.048000E-06,-201.005026698E-03
-180.040000E-06,-201.005026698E-03
-180.032000E-06,-201.005026698E-03
-180.024000E-06,-201.005026698E-03
-180.016000E-06,-201.005026698E-03
-180.008000E-06,-201.005026698E-03
-180.000000E-06,-201.005026698E-03
-179.992000E-06,-201.005026698E-03
-179.984000E-06,-201.005026698E-03
-179.976000E-06,-201.005026698E-03
-179.968000E-06,-201.005026698E-03
-179.960000E-06,-201.005026698E-03
-179.952000E-06,-201.005026698E-03
-179.944000E-06,-201.005026698E-03
-179.936000E-06,-201.005026698E-03
-179.928000E-06,-402.010051789E-03
-179.920000E-06,-201.005028305E-03
-179.912000E-06,-201.005026698E-03
-179.904000E-06,-201.005026698E-03
-179.896000E-06,-201.005026698E-03
-179.888000E-06,-201.005026698E-03
-179.880000E-06,-201.005026698E-03
-179.872000E-06,-201.005026698E-03
-179.864000E-06,-201.005026698E-03
-179.856000E-06,-402.010051787E-03
-179.848000E-06,-201.005028308E-03
-179.840000E-06,-201.005026698E-03
-179.832000E-06,-201.005026698E-03
-179.824000E-06,-201.005026698E-03
-179.816000E-06,-201.005026698E-03
-179.808000E-06,-201.005026698E-03
-179.800000E-06,-201.005026698E-03
-179.792000E-06,-201.005026698E-03
-179.784000E-06,-201.005026698E-03
-179.776000E-06,-201.005026698E-03
-179.768000E-06,-201.005026698E-03
-179.760000E-06,-201.005026698E-03
-179.752000E-06,-201.005026698E-03
-179.744000E-06,-201.005026698E-03
-179.736000E-06,-402.010051784E-03
-179.728000E-06,-201.005028311E-03
-179.720000E-06,-201.005026698E-03
-179.712000E-06,-201.005026698E-03
-179.704000E-06,-201.005026698E-03
-179.696000E-06,-201.005026698E-03
-179.688000E-06,-201.005026698E-03
-179.680000E-06,-201.005026698E-03
-179.672000E-06,-201.005026698E-03
-179.664000E-06,-201.005026698E-03
-179.656000E-06,-201.005026698E-03
-179.648000E-06,-201.005026698E-03
-179.640000E-06,-201.005026698E-03
-179.632000E-06,-201.005026698E-03
-179.624000E-06,-201.005026698E-03
-179.616000E-06,-201.005026698E-03
-179.608000E-06,-201.005026698E-03
-179.600000E-06,-201.005026698E-03
-179.592000E-06,-201.005026698E-03
-179.584000E-06,-201.005026698E-03
-179.576000E-06,-201.005026698E-03
-179.568000E-06,-201.005026698E-03
-179.560000E-06,-201.005026698E-03
-179.552000E-06,-402.010051778E-03
-179.544000E-06,-201.005028316E-03
-179.536000E-06,-201.005026698E-03
-179.528000E-06,-201.005026698E-03
-179.520000E-06,-201.005026698E-03
-179.512000E-06,-402.010051777E-03
-179.504000E-06,-201.005028318E-03
-179.496000E-06,-402.010051777E-03
-179.488000E-06,-201.005028319E-03
-179.480000E-06,-201.005026698E-03
-179.472000E-06,-201.005026698E-03
-179.464000E-06,-402.010051775E-03
-179.456000E-06,-402.010053396E-03
-179.448000E-06,-201.005028319E-03
-179.440000E-06,-201.005026698E-03
-179.432000E-06,-402.010051774E-03
-179.424000E-06,-201.005028320E-03
-179.416000E-06,-201.005026698E-03
-179.408000E-06,-201.005026698E-03
-179.400000E-06,-201.005026698E-03
-179.392000E-06,-201.005026698E-03
-179.384000E-06,-201.005026698E-03
-179.376000E-06,-201.005026698E-03
-179.368000E-06,-201.005026698E-03
-179.360000E-06,-201.005026698E-03
-179.352000E-06,-201.005026698E-03
-179.344000E-06,-201.005026698E-03
-179.336000E-06,-201.005026698E-03
-179.328000E-06,-201.005026698E-03
-179.320000E-06,-201.005026698E-03
-179.312000E-06,-402.010051771E-03
-179.304000E-06,-201.005028324E-03
-179.296000E-06,-201.005026698E-03
-179.288000E-06,-402.010051770E-03
-179.280000E-06,-201.005028324E-03
-179.272000E-06,-201.005026698E-03
-179.264000E-06,-201.005026698E-03
-179.256000E-06,-402.010051769E-03
-179.248000E-06,-201.005028325E-03
-179.240000E-06,-201.005026698E-03
-179.232000E-06,-201.005026698E-03
-179.224000E-06,-201.005026698E-03
-179.216000E-06,-201.005026698E-03
-179.208000E-06,-402.010051768E-03
-179.200000E-06,-201.005028327E-03
-179.192000E-06,-201.005026698E-03
-179.184000E-06,-201.005026698E-03
-179.176000E-06,-201.005026698E-03
-179.168000E-06,-201.005026698E-03
-179.160000E-06,-201.005026698E-03
-179.152000E-06,-201.005026698E-03
-179.144000E-06,-201.005026698E-03
-179.136000E-06,-201.005026698E-03
-179.128000E-06,-201.005026698E-03
-179.120000E-06,-201.005026698E-03
-179.112000E-06,-201.005026698E-03
-179.104000E-06,-201.005026698E-03
-179.096000E-06,-201.005026698E-03
-179.088000E-06,-201.005026698E-03
-179.080000E-06,-201.005026698E-03
-179.072000E-06,-201.005026698E-03
-179.064000E-06,-201.005026698E-03
-179.056000E-06,-201.005026698E-03
-179.048000E-06,-201.005026698E-03
-179.040000E-06,-201.005026698E-03
-179.032000E-06,-402.010051763E-03
-179.024000E-06,-201.005028332E-03
-179.016000E-06,-201.005026698E-03
-179.008000E-06,-402.010051762E-03
-179.000000E-06,-201.005028333E-03
-178.992000E-06,-201.005026698E-03
-178.984000E-06,-201.005026698E-03
-178.976000E-06,-201.005026698E-03
-178.968000E-06,-201.005026698E-03
-178.960000E-06,-201.005026698E-03
-178.952000E-06,-201.005026698E-03
-178.944000E-06,-201.005026698E-03
-178.936000E-06,-402.010051760E-03
-178.928000E-06,-201.005028335E-03
-178.920000E-06,-402.010051759E-03
-178.912000E-06,-402.010053396E-03
-178.904000E-06,-402.010053396E-03
-178.896000E-06,-402.010053396E-03
-178.888000E-06,-201.005028336E-03
-178.880000E-06,-402.010051757E-03
-178.872000E-06,-402.010053396E-03
-178.864000E-06,-201.005028337E-03
-178.856000E-06,-201.005026698E-03
-178.848000E-06,-402.010051757E-03
-178.840000E-06,-201.005028338E-03
-178.832000E-06,-201.005026698E-03
-178.824000E-06,-201.005026698E-03
-178.816000E-06,-201.005026698E-03
-178.808000E-06,-402.010051755E-03
-178.800000E-06,-201.005028339E-03
-178.792000E-06,-201.005026698E-03
-178.784000E-06,-201.005026698E-03
-178.776000E-06,-201.005026698E-03
-178.768000E-06,-201.005026698E-03
-178.760000E-06,-201.005026698E-03
-178.752000E-06,-201.005026698E-03
-178.744000E-06,-201.005026698E-03
-178.736000E-06,-201.005026698E-03
-178.728000E-06,-201.005026698E-03
-178.720000E-06,-201.005026698E-03
-178.712000E-06,-402.010051753E-03
-178.704000E-06,-201.005028342E-03
-178.696000E-06,-1.644E-09
-178.688000E-06,-201.005025054E-03
-178.680000E-06,-201.005026698E-03
-178.672000E-06,-201.005026698E-03
-178.664000E-06,-402.010051752E-03
-178.656000E-06,-201.005028343E-03
-178.648000E-06,-201.005026698E-03
-178.640000E-06,-201.005026698E-03
-178.632000E-06,-201.005026698E-03
-178.624000E-06,-201.005026698E-03
-178.616000E-06,-402.010051750E-03
-178.608000E-06,-201.005028345E-03
-178.600000E-06,-201.005026698E-03
-178.592000E-06,-402.010051749E-03
-178.584000E-06,-201.005028346E-03
-178.576000E-06,-201.005026698E-03
-178.568000E-06,-402.010051749E-03
-178.560000E-06,-201.005028346E-03
-178.552000E-06,-201.005026698E-03
-178.544000E-06,-201.005026698E-03
-178.536000E-06,-201.005026698E-03
-178.528000E-06,-201.005026698E-03
-178.520000E-06,-201.005026698E-03
-178.512000E-06,-201.005026698E-03
-178.504000E-06,-402.010051747E-03
-178.496000E-06,-402.010053396E-03
-178.488000E-06,-201.005028349E-03
-178.480000E-06,-201.005026698E-03
-178.472000E-06,-402.010051746E-03
-178.464000E-06,-402.010053396E-03
-178.456000E-06,-201.005028349E-03
-178.448000E-06,-402.010051745E-03
-178.440000E-06,-201.005028350E-03
-178.432000E-06,-201.005026698E-03
-178.424000E-06,-402.010051744E-03
-178.416000E-06,-402.010053396E-03
-178.408000E-06,-402.010053396E-03
-178.400000E-06,-201.005028351E-03
-178.392000E-06,-402.010051743E-03
-178.384000E-06,-402.010053396E-03
-178.376000E-06,-402.010053396E-03
-178.368000E-06,-201.005028352E-03
-178.360000E-06,-201.005026698E-03
-178.352000E-06,-402.010051742E-03
-178.344000E-06,-402.010053396E-03
-178.336000E-06,-402.010053396E-03
-178.328000E-06,-201.005028353E-03
-178.320000E-06,-201.005026698E-03
-178.312000E-06,-402.010051741E-03
-178.304000E-06,-201.005028354E-03
-178.296000E-06,-201.005026698E-03
-178.288000E-06,-402.010051740E-03
-178.280000E-06,-201.005028354E-03
-178.272000E-06,-402.010051739E-03
-178.264000E-06,-201.005028355E-03
-178.256000E-06,-402.010051739E-03
-178.248000E-06,-402.010053396E-03
-178.240000E-06,-201.005028356E-03
-178.232000E-06,-402.010051738E-03
-178.224000E-06,-402.010053396E-03
-178.216000E-06,-402.010053396E-03
-178.208000E-06,-402.010053396E-03
-178.200000E-06,-402.010053396E-03
-178.192000E-06,-201.005028357E-03
-178.184000E-06,-402.010051737E-03
-178.176000E-06,-201.005028357E-03
-178.168000E-06,-201.005026698E-03
-178.160000E-06,-402.010051736E-03
-178.152000E-06,-402.010053396E-03
-178.144000E-06,-402.010053396E-03
-178.136000E-06,-201.005028359E-03
-178.128000E-06,-402.010051736E-03
-178.120000E-06,-402.010053396E-03
-178.112000E-06,-201.005028360E-03
-178.104000E-06,-201.005026698E-03
-178.096000E-06,-402.010051734E-03
-178.088000E-06,-201.005028360E-03
-178.080000E-06,-201.005026698E-03
-178.072000E-06,-402.010051733E-03
-178.064000E-06,-402.010053396E-03
-178.056000E-06,-402.010053396E-03
-178.048000E-06,-402.010053396E-03
-178.040000E-06,-402.010053396E-03
-178.032000E-06,-402.010053396E-03
-178.024000E-06,-201.005028362E-03
-178.016000E-06,-402.010051732E-03
-178.008000E-06,-402.010053396E-03
-178.000000E-06,-201.005028363E-03
-177.992000E-06,-402.010051731E-03
-177.984000E-06,-402.010053396E-03
-177.976000E-06,-402.010053396E-03
-177.968000E-06,-201.005028364E-03
-177.960000E-06,-201.005026698E-03
-177.952000E-06,-201.005026698E-03
-177.944000E-06,-402.010051730E-03
-177.936000E-06,-402.010053396E-03
-177.928000E-06,-201.005028365E-03
-177.920000E-06,-402.010051729E-03
-177.912000E-06,-402.010053396E-03
-177.904000E-06,-402.010053396E-03
-177.896000E-06,-201.005028366E-03
-177.888000E-06,-402.010051728E-03
-177.880000E-06,-402.010053396E-03
-177.872000E-06,-402.010053396E-03
-177.864000E-06,-402.010053396E-03
-177.856000E-06,-402.010053396E-03
-177.848000E-06,-201.005028368E-03
-177.840000E-06,-201.005026698E-03
-177.832000E-06,-402.010051726E-03
-177.824000E-06,-201.005028368E-03
-177.816000E-06,-201.005026698E-03
-177.808000E-06,-201.005026698E-03
-177.800000E-06,-402.010051725E-03
-177.792000E-06,-402.010053396E-03
-177.784000E-06,-402.010053396E-03
-177.776000E-06,-402.010053396E-03
-177.768000E-06,-201.005028370E-03
-177.760000E-06,-402.010051724E-03
-177.752000E-06,-402.010053396E-03
-177.744000E-06,-201.005028370E-03
-177.736000E-06,-201.005026698E-03
-177.728000E-06,-201.005026698E-03
-177.720000E-06,-201.005026698E-03
-177.712000E-06,-201.005026698E-03
-177.704000E-06,-201.005026698E-03
-177.696000E-06,-201.005026698E-03
-177.688000E-06,-402.010051722E-03
-177.680000E-06,-402.010053396E-03
-177.672000E-06,-402.010053396E-03
-177.664000E-06,-201.005028373E-03
-177.656000E-06,-201.005026698E-03
-177.648000E-06,-402.010051721E-03
-177.640000E-06,-402.010053396E-03
-177.632000E-06,-603.015078418E-03
-177.624000E-06,-402.010055072E-03
-177.616000E-06,-402.010053396E-03
-177.608000E-06,-201.005028375E-03
-177.600000E-06,-402.010051719E-03
-177.592000E-06,-402.010053396E-03
-177.584000E-06,-201.005028376E-03
-177.576000E-06,-402.010051719E-03
-177.568000E-06,-201.005028376E-03
-177.560000E-06,-201.005026698E-03
-177.552000E-06,-402.010051718E-03
-177.544000E-06,-201.005028376E-03
-177.536000E-06,-201.005026698E-03
-177.528000E-06,-402.010051717E-03
-177.520000E-06,-402.010053396E-03
-177.512000E-06,-201.005028378E-03
-177.504000E-06,-402.010051717E-03
-177.496000E-06,-201.005028378E-03
-177.488000E-06,-402.010051716E-03
-177.480000E-06,-201.005028379E-03
-177.472000E-06,-402.010051716E-03
-177.464000E-06,-402.010053396E-03
-177.456000E-06,-402.010053396E-03
-177.448000E-06,-402.010053396E-03
-177.440000E-06,-402.010053396E-03
-177.432000E-06,-402.010053396E-03
-177.424000E-06,-402.010053396E-03
-177.416000E-06,-402.010053396E-03
-177.408000E-06,-201.005028381E-03
-177.400000E-06,-201.005026698E-03
-177.392000E-06,-402.010051713E-03
-177.384000E-06,-201.005028381E-03
-177.376000E-06,-402.010051713E-03
-177.368000E-06,-201.005028382E-03
-177.360000E-06,-201.005026698E-03
-177.352000E-06,-402.010051712E-03
-177.344000E-06,-201.005028383E-03
-177.336000E-06,-402.010051711E-03
-177.328000E-06,-402.010053396E-03
-177.320000E-06,-402.010053396E-03
-177.312000E-06,-402.010053396E-03
-177.304000E-06,-402.010053396E-03
-177.296000E-06,-402.010053396E-03
-177.288000E-06,-402.010053396E-03
-177.280000E-06,-402.010053396E-03
-177.272000E-06,-402.010053396E-03
-177.264000E-06,-402.010053396E-03
-177.256000E-06,-402.010053396E-03
-177.248000E-06,-402.010053396E-03
-177.240000E-06,-402.010053396E-03
-177.232000E-06,-402.010053396E-03
-177.224000E-06,-402.010053396E-03
-177.216000E-06,-402.010053396E-03
-177.208000E-06,-402.010053396E-03
-177.200000E-06,-402.010053396E-03
-177.192000E-06,-402.010053396E-03
-177.184000E-06,-201.005028387E-03
-177.176000E-06,-201.005026698E-03
-177.168000E-06,-402.010051706E-03
-177.160000E-06,-402.010053396E-03
-177.152000E-06,-402.010053396E-03
-177.144000E-06,-402.010053396E-03
-177.136000E-06,-402.010053396E-03
-177.128000E-06,-402.010053396E-03
-177.120000E-06,-402.010053396E-03
-177.112000E-06,-402.010053396E-03
-177.104000E-06,-402.010053396E-03
-177.096000E-06,-402.010053396E-03
-177.088000E-06,-402.010053396E-03
-177.080000E-06,-402.010053396E-03
-177.072000E-06,-402.010053396E-03
-177.064000E-06,-402.010053396E-03
-177.056000E-06,-402.010053396E-03
-177.048000E-06,-402.010053396E-03
-177.040000E-06,-402.010053396E-03
-177.032000E-06,-402.010053396E-03
-177.024000E-06,-402.010053396E-03
-177.016000E-06,-402.010053396E-03
-177.008000E-06,-201.005028392E-03
-177.000000E-06,-402.010051701E-03
-176.992000E-06,-402.010053396E-03
-176.984000E-06,-402.010053396E-03
-176.976000E-06,-402.010053396E-03
-176.968000E-06,-402.010053396E-03
-176.960000E-06,-402.010053396E-03
-176.952000E-06,-402.010053396E-03
-176.944000E-06,-402.010053396E-03
-176.936000E-06,-402.010053396E-03
-176.928000E-06,-402.010053396E-03
-176.920000E-06,-402.010053396E-03
-176.912000E-06,-402.010053396E-03
-176.904000E-06,-402.010053396E-03
-176.896000E-06,-402.010053396E-03
-176.888000E-06,-402.010053396E-03
-176.880000E-06,-402.010053396E-03
-176.872000E-06,-402.010053396E-03
-176.864000E-06,-402.010053396E-03
-176.856000E-06,-402.010053396E-03
-176.848000E-06,-402.010053396E-03
-176.840000E-06,-402.010053396E-03
-176.832000E-06,-402.010053396E-03
-176.824000E-06,-402.010053396E-03
-176.816000E-06,-402.010053396E-03
-176.808000E-06,-402.010053396E-03
-176.800000E-06,-402.010053396E-03
-176.792000E-06,-402.010053396E-03
-176.784000E-06,-402.010053396E-03
-176.776000E-06,-402.010053396E-03
-176.768000E-06,-402.010053396E-03
-176.760000E-06,-402.010053396E-03
-176.752000E-06,-402.010053396E-03
-176.744000E-06,-201.005028400E-03
-176.736000E-06,-402.010051693E-03
-176.728000E-06,-402.010053396E-03
-176.720000E-06,-201.005028401E-03
-176.712000E-06,-402.010051692E-03
-176.704000E-06,-402.010053396E-03
-176.696000E-06,-402.010053396E-03
-176.688000E-06,-402.010053396E-03
-176.680000E-06,-402.010053396E-03
-176.672000E-06,-402.010053396E-03
-176.664000E-06,-402.010053396E-03
-176.656000E-06,-402.010053396E-03
-176.648000E-06,-402.010053396E-03
-176.640000E-06,-402.010053396E-03
-176.632000E-06,-402.010053396E-03
-176.624000E-06,-402.010053396E-03
-176.616000E-06,-402.010053396E-03
-176.608000E-06,-402.010053396E-03
-176.600000E-06,-402.010053396E-03
-176.592000E-06,-402.010053396E-03
-176.584000E-06,-402.010053396E-03
-176.576000E-06,-402.010053396E-03
-176.568000E-06,-402.010053396E-03
-176.560000E-06,-402.010053396E-03
-176.552000E-06,-402.010053396E-03
-176.544000E-06,-402.010053396E-03
-176.536000E-06,-402.010053396E-03
-176.528000E-06,-402.010053396E-03
-176.520000E-06,-402.010053396E-03
-176.512000E-06,-402.010053396E-03
-176.504000E-06,-402.010053396E-03
-176.496000E-06,-402.010053396E-03
-176.488000E-06,-402.010053396E-03
-176.480000E-06,-402.010053396E-03
-176.472000E-06,-402.010053396E-03
-176.464000E-06,-603.015078383E-03
-176.456000E-06,-402.010055107E-03
-176.448000E-06,-402.010053396E-03
-176.440000E-06,-402.010053396E-03
-176.432000E-06,-402.010053396E-03
-176.424000E-06,-402.010053396E-03
-176.416000E-06,-603.015078382E-03
-176.408000E-06,-402.010055109E-03
-176.400000E-06,-603.015078382E-03
-176.392000E-06,-603.015080094E-03
-176.384000E-06,-402.010055110E-03
-176.376000E-06,-402.010053396E-03
-176.368000E-06,-402.010053396E-03
-176.360000E-06,-402.010053396E-03
-176.352000E-06,-402.010053396E-03
-176.344000E-06,-402.010053396E-03
-176.336000E-06,-402.010053396E-03
-176.328000E-06,-402.010053396E-03
-176.320000E-06,-603.015078379E-03
-176.312000E-06,-402.010055112E-03
-176.304000E-06,-603.015078379E-03
-176.296000E-06,-402.010055112E-03
-176.288000E-06,-402.010053396E-03
-176.280000E-06,-402.010053396E-03
-176.272000E-06,-402.010053396E-03
-176.264000E-06,-402.010053396E-03
-176.256000E-06,-402.010053396E-03
-176.248000E-06,-402.010053396E-03
-176.240000E-06,-603.015078377E-03
-176.232000E-06,-402.010055114E-03
-176.224000E-06,-402.010053396E-03
-176.216000E-06,-402.010053396E-03
-176.208000E-06,-402.010053396E-03
-176.200000E-06,-603.015078375E-03
-176.192000E-06,-402.010055115E-03
-176.184000E-06,-402.010053396E-03
-176.176000E-06,-603.015078374E-03
-176.168000E-06,-402.010055116E-03
-176.160000E-06,-402.010053396E-03
-176.152000E-06,-402.010053396E-03
-176.144000E-06,-402.010053396E-03
-176.136000E-06,-603.015078374E-03
-176.128000E-06,-402.010055118E-03
-176.120000E-06,-603.015078373E-03
-176.112000E-06,-402.010055118E-03
-176.104000E-06,-402.010053396E-03
-176.096000E-06,-603.015078372E-03
-176.088000E-06,-402.010055118E-03
-176.080000E-06,-402.010053396E-03
-176.072000E-06,-603.015078372E-03
-176.064000E-06,-603.015080094E-03
-176.056000E-06,-402.010055120E-03
-176.048000E-06,-402.010053396E-03
-176.040000E-06,-402.010053396E-03
-176.032000E-06,-402.010053396E-03
-176.024000E-06,-402.010053396E-03
-176.016000E-06,-402.010053396E-03
-176.008000E-06,-402.010053396E-03
-176.000000E-06,-402.010053396E-03
-175.992000E-06,-402.010053396E-03
-175.984000E-06,-402.010053396E-03
-175.976000E-06,-603.015078369E-03
-175.968000E-06,-402.010055122E-03
-175.960000E-06,-603.015078369E-03
-175.952000E-06,-603.015080094E-03
-175.944000E-06,-402.010055123E-03
-175.936000E-06,-402.010053396E-03
-175.928000E-06,-402.010053396E-03
-175.920000E-06,-402.010053396E-03
-175.912000E-06,-603.015078367E-03
-175.904000E-06,-402.010055124E-03
-175.896000E-06,-402.010053396E-03
-175.888000E-06,-402.010053396E-03
-175.880000E-06,-402.010053396E-03
-175.872000E-06,-402.010053396E-03
-175.864000E-06,-402.010053396E-03
-175.856000E-06,-402.010053396E-03
-175.848000E-06,-603.015078365E-03
-175.840000E-06,-402.010055126E-03
-175.832000E-06,-603.015078364E-03
-175.824000E-06,-603.015080094E-03
-175.816000E-06,-603.015080094E-03
-175.808000E-06,-603.015080094E-03
-175.800000E-06,-603.015080094E-03
-175.792000E-06,-402.010055127E-03
-175.784000E-06,-402.010053396E-03
-175.776000E-06,-402.010053396E-03
-175.768000E-06,-603.015078363E-03
-175.760000E-06,-402.010055129E-03
-175.752000E-06,-402.010053396E-03
-175.744000E-06,-402.010053396E-03
-175.736000E-06,-603.015078361E-03
-175.728000E-06,-402.010055129E-03
-175.720000E-06,-402.010053396E-03
-175.712000E-06,-402.010053396E-03
-175.704000E-06,-603.015078361E-03
-175.696000E-06,-603.015080094E-03
-175.688000E-06,-603.015080094E-03
-175.680000E-06,-402.010055131E-03
-175.672000E-06,-402.010053396E-03
-175.664000E-06,-402.010053396E-03
-175.656000E-06,-402.010053396E-03
-175.648000E-06,-603.015078359E-03
-175.640000E-06,-603.015080094E-03
-175.632000E-06,-603.015080094E-03
-175.624000E-06,-402.010055132E-03
-175.616000E-06,-402.010053396E-03
-175.608000E-06,-603.015078358E-03
-175.600000E-06,-603.015080094E-03
-175.592000E-06,-402.010055134E-03
-175.584000E-06,-402.010053396E-03
-175.576000E-06,-402.010053396E-03
-175.568000E-06,-402.010053396E-03
-175.560000E-06,-603.015078356E-03
-175.552000E-06,-402.010055134E-03
-175.544000E-06,-402.010053396E-03
-175.536000E-06,-402.010053396E-03
-175.528000E-06,-402.010053396E-03
-175.520000E-06,-603.015078355E-03
-175.512000E-06,-402.010055136E-03
-175.504000E-06,-603.015078355E-03
-175.496000E-06,-603.015080094E-03
-175.488000E-06,-402.010055137E-03
-175.480000E-06,-603.015078354E-03
-175.472000E-06,-402.010055137E-03
-175.464000E-06,-603.015078353E-03
-175.456000E-06,-603.015080094E-03
-175.448000E-06,-402.010055137E-03
-175.440000E-06,-603.015078352E-03
-175.432000E-06,-603.015080094E-03
-175.424000E-06,-402.010055138E-03
-175.416000E-06,-402.010053396E-03
-175.408000E-06,-603.015078352E-03
-175.400000E-06,-603.015080094E-03
-175.392000E-06,-402.010055140E-03
-175.384000E-06,-402.010053396E-03
-175.376000E-06,-603.015078351E-03
-175.368000E-06,-402.010055140E-03
-175.360000E-06,-603.015078350E-03
-175.352000E-06,-603.015080094E-03
-175.344000E-06,-402.010055141E-03
-175.336000E-06,-402.010053396E-03
-175.328000E-06,-402.010053396E-03
-175.320000E-06,-603.015078349E-03
-175.312000E-06,-402.010055142E-03
-175.304000E-06,-603.015078349E-03
-175.296000E-06,-603.015080094E-03
-175.288000E-06,-402.010055142E-03
-175.280000E-06,-402.010053396E-03
-175.272000E-06,-603.015078347E-03
-175.264000E-06,-402.010055143E-03
-175.256000E-06,-603.015078347E-03
-175.248000E-06,-402.010055144E-03
-175.240000E-06,-603.015078347E-03
-175.232000E-06,-603.015080094E-03
-175.224000E-06,-603.015080094E-03
-175.216000E-06,-603.015080094E-03
-175.208000E-06,-603.015080094E-03
-175.200000E-06,-603.015080094E-03
-175.192000E-06,-402.010055145E-03
-175.184000E-06,-603.015078345E-03
-175.176000E-06,-603.015080094E-03
-175.168000E-06,-603.015080094E-03
-175.160000E-06,-603.015080094E-03
-175.152000E-06,-603.015080094E-03
-175.144000E-06,-402.010055147E-03
-175.136000E-06,-603.015078344E-03
-175.128000E-06,-603.015080094E-03
-175.120000E-06,-603.015080094E-03
-175.112000E-06,-603.015080094E-03
-175.104000E-06,-603.015080094E-03
-175.096000E-06,-603.015080094E-03
-175.088000E-06,-603.015080094E-03
-175.080000E-06,-402.010055149E-03
-175.072000E-06,-603.015078342E-03
-175.064000E-06,-603.015080094E-03
-175.056000E-06,-603.015080094E-03
-175.048000E-06,-603.015080094E-03
-175.040000E-06,-603.015080094E-03
-175.032000E-06,-603.015080094E-03
-175.024000E-06,-603.015080094E-03
-175.016000E-06,-402.010055150E-03
-175.008000E-06,-603.015078339E-03
-175.000000E-06,-603.015080094E-03
-174.992000E-06,-603.015080094E-03
-174.984000E-06,-603.015080094E-03
-174.976000E-06,-603.015080094E-03
-174.968000E-06,-603.015080094E-03
-174.960000E-06,-603.015080094E-03
-174.952000E-06,-402.010055153E-03
-174.944000E-06,-603.015078338E-03
-174.936000E-06,-603.015080094E-03
-174.928000E-06,-603.015080094E-03
-174.920000E-06,-603.015080094E-03
-174.912000E-06,-603.015080094E-03
-174.904000E-06,-603.015080094E-03
-174.896000E-06,-603.015080094E-03
-174.888000E-06,-402.010055154E-03
-174.880000E-06,-603.015078336E-03
-174.872000E-06,-603.015080094E-03
-174.864000E-06,-603.015080094E-03
-174.856000E-06,-603.015080094E-03
-174.848000E-06,-603.015080094E-03
-174.840000E-06,-603.015080094E-03
-174.832000E-06,-402.010055156E-03
-174.824000E-06,-603.015078334E-03
-174.816000E-06,-603.015080094E-03
-174.808000E-06,-603.015080094E-03
-174.800000E-06,-603.015080094E-03
-174.792000E-06,-603.015080094E-03
-174.784000E-06,-603.015080094E-03
-174.776000E-06,-603.015080094E-03
-174.768000E-06,-603.015080094E-03
-174.760000E-06,-603.015080094E-03
-174.752000E-06,-603.015080094E-03
-174.744000E-06,-603.015080094E-03
-174.736000E-06,-603.015080094E-03
-174.728000E-06,-603.015080094E-03
-174.720000E-06,-603.015080094E-03
-174.712000E-06,-603.015080094E-03
-174.704000E-06,-402.010055160E-03
-174.696000E-06,-402.010053396E-03
-174.688000E-06,-603.015078330E-03
-174.680000E-06,-603.015080094E-03
-174.672000E-06,-603.015080094E-03
-174.664000E-06,-603.015080094E-03
-174.656000E-06,-603.015080094E-03
-174.648000E-06,-603.015080094E-03
-174.640000E-06,-603.015080094E-03
-174.632000E-06,-603.015080094E-03
-174.624000E-06,-603.015080094E-03
-174.616000E-06,-603.015080094E-03
-174.608000E-06,-603.015080094E-03
-174.600000E-06,-603.015080094E-03
-174.592000E-06,-804.020105025E-03
-174.584000E-06,-603.015081862E-03
-174.576000E-06,-603.015080094E-03
-174.568000E-06,-603.015080094E-03
-174.560000E-06,-603.015080094E-03
-174.552000E-06,-402.010055164E-03
-174.544000E-06,-603.015078325E-03
-174.536000E-06,-603.015080094E-03
-174.528000E-06,-603.015080094E-03
-174.520000E-06,-603.015080094E-03
-174.512000E-06,-603.015080094E-03
-174.504000E-06,-603.015080094E-03
-174.496000E-06,-603.015080094E-03
-174.488000E-06,-603.015080094E-03
-174.480000E-06,-603.015080094E-03
-174.472000E-06,-603.015080094E-03
-174.464000E-06,-603.015080094E-03
-174.456000E-06,-603.015080094E-03
-174.448000E-06,-603.015080094E-03
-174.440000E-06,-603.015080094E-03
-174.432000E-06,-603.015080094E-03
-174.424000E-06,-603.015080094E-03
-174.416000E-06,-603.015080094E-03
-174.408000E-06,-603.015080094E-03
-174.400000E-06,-603.015080094E-03
-174.392000E-06,-603.015080094E-03
-174.384000E-06,-603.015080094E-03
-174.376000E-06,-603.015080094E-03
-174.368000E-06,-603.015080094E-03
-174.360000E-06,-603.015080094E-03
-174.352000E-06,-603.015080094E-03
-174.344000E-06,-603.015080094E-03
-174.336000E-06,-603.015080094E-03
-174.328000E-06,-603.015080094E-03
-174.320000E-06,-603.015080094E-03
-174.312000E-06,-603.015080094E-03
-174.304000E-06,-402.010055172E-03
-174.296000E-06,-603.015078318E-03
-174.288000E-06,-603.015080094E-03
-174.280000E-06,-603.015080094E-03
-174.272000E-06,-402.010055173E-03
-174.264000E-06,-603.015078317E-03
-174.256000E-06,-603.015080094E-03
-174.248000E-06,-603.015080094E-03
-174.240000E-06,-603.015080094E-03
-174.232000E-06,-603.015080094E-03
-174.224000E-06,-603.015080094E-03
-174.216000E-06,-603.015080094E-03
-174.208000E-06,-603.015080094E-03
-174.200000E-06,-603.015080094E-03
-174.192000E-06,-603.015080094E-03
-174.184000E-06,-603.015080094E-03
-174.176000E-06,-402.010055176E-03
-174.168000E-06,-603.015078314E-03
-174.160000E-06,-603.015080094E-03
-174.152000E-06,-603.015080094E-03
-174.144000E-06,-603.015080094E-03
-174.136000E-06,-603.015080094E-03
-174.128000E-06,-603.015080094E-03
-174.120000E-06,-603.015080094E-03
-174.112000E-06,-603.015080094E-03
-174.104000E-06,-603.015080094E-03
-174.096000E-06,-402.010055178E-03
-174.088000E-06,-603.015078312E-03
-174.080000E-06,-603.015080094E-03
-174.072000E-06,-603.015080094E-03
-174.064000E-06,-603.015080094E-03
-174.056000E-06,-804.020105009E-03
-174.048000E-06,-603.015081878E-03
-174.040000E-06,-603.015080094E-03
-174.032000E-06,-402.010055180E-03
-174.024000E-06,-804.020103224E-03
-174.016000E-06,-603.015081879E-03
-174.008000E-06,-402.010055181E-03
-174.000000E-06,-804.020103222E-03
-173.992000E-06,-603.015081879E-03
-173.984000E-06,-603.015080094E-03
-173.976000E-06,-603.015080094E-03
-173.968000E-06,-603.015080094E-03
-173.960000E-06,-804.020105006E-03
-173.952000E-06,-603.015081881E-03
-173.944000E-06,-603.015080094E-03
-173.936000E-06,-603.015080094E-03
-173.928000E-06,-603.015080094E-03
-173.920000E-06,-603.015080094E-03
-173.912000E-06,-804.020105005E-03
-173.904000E-06,-603.015081882E-03
-173.896000E-06,-603.015080094E-03
-173.888000E-06,-603.015080094E-03
-173.880000E-06,-603.015080094E-03
-173.872000E-06,-603.015080094E-03
-173.864000E-06,-603.015080094E-03
-173.856000E-06,-603.015080094E-03
-173.848000E-06,-603.015080094E-03
-173.840000E-06,-603.015080094E-03
-173.832000E-06,-603.015080094E-03
-173.824000E-06,-603.015080094E-03
-173.816000E-06,-603.015080094E-03
-173.808000E-06,-603.015080094E-03
-173.800000E-06,-603.015080094E-03
-173.792000E-06,-402.010055188E-03
-173.784000E-06,-603.015078303E-03
-173.776000E-06,-603.015080094E-03
-173.768000E-06,-603.015080094E-03
-173.760000E-06,-603.015080094E-03
-173.752000E-06,-603.015080094E-03
-173.744000E-06,-603.015080094E-03
-173.736000E-06,-603.015080094E-03
-173.728000E-06,-603.015080094E-03
-173.720000E-06,-603.015080094E-03
-173.712000E-06,-804.020104999E-03
-173.704000E-06,-603.015081888E-03
-173.696000E-06,-603.015080094E-03
-173.688000E-06,-603.015080094E-03
-173.680000E-06,-603.015080094E-03
-173.672000E-06,-603.015080094E-03
-173.664000E-06,-804.020104997E-03
-173.656000E-06,-603.015081890E-03
-173.648000E-06,-603.015080094E-03
-173.640000E-06,-603.015080094E-03
-173.632000E-06,-603.015080094E-03
-173.624000E-06,-603.015080094E-03
-173.616000E-06,-603.015080094E-03
-173.608000E-06,-603.015080094E-03
-173.600000E-06,-804.020104996E-03
-173.592000E-06,-603.015081892E-03
-173.584000E-06,-804.020104995E-03
-173.576000E-06,-804.020106792E-03
-173.568000E-06,-603.015081892E-03
-173.560000E-06,-603.015080094E-03
-173.552000E-06,-804.020104994E-03
-173.544000E-06,-603.015081893E-03
-173.536000E-06,-603.015080094E-03
-173.528000E-06,-603.015080094E-03
-173.520000E-06,-603.015080094E-03
-173.512000E-06,-603.015080094E-03
-173.504000E-06,-603.015080094E-03
-173.496000E-06,-402.010055197E-03
-173.488000E-06,-804.020103192E-03
-173.480000E-06,-804.020106792E-03
-173.472000E-06,-603.015081895E-03
-173.464000E-06,-603.015080094E-03
-173.456000E-06,-603.015080094E-03
-173.448000E-06,-603.015080094E-03
-173.440000E-06,-603.015080094E-03
-173.432000E-06,-603.015080094E-03
-173.424000E-06,-603.015080094E-03
-173.416000E-06,-603.015080094E-03
-173.408000E-06,-603.015080094E-03
-173.400000E-06,-603.015080094E-03
-173.392000E-06,-603.015080094E-03
-173.384000E-06,-804.020104989E-03
-173.376000E-06,-804.020106792E-03
-173.368000E-06,-603.015081898E-03
-173.360000E-06,-603.015080094E-03
-173.352000E-06,-603.015080094E-03
-173.344000E-06,-603.015080094E-03
-173.336000E-06,-603.015080094E-03
-173.328000E-06,-603.015080094E-03
-173.320000E-06,-603.015080094E-03
-173.312000E-06,-603.015080094E-03
-173.304000E-06,-603.015080094E-03
-173.296000E-06,-603.015080094E-03
-173.288000E-06,-603.015080094E-03
-173.280000E-06,-603.015080094E-03
-173.272000E-06,-603.015080094E-03
-173.264000E-06,-603.015080094E-03
-173.256000E-06,-603.015080094E-03
-173.248000E-06,-804.020104985E-03
-173.240000E-06,-804.020106792E-03
-173.232000E-06,-603.015081903E-03
-173.224000E-06,-603.015080094E-03
-173.216000E-06,-603.015080094E-03
-173.208000E-06,-603.015080094E-03
-173.200000E-06,-603.015080094E-03
-173.192000E-06,-603.015080094E-03
-173.184000E-06,-804.020104983E-03
-173.176000E-06,-603.015081904E-03
-173.168000E-06,-804.020104983E-03
-173.160000E-06,-603.015081904E-03
-173.152000E-06,-603.015080094E-03
-173.144000E-06,-603.015080094E-03
-173.136000E-06,-603.015080094E-03
-173.128000E-06,-603.015080094E-03
-173.120000E-06,-603.015080094E-03
-173.112000E-06,-603.015080094E-03
-173.104000E-06,-603.015080094E-03
-173.096000E-06,-603.015080094E-03
-173.088000E-06,-603.015080094E-03
-173.080000E-06,-603.015080094E-03
-173.072000E-06,-603.015080094E-03
-173.064000E-06,-603.015080094E-03
-173.056000E-06,-603.015080094E-03
-173.048000E-06,-603.015080094E-03
-173.040000E-06,-603.015080094E-03
-173.032000E-06,-603.015080094E-03
-173.024000E-06,-603.015080094E-03
-173.016000E-06,-603.015080094E-03
-173.008000E-06,-603.015080094E-03
-173.000000E-06,-603.015080094E-03
-172.992000E-06,-603.015080094E-03
-172.984000E-06,-804.020104977E-03
-172.976000E-06,-603.015081910E-03
-172.968000E-06,-804.020104977E-03
-172.960000E-06,-603.015081911E-03
-172.952000E-06,-804.020104976E-03
-172.944000E-06,-603.015081911E-03
-172.936000E-06,-804.020104975E-03
-172.928000E-06,-603.015081911E-03
-172.920000E-06,-603.015080094E-03
-172.912000E-06,-804.020104975E-03
-172.904000E-06,-804.020106792E-03
-172.896000E-06,-603.015081912E-03
-172.888000E-06,-603.015080094E-03
-172.880000E-06,-603.015080094E-03
-172.872000E-06,-804.020104974E-03
-172.864000E-06,-804.020106792E-03
-172.856000E-06,-804.020106792E-03
-172.848000E-06,-804.020106792E-03
-172.840000E-06,-804.020106792E-03
-172.832000E-06,-603.015081914E-03
-172.824000E-06,-804.020104972E-03
-172.816000E-06,-603.015081915E-03
-172.808000E-06,-603.015080094E-03
-172.800000E-06,-603.015080094E-03
-172.792000E-06,-804.020104971E-03
-172.784000E-06,-603.015081916E-03
-172.776000E-06,-603.015080094E-03
-172.768000E-06,-804.020104970E-03
-172.760000E-06,-603.015081917E-03
-172.752000E-06,-603.015080094E-03
-172.744000E-06,-603.015080094E-03
-172.736000E-06,-603.015080094E-03
-172.728000E-06,-804.020104969E-03
-172.720000E-06,-804.020106792E-03
-172.712000E-06,-603.015081918E-03
-172.704000E-06,-603.015080094E-03
-172.696000E-06,-804.020104968E-03
-172.688000E-06,-804.020106792E-03
-172.680000E-06,-804.020106792E-03
-172.672000E-06,-603.015081920E-03
-172.664000E-06,-804.020104967E-03
-172.656000E-06,-603.015081920E-03
-172.648000E-06,-603.015080094E-03
-172.640000E-06,-603.015080094E-03
-172.632000E-06,-603.015080094E-03
-172.624000E-06,-603.015080094E-03
-172.616000E-06,-603.015080094E-03
-172.608000E-06,-603.015080094E-03
-172.600000E-06,-603.015080094E-03
-172.592000E-06,-603.015080094E-03
-172.584000E-06,-603.015080094E-03
-172.576000E-06,-804.020104965E-03
-172.568000E-06,-804.020106792E-03
-172.560000E-06,-603.015081922E-03
-172.552000E-06,-603.015080094E-03
-172.544000E-06,-603.015080094E-03
-172.536000E-06,-603.015080094E-03
-172.528000E-06,-804.020104964E-03
-172.520000E-06,-804.020106792E-03
-172.512000E-06,-603.015081924E-03
-172.504000E-06,-603.015080094E-03
-172.496000E-06,-603.015080094E-03
-172.488000E-06,-603.015080094E-03
-172.480000E-06,-603.015080094E-03
-172.472000E-06,-603.015080094E-03
-172.464000E-06,-603.015080094E-03
-172.456000E-06,-603.015080094E-03
-172.448000E-06,-603.015080094E-03
-172.440000E-06,-804.020104961E-03
-172.432000E-06,-603.015081926E-03
-172.424000E-06,-603.015080094E-03
-172.416000E-06,-603.015080094E-03
-172.408000E-06,-804.020104960E-03
-172.400000E-06,-603.015081928E-03
-172.392000E-06,-603.015080094E-03
-172.384000E-06,-603.015080094E-03
-172.376000E-06,-603.015080094E-03
-172.368000E-06,-804.020104958E-03
-172.360000E-06,-603.015081928E-03
-172.352000E-06,-603.015080094E-03
-172.344000E-06,-603.015080094E-03
-172.336000E-06,-603.015080094E-03
-172.328000E-06,-603.015080094E-03
-172.320000E-06,-804.020104957E-03
-172.312000E-06,-603.015081930E-03
-172.304000E-06,-804.020104956E-03
-172.296000E-06,-804.020106792E-03
-172.288000E-06,-804.020106792E-03
-172.280000E-06,-603.015081931E-03
-172.272000E-06,-603.015080094E-03
-172.264000E-06,-603.015080094E-03
-172.256000E-06,-804.020104955E-03
-172.248000E-06,-603.015081932E-03
-172.240000E-06,-804.020104955E-03
-172.232000E-06,-603.015081933E-03
-172.224000E-06,-603.015080094E-03
-172.216000E-06,-804.020104954E-03
-172.208000E-06,-603.015081933E-03
-172.200000E-06,-804.020104953E-03
-172.192000E-06,-804.020106792E-03
-172.184000E-06,-804.020106792E-03
-172.176000E-06,-603.015081934E-03
-172.168000E-06,-804.020104953E-03
-172.160000E-06,-804.020106792E-03
-172.152000E-06,-603.015081935E-03
-172.144000E-06,-603.015080094E-03
-172.136000E-06,-804.020104951E-03
-172.128000E-06,-804.020106792E-03
-172.120000E-06,-603.015081936E-03
-172.112000E-06,-603.015080094E-03
-172.104000E-06,-603.015080094E-03
-172.096000E-06,-804.020104950E-03
-172.088000E-06,-804.020106792E-03
-172.080000E-06,-603.015081937E-03
-172.072000E-06,-603.015080094E-03
-172.064000E-06,-603.015080094E-03
-172.056000E-06,-603.015080094E-03
-172.048000E-06,-603.015080094E-03
-172.040000E-06,-603.015080094E-03
-172.032000E-06,-603.015080094E-03
-172.024000E-06,-603.015080094E-03
-172.016000E-06,-804.020104948E-03
-172.008000E-06,-603.015081939E-03
-172.000000E-06,-603.015080094E-03
-171.992000E-06,-603.015080094E-03
-171.984000E-06,-804.020104947E-03
-171.976000E-06,-804.020106792E-03
-171.968000E-06,-603.015081940E-03
-171.960000E-06,-603.015080094E-03
-171.952000E-06,-603.015080094E-03
-171.944000E-06,-603.015080094E-03
-171.936000E-06,-603.015080094E-03
-171.928000E-06,-804.020104945E-03
-171.920000E-06,-603.015081941E-03
-171.912000E-06,-804.020104945E-03
-171.904000E-06,-603.015081942E-03
-171.896000E-06,-603.015080094E-03
-171.888000E-06,-603.015080094E-03
-171.880000E-06,-603.015080094E-03
-171.872000E-06,-603.015080094E-03
-171.864000E-06,-804.020104943E-03
-171.856000E-06,-804.020106792E-03
-171.848000E-06,-603.015081944E-03
-171.840000E-06,-804.020104942E-03
-171.832000E-06,-804.020106792E-03
-171.824000E-06,-804.020106792E-03
-171.816000E-06,-603.015081945E-03
-171.808000E-06,-804.020104942E-03
-171.800000E-06,-603.015081945E-03
-171.792000E-06,-603.015080094E-03
-171.784000E-06,-603.015080094E-03
-171.776000E-06,-603.015080094E-03
-171.768000E-06,-603.015080094E-03
-171.760000E-06,-603.015080094E-03
-171.752000E-06,-804.020104940E-03
-171.744000E-06,-603.015081947E-03
-171.736000E-06,-603.015080094E-03
-171.728000E-06,-603.015080094E-03
-171.720000E-06,-603.015080094E-03
-171.712000E-06,-603.015080094E-03
-171.704000E-06,-603.015080094E-03
-171.696000E-06,-603.015080094E-03
-171.688000E-06,-603.015080094E-03
-171.680000E-06,-804.020104938E-03
-171.672000E-06,-603.015081950E-03
-171.664000E-06,-603.015080094E-03
-171.656000E-06,-804.020104937E-03
-171.648000E-06,-603.015081950E-03
-171.640000E-06,-603.015080094E-03
-171.632000E-06,-603.015080094E-03
-171.624000E-06,-804.020104936E-03
-171.616000E-06,-603.015081951E-03
-171.608000E-06,-603.015080094E-03
-171.600000E-06,-603.015080094E-03
-171.592000E-06,-603.015080094E-03
-171.584000E-06,-603.015080094E-03
-171.576000E-06,-603.015080094E-03
-171.568000E-06,-603.015080094E-03
-171.560000E-06,-603.015080094E-03
-171.552000E-06,-603.015080094E-03
-171.544000E-06,-603.015080094E-03
-171.536000E-06,-804.020104934E-03
-171.528000E-06,-603.015081953E-03
-171.520000E-06,-603.015080094E-03
-171.512000E-06,-804.020104933E-03
-171.504000E-06,-603.015081954E-03
-171.496000E-06,-804.020104932E-03
-171.488000E-06,-603.015081955E-03
-171.480000E-06,-603.015080094E-03
-171.472000E-06,-603.015080094E-03
-171.464000E-06,-804.020104931E-03
-171.456000E-06,-804.020106792E-03
-171.448000E-06,-603.015081956E-03
-171.440000E-06,-603.015080094E-03
-171.432000E-06,-804.020104931E-03
-171.424000E-06,-603.015081957E-03
-171.416000E-06,-603.015080094E-03
-171.408000E-06,-603.015080094E-03
-171.400000E-06,-603.015080094E-03
-171.392000E-06,-804.020104929E-03
-171.384000E-06,-603.015081958E-03
-171.376000E-06,-603.015080094E-03
-171.368000E-06,-804.020104928E-03
-171.360000E-06,-603.015081958E-03
-171.352000E-06,-603.015080094E-03
-171.344000E-06,-603.015080094E-03
-171.336000E-06,-603.015080094E-03
-171.328000E-06,-603.015080094E-03
-171.320000E-06,-603.015080094E-03
-171.312000E-06,-603.015080094E-03
-171.304000E-06,-804.020104926E-03
-171.296000E-06,-603.015081960E-03
-171.288000E-06,-603.015080094E-03
-171.280000E-06,-804.020104926E-03
-171.272000E-06,-603.015081961E-03
-171.264000E-06,-603.015080094E-03
-171.256000E-06,-603.015080094E-03
-171.248000E-06,-603.015080094E-03
-171.240000E-06,-603.015080094E-03
-171.232000E-06,-804.020104924E-03
-171.224000E-06,-603.015081963E-03
-171.216000E-06,-603.015080094E-03
-171.208000E-06,-603.015080094E-03
-171.200000E-06,-804.020104923E-03
-171.192000E-06,-603.015081963E-03
-171.184000E-06,-603.015080094E-03
-171.176000E-06,-804.020104923E-03
-171.168000E-06,-603.015081964E-03
-171.160000E-06,-804.020104922E-03
-171.152000E-06,-603.015081965E-03
-171.144000E-06,-603.015080094E-03
-171.136000E-06,-603.015080094E-03
-171.128000E-06,-804.020104921E-03
-171.120000E-06,-603.015081966E-03
-171.112000E-06,-603.015080094E-03
-171.104000E-06,-603.015080094E-03
-171.096000E-06,-603.015080094E-03
-171.088000E-06,-804.020104920E-03
-171.080000E-06,-603.015081967E-03
-171.072000E-06,-603.015080094E-03
-171.064000E-06,-603.015080094E-03
-171.056000E-06,-603.015080094E-03
-171.048000E-06,-603.015080094E-03
-171.040000E-06,-603.015080094E-03
-171.032000E-06,-804.020104918E-03
-171.024000E-06,-603.015081969E-03
-171.016000E-06,-603.015080094E-03
-171.008000E-06,-804.020104918E-03
-171.000000E-06,-603.015081969E-03
-170.992000E-06,-804.020104917E-03
-170.984000E-06,-402.010057148E-03
-170.976000E-06,-603.015078219E-03
-170.968000E-06,-603.015080094E-03
-170.960000E-06,-603.015080094E-03
-170.952000E-06,-603.015080094E-03
-170.944000E-06,-603.015080094E-03
-170.936000E-06,-603.015080094E-03
-170.928000E-06,-804.020104915E-03
-170.920000E-06,-603.015081971E-03
-170.912000E-06,-804.020104915E-03
-170.904000E-06,-603.015081972E-03
-170.896000E-06,-804.020104915E-03
-170.888000E-06,-804.020106792E-03
-170.880000E-06,-603.015081973E-03
-170.872000E-06,-603.015080094E-03
-170.864000E-06,-603.015080094E-03
-170.856000E-06,-804.020104913E-03
-170.848000E-06,-603.015081974E-03
-170.840000E-06,-603.015080094E-03
-170.832000E-06,-603.015080094E-03
-170.824000E-06,-804.020104912E-03
-170.816000E-06,-603.015081975E-03
-170.808000E-06,-804.020104912E-03
-170.800000E-06,-603.015081975E-03
-170.792000E-06,-603.015080094E-03
-170.784000E-06,-603.015080094E-03
-170.776000E-06,-603.015080094E-03
-170.768000E-06,-603.015080094E-03
-170.760000E-06,-603.015080094E-03
-170.752000E-06,-603.015080094E-03
-170.744000E-06,-603.015080094E-03
-170.736000E-06,-603.015080094E-03
-170.728000E-06,-603.015080094E-03
-170.720000E-06,-804.020104909E-03
-170.712000E-06,-603.015081978E-03
-170.704000E-06,-603.015080094E-03
-170.696000E-06,-603.015080094E-03
-170.688000E-06,-603.015080094E-03
-170.680000E-06,-603.015080094E-03
-170.672000E-06,-603.015080094E-03
-170.664000E-06,-804.020104907E-03
-170.656000E-06,-603.015081980E-03
-170.648000E-06,-603.015080094E-03
-170.640000E-06,-603.015080094E-03
-170.632000E-06,-603.015080094E-03
-170.624000E-06,-402.010055283E-03
-170.616000E-06,-603.015078208E-03
-170.608000E-06,-603.015080094E-03
-170.600000E-06,-603.015080094E-03
-170.592000E-06,-804.020104905E-03
-170.584000E-06,-804.020106792E-03
-170.576000E-06,-603.015081982E-03
-170.568000E-06,-603.015080094E-03
-170.560000E-06,-603.015080094E-03
-170.552000E-06,-603.015080094E-03
-170.544000E-06,-603.015080094E-03
-170.536000E-06,-603.015080094E-03
-170.528000E-06,-603.015080094E-03
-170.520000E-06,-402.010055286E-03
-170.512000E-06,-804.020103013E-03
-170.504000E-06,-603.015081985E-03
-170.496000E-06,-603.015080094E-03
-170.488000E-06,-603.015080094E-03
-170.480000E-06,-603.015080094E-03
-170.472000E-06,-603.015080094E-03
-170.464000E-06,-804.020104901E-03
-170.456000E-06,-603.015081986E-03
-170.448000E-06,-603.015080094E-03
-170.440000E-06,-603.015080094E-03
-170.432000E-06,-603.015080094E-03
-170.424000E-06,-603.015080094E-03
-170.416000E-06,-603.015080094E-03
-170.408000E-06,-603.015080094E-03
-170.400000E-06,-603.015080094E-03
-170.392000E-06,-603.015080094E-03
-170.384000E-06,-603.015080094E-03
-170.376000E-06,-603.015080094E-03
-170.368000E-06,-603.015080094E-03
-170.360000E-06,-402.010055290E-03
-170.352000E-06,-603.015078200E-03
-170.344000E-06,-603.015080094E-03
-170.336000E-06,-603.015080094E-03
-170.328000E-06,-603.015080094E-03
-170.320000E-06,-603.015080094E-03
-170.312000E-06,-603.015080094E-03
-170.304000E-06,-603.015080094E-03
-170.296000E-06,-804.020104896E-03
-170.288000E-06,-603.015081990E-03
-170.280000E-06,-603.015080094E-03
-170.272000E-06,-603.015080094E-03
-170.264000E-06,-603.015080094E-03
-170.256000E-06,-603.015080094E-03
-170.248000E-06,-603.015080094E-03
-170.240000E-06,-603.015080094E-03
-170.232000E-06,-603.015080094E-03
-170.224000E-06,-603.015080094E-03
-170.216000E-06,-603.015080094E-03
-170.208000E-06,-603.015080094E-03
-170.200000E-06,-603.015080094E-03
-170.192000E-06,-603.015080094E-03
-170.184000E-06,-603.015080094E-03
-170.176000E-06,-603.015080094E-03
-170.168000E-06,-603.015080094E-03
-170.160000E-06,-603.015080094E-03
-170.152000E-06,-603.015080094E-03
-170.144000E-06,-603.015080094E-03
-170.136000E-06,-804.020104891E-03
-170.128000E-06,-603.015081996E-03
-170.120000E-06,-402.010055297E-03
-170.112000E-06,-603.015078192E-03
-170.104000E-06,-603.015080094E-03
-170.096000E-06,-402.010055298E-03
-170.088000E-06,-402.010053396E-03
-170.080000E-06,-603.015078192E-03
-170.072000E-06,-603.015080094E-03
-170.064000E-06,-603.015080094E-03
-170.056000E-06,-603.015080094E-03
-170.048000E-06,-603.015080094E-03
-170.040000E-06,-402.010055300E-03
-170.032000E-06,-603.015078190E-03
-170.024000E-06,-603.015080094E-03
-170.016000E-06,-603.015080094E-03
-170.008000E-06,-603.015080094E-03
-170.000000E-06,-603.015080094E-03
-169.992000E-06,-603.015080094E-03
-169.984000E-06,-804.020104887E-03
-169.976000E-06,-402.010057208E-03
-169.968000E-06,-603.015078188E-03
-169.960000E-06,-603.015080094E-03
-169.952000E-06,-603.015080094E-03
-169.944000E-06,-804.020104885E-03
-169.936000E-06,-402.010057210E-03
-169.928000E-06,-603.015078187E-03
-169.920000E-06,-603.015080094E-03
-169.912000E-06,-603.015080094E-03
-169.904000E-06,-603.015080094E-03
-169.896000E-06,-402.010055305E-03
-169.888000E-06,-603.015078186E-03
-169.880000E-06,-603.015080094E-03
-169.872000E-06,-603.015080094E-03
-169.864000E-06,-402.010055306E-03
-169.856000E-06,-603.015078185E-03
-169.848000E-06,-603.015080094E-03
-169.840000E-06,-603.015080094E-03
-169.832000E-06,-402.010055306E-03
-169.824000E-06,-603.015078184E-03
-169.816000E-06,-603.015080094E-03
-169.808000E-06,-603.015080094E-03
-169.800000E-06,-603.015080094E-03
-169.792000E-06,-804.020104881E-03
-169.784000E-06,-603.015082006E-03
-169.776000E-06,-603.015080094E-03
-169.768000E-06,-402.010055308E-03
-169.760000E-06,-402.010053396E-03
-169.752000E-06,-603.015078182E-03
-169.744000E-06,-603.015080094E-03
-169.736000E-06,-603.015080094E-03
-169.728000E-06,-603.015080094E-03
-169.720000E-06,-603.015080094E-03
-169.712000E-06,-603.015080094E-03
-169.704000E-06,-603.015080094E-03
-169.696000E-06,-603.015080094E-03
-169.688000E-06,-603.015080094E-03
-169.680000E-06,-603.015080094E-03
-169.672000E-06,-603.015080094E-03
-169.664000E-06,-603.015080094E-03
-169.656000E-06,-603.015080094E-03
-169.648000E-06,-603.015080094E-03
-169.640000E-06,-603.015080094E-03
-169.632000E-06,-402.010055312E-03
-169.624000E-06,-402.010053396E-03
-169.616000E-06,-402.010053396E-03
-169.608000E-06,-603.015078178E-03
-169.600000E-06,-603.015080094E-03
-169.592000E-06,-603.015080094E-03
-169.584000E-06,-402.010055314E-03
-169.576000E-06,-603.015078176E-03
-169.568000E-06,-603.015080094E-03
-169.560000E-06,-603.015080094E-03
-169.552000E-06,-603.015080094E-03
-169.544000E-06,-402.010055315E-03
-169.536000E-06,-402.010053396E-03
-169.528000E-06,-603.015078175E-03
-169.520000E-06,-603.015080094E-03
-169.512000E-06,-603.015080094E-03
-169.504000E-06,-603.015080094E-03
-169.496000E-06,-603.015080094E-03
-169.488000E-06,-603.015080094E-03
-169.480000E-06,-402.010055317E-03
-169.472000E-06,-603.015078173E-03
-169.464000E-06,-603.015080094E-03
-169.456000E-06,-603.015080094E-03
-169.448000E-06,-603.015080094E-03
-169.440000E-06,-603.015080094E-03
-169.432000E-06,-603.015080094E-03
-169.424000E-06,-603.015080094E-03
-169.416000E-06,-603.015080094E-03
-169.408000E-06,-603.015080094E-03
-169.400000E-06,-603.015080094E-03
-169.392000E-06,-603.015080094E-03
-169.384000E-06,-603.015080094E-03
-169.376000E-06,-603.015080094E-03
-169.368000E-06,-603.015080094E-03
-169.360000E-06,-402.010055321E-03
-169.352000E-06,-603.015078170E-03
-169.344000E-06,-402.010055321E-03
-169.336000E-06,-603.015078169E-03
-169.328000E-06,-603.015080094E-03
-169.320000E-06,-603.015080094E-03
-169.312000E-06,-603.015080094E-03
-169.304000E-06,-603.015080094E-03
-169.296000E-06,-603.015080094E-03
-169.288000E-06,-603.015080094E-03
-169.280000E-06,-603.015080094E-03
-169.272000E-06,-603.015080094E-03
-169.264000E-06,-603.015080094E-03
-169.256000E-06,-402.010055324E-03
-169.248000E-06,-603.015078167E-03
-169.240000E-06,-402.010055324E-03
-169.232000E-06,-603.015078166E-03
-169.224000E-06,-402.010055325E-03
-169.216000E-06,-603.015078166E-03
-169.208000E-06,-402.010055325E-03
-169.200000E-06,-603.015078165E-03
-169.192000E-06,-603.015080094E-03
-169.184000E-06,-402.010055326E-03
-169.176000E-06,-402.010053396E-03
-169.168000E-06,-603.015078165E-03
-169.160000E-06,-603.015080094E-03
-169.152000E-06,-603.015080094E-03
-169.144000E-06,-402.010055327E-03
-169.136000E-06,-402.010053396E-03
-169.128000E-06,-603.015078163E-03
-169.120000E-06,-402.010055327E-03
-169.112000E-06,-402.010053396E-03
-169.104000E-06,-402.010053396E-03
-169.096000E-06,-402.010053396E-03
-169.088000E-06,-402.010053396E-03
-169.080000E-06,-402.010053396E-03
-169.072000E-06,-603.015078162E-03
-169.064000E-06,-402.010055330E-03
-169.056000E-06,-402.010053396E-03
-169.048000E-06,-402.010053396E-03
-169.040000E-06,-402.010053396E-03
-169.032000E-06,-402.010053396E-03
-169.024000E-06,-402.010053396E-03
-169.016000E-06,-603.015078159E-03
-169.008000E-06,-402.010055331E-03
-169.000000E-06,-603.015078159E-03
-168.992000E-06,-402.010055332E-03
-168.984000E-06,-603.015078159E-03
-168.976000E-06,-402.010055332E-03
-168.968000E-06,-402.010053396E-03
-168.960000E-06,-402.010053396E-03
-168.952000E-06,-402.010053396E-03
-168.944000E-06,-402.010053396E-03
-168.936000E-06,-402.010053396E-03
-168.928000E-06,-402.010053396E-03
-168.920000E-06,-402.010053396E-03
-168.912000E-06,-402.010053396E-03
-168.904000E-06,-603.015078157E-03
-168.896000E-06,-402.010055335E-03
-168.888000E-06,-603.015078156E-03
-168.880000E-06,-402.010055335E-03
-168.872000E-06,-603.015078155E-03
-168.864000E-06,-402.010055336E-03
-168.856000E-06,-402.010053396E-03
-168.848000E-06,-402.010053396E-03
-168.840000E-06,-402.010053396E-03
-168.832000E-06,-402.010053396E-03
-168.824000E-06,-603.015078154E-03
-168.816000E-06,-402.010055337E-03
-168.808000E-06,-402.010053396E-03
-168.800000E-06,-402.010053396E-03
-168.792000E-06,-402.010053396E-03
-168.784000E-06,-402.010053396E-03
-168.776000E-06,-402.010053396E-03
-168.768000E-06,-603.015078152E-03
-168.760000E-06,-402.010055338E-03
-168.752000E-06,-402.010053396E-03
-168.744000E-06,-402.010053396E-03
-168.736000E-06,-402.010053396E-03
-168.728000E-06,-402.010053396E-03
-168.720000E-06,-402.010053396E-03
-168.712000E-06,-603.015078151E-03
-168.704000E-06,-603.015080094E-03
-168.696000E-06,-402.010055341E-03
-168.688000E-06,-402.010053396E-03
-168.680000E-06,-402.010053396E-03
-168.672000E-06,-402.010053396E-03
-168.664000E-06,-603.015078149E-03
-168.656000E-06,-402.010055341E-03
-168.648000E-06,-603.015078148E-03
-168.640000E-06,-402.010055342E-03
-168.632000E-06,-402.010053396E-03
-168.624000E-06,-402.010053396E-03
-168.616000E-06,-402.010053396E-03
-168.608000E-06,-402.010053396E-03
-168.600000E-06,-603.015078147E-03
-168.592000E-06,-402.010055344E-03
-168.584000E-06,-402.010053396E-03
-168.576000E-06,-402.010053396E-03
-168.568000E-06,-402.010053396E-03
-168.560000E-06,-402.010053396E-03
-168.552000E-06,-402.010053396E-03
-168.544000E-06,-402.010053396E-03
-168.536000E-06,-402.010053396E-03
-168.528000E-06,-402.010053396E-03
-168.520000E-06,-402.010053396E-03
-168.512000E-06,-402.010053396E-03
-168.504000E-06,-402.010053396E-03
-168.496000E-06,-402.010053396E-03
-168.488000E-06,-402.010053396E-03
-168.480000E-06,-402.010053396E-03
-168.472000E-06,-402.010053396E-03
-168.464000E-06,-402.010053396E-03
-168.456000E-06,-402.010053396E-03
-168.448000E-06,-603.015078143E-03
-168.440000E-06,-402.010055348E-03
-168.432000E-06,-402.010053396E-03
-168.424000E-06,-402.010053396E-03
-168.416000E-06,-402.010053396E-03
-168.408000E-06,-402.010053396E-03
-168.400000E-06,-201.005028651E-03
-168.392000E-06,-402.010051443E-03
-168.384000E-06,-402.010053396E-03
-168.376000E-06,-402.010053396E-03
-168.368000E-06,-402.010053396E-03
-168.360000E-06,-402.010053396E-03
-168.352000E-06,-402.010053396E-03
-168.344000E-06,-402.010053396E-03
-168.336000E-06,-402.010053396E-03
-168.328000E-06,-603.015078139E-03
-168.320000E-06,-402.010055352E-03
-168.312000E-06,-402.010053396E-03
-168.304000E-06,-402.010053396E-03
-168.296000E-06,-402.010053396E-03
-168.288000E-06,-402.010053396E-03
-168.280000E-06,-402.010053396E-03
-168.272000E-06,-402.010053396E-03
-168.264000E-06,-402.010053396E-03
-168.256000E-06,-402.010053396E-03
-168.248000E-06,-402.010053396E-03
-168.240000E-06,-402.010053396E-03
-168.232000E-06,-402.010053396E-03
-168.224000E-06,-402.010053396E-03
-168.216000E-06,-402.010053396E-03
-168.208000E-06,-402.010053396E-03
-168.200000E-06,-201.005028657E-03
-168.192000E-06,-402.010051437E-03
-168.184000E-06,-402.010053396E-03
-168.176000E-06,-402.010053396E-03
-168.168000E-06,-402.010053396E-03
-168.160000E-06,-402.010053396E-03
-168.152000E-06,-402.010053396E-03
-168.144000E-06,-402.010053396E-03
-168.136000E-06,-402.010053396E-03
-168.128000E-06,-402.010053396E-03
-168.120000E-06,-402.010053396E-03
-168.112000E-06,-402.010053396E-03
-168.104000E-06,-402.010053396E-03
-168.096000E-06,-402.010053396E-03
-168.088000E-06,-201.005028661E-03
-168.080000E-06,-402.010051434E-03
-168.072000E-06,-402.010053396E-03
-168.064000E-06,-402.010053396E-03
-168.056000E-06,-402.010053396E-03
-168.048000E-06,-402.010053396E-03
-168.040000E-06,-201.005028662E-03
-168.032000E-06,-402.010051432E-03
-168.024000E-06,-402.010053396E-03
-168.016000E-06,-402.010053396E-03
-168.008000E-06,-402.010053396E-03
-168.000000E-06,-402.010053396E-03
-167.992000E-06,-402.010053396E-03
-167.984000E-06,-402.010053396E-03
-167.976000E-06,-402.010053396E-03
-167.968000E-06,-402.010053396E-03
-167.960000E-06,-402.010053396E-03
-167.952000E-06,-201.005028664E-03
-167.944000E-06,-402.010051429E-03
-167.936000E-06,-402.010053396E-03
-167.928000E-06,-402.010053396E-03
-167.920000E-06,-402.010053396E-03
-167.912000E-06,-201.005028666E-03
-167.904000E-06,-402.010051428E-03
-167.896000E-06,-201.005028667E-03
-167.888000E-06,-402.010051428E-03
-167.880000E-06,-201.005028667E-03
-167.872000E-06,-201.005026698E-03
-167.864000E-06,-201.005026698E-03
-167.856000E-06,-402.010051427E-03
-167.848000E-06,-402.010053396E-03
-167.840000E-06,-402.010053396E-03
-167.832000E-06,-402.010053396E-03
-167.824000E-06,-402.010053396E-03
-167.816000E-06,-201.005028669E-03
-167.808000E-06,-402.010051426E-03
-167.800000E-06,-402.010053396E-03
-167.792000E-06,-402.010053396E-03
-167.784000E-06,-402.010053396E-03
-167.776000E-06,-402.010053396E-03
-167.768000E-06,-402.010053396E-03
-167.760000E-06,-201.005028670E-03
-167.752000E-06,-402.010051423E-03
-167.744000E-06,-402.010053396E-03
-167.736000E-06,-402.010053396E-03
-167.728000E-06,-402.010053396E-03
-167.720000E-06,-402.010053396E-03
-167.712000E-06,-402.010053396E-03
-167.704000E-06,-402.010053396E-03
-167.696000E-06,-201.005028672E-03
-167.688000E-06,-402.010051422E-03
-167.680000E-06,-201.005028673E-03
-167.672000E-06,-201.005026698E-03
-167.664000E-06,-402.010051421E-03
-167.656000E-06,-402.010053396E-03
-167.648000E-06,-402.010053396E-03
-167.640000E-06,-402.010053396E-03
-167.632000E-06,-402.010053396E-03
-167.624000E-06,-402.010053396E-03
-167.616000E-06,-201.005028675E-03
-167.608000E-06,-402.010051420E-03
-167.600000E-06,-201.005028675E-03
-167.592000E-06,-402.010051419E-03
-167.584000E-06,-201.005028675E-03
-167.576000E-06,-402.010051418E-03
-167.568000E-06,-402.010053396E-03
-167.560000E-06,-402.010053396E-03
-167.552000E-06,-201.005028677E-03
-167.544000E-06,-201.005026698E-03
-167.536000E-06,-402.010051417E-03
-167.528000E-06,-201.005028678E-03
-167.520000E-06,-201.005026698E-03
-167.512000E-06,-402.010051417E-03
-167.504000E-06,-402.010053396E-03
-167.496000E-06,-402.010053396E-03
-167.488000E-06,-402.010053396E-03
-167.480000E-06,-201.005028679E-03
-167.472000E-06,-201.005026698E-03
-167.464000E-06,-201.005026698E-03
-167.456000E-06,-402.010051415E-03
-167.448000E-06,-201.005028680E-03
-167.440000E-06,-201.005026698E-03
-167.432000E-06,-402.010051414E-03
-167.424000E-06,-402.010053396E-03
-167.416000E-06,-402.010053396E-03
-167.408000E-06,-201.005028681E-03
-167.400000E-06,-402.010051413E-03
-167.392000E-06,-402.010053396E-03
-167.384000E-06,-201.005028682E-03
-167.376000E-06,-402.010051412E-03
-167.368000E-06,-402.010053396E-03
-167.360000E-06,-402.010053396E-03
-167.352000E-06,-201.005028683E-03
-167.344000E-06,-201.005026698E-03
-167.336000E-06,-402.010051411E-03
-167.328000E-06,-201.005028683E-03
-167.320000E-06,-402.010051411E-03
-167.312000E-06,-201.005028684E-03
-167.304000E-06,-201.005026698E-03
-167.296000E-06,-201.005026698E-03
-167.288000E-06,-201.005026698E-03
-167.280000E-06,-402.010051409E-03
-167.272000E-06,-201.005028685E-03
-167.264000E-06,-201.005026698E-03
-167.256000E-06,-201.005026698E-03
-167.248000E-06,-201.005026698E-03
-167.240000E-06,-201.005026698E-03
-167.232000E-06,-402.010051408E-03
-167.224000E-06,-201.005028686E-03
-167.216000E-06,-402.010051407E-03
-167.208000E-06,-402.010053396E-03
-167.200000E-06,-201.005028687E-03
-167.192000E-06,-402.010051406E-03
-167.184000E-06,-402.010053396E-03
-167.176000E-06,-402.010053396E-03
-167.168000E-06,-201.005028689E-03
-167.160000E-06,-201.005026698E-03
-167.152000E-06,-201.005026698E-03
-167.144000E-06,-201.005026698E-03
-167.136000E-06,-201.005026698E-03
-167.128000E-06,-201.005026698E-03
-167.120000E-06,-201.005026698E-03
-167.112000E-06,-201.005026698E-03
-167.104000E-06,-201.005026698E-03
-167.096000E-06,-201.005026698E-03
-167.088000E-06,-402.010051404E-03
-167.080000E-06,-201.005028691E-03
-167.072000E-06,-201.005026698E-03
-167.064000E-06,-201.005026698E-03
-167.056000E-06,-201.005026698E-03
-167.048000E-06,-201.005026698E-03
-167.040000E-06,-201.005026698E-03
-167.032000E-06,-201.005026698E-03
-167.024000E-06,-201.005026698E-03
-167.016000E-06,-201.005026698E-03
-167.008000E-06,-201.005026698E-03
-167.000000E-06,-201.005026698E-03
-166.992000E-06,-201.005026698E-03
-166.984000E-06,-402.010051401E-03
-166.976000E-06,-201.005028694E-03
-166.968000E-06,-201.005026698E-03
-166.960000E-06,-201.005026698E-03
-166.952000E-06,-201.005026698E-03
-166.944000E-06,-201.005026698E-03
-166.936000E-06,-201.005026698E-03
-166.928000E-06,-201.005026698E-03
-166.920000E-06,-201.005026698E-03
-166.912000E-06,-201.005026698E-03
-166.904000E-06,-201.005026698E-03
-166.896000E-06,-201.005026698E-03
-166.888000E-06,-201.005026698E-03
-166.880000E-06,-201.005026698E-03
-166.872000E-06,-201.005026698E-03
-166.864000E-06,-201.005026698E-03
-166.856000E-06,-201.005026698E-03
-166.848000E-06,-201.005026698E-03
-166.840000E-06,-201.005026698E-03
-166.832000E-06,-402.010051396E-03
-166.824000E-06,-201.005028699E-03
-166.816000E-06,-201.005026698E-03
-166.808000E-06,-201.005026698E-03
-166.800000E-06,-201.005026698E-03
-166.792000E-06,-201.005026698E-03
-166.784000E-06,-201.005026698E-03
-166.776000E-06,-201.005026698E-03
-166.768000E-06,-201.005026698E-03
-166.760000E-06,-201.005026698E-03
-166.752000E-06,-201.005026698E-03
-166.744000E-06,-201.005026698E-03
-166.736000E-06,-201.005026698E-03
-166.728000E-06,-201.005026698E-03
-166.720000E-06,-201.005026698E-03
-166.712000E-06,-201.005026698E-03
-166.704000E-06,-402.010051392E-03
-166.696000E-06,-4.009E-09
-166.688000E-06,-201.005024694E-03
-166.680000E-06,-201.005026698E-03
-166.672000E-06,-201.005026698E-03
-166.664000E-06,-201.005026698E-03
-166.656000E-06,-201.005026698E-03
-166.648000E-06,-201.005026698E-03
-166.640000E-06,-201.005026698E-03
-166.632000E-06,-201.005026698E-03
-166.624000E-06,-201.005026698E-03
-166.616000E-06,-201.005026698E-03
-166.608000E-06,-201.005026698E-03
-166.600000E-06,-201.005026698E-03
-166.592000E-06,-201.005026698E-03
-166.584000E-06,-201.005026698E-03
-166.576000E-06,-201.005026698E-03
-166.568000E-06,-201.005026698E-03
-166.560000E-06,-2.009E-09
-166.552000E-06,-201.005024689E-03
-166.544000E-06,-201.005026698E-03
-166.536000E-06,-201.005026698E-03
-166.528000E-06,-201.005026698E-03
-166.520000E-06,-201.005026698E-03
-166.512000E-06,-201.005026698E-03
-166.504000E-06,-201.005026698E-03
-166.496000E-06,-201.005026698E-03
-166.488000E-06,-201.005026698E-03
-166.480000E-06,-201.005026698E-03
-166.472000E-06,-201.005026698E-03
-166.464000E-06,-201.005026698E-03
-166.456000E-06,-201.005026698E-03
-166.448000E-06,-201.005026698E-03
-166.440000E-06,-201.005026698E-03
-166.432000E-06,-201.005026698E-03
-166.424000E-06,-201.005026698E-03
-166.416000E-06,-201.005026698E-03
-166.408000E-06,-201.005026698E-03
-166.400000E-06,-201.005026698E-03
-166.392000E-06,-201.005026698E-03
-166.384000E-06,-201.005026698E-03
-166.376000E-06,-201.005026698E-03
-166.368000E-06,-201.005026698E-03
-166.360000E-06,-201.005026698E-03
-166.352000E-06,-201.005026698E-03
-166.344000E-06,-201.005026698E-03
-166.336000E-06,-201.005026698E-03
-166.328000E-06,-201.005026698E-03
-166.320000E-06,-201.005026698E-03
-166.312000E-06,-201.005026698E-03
-166.304000E-06,-201.005026698E-03
-166.296000E-06,-201.005026698E-03
-166.288000E-06,-201.005026698E-03
-166.280000E-06,-201.005026698E-03
-166.272000E-06,-201.005026698E-03
-166.264000E-06,-201.005026698E-03
-166.256000E-06,-2.018E-09
-166.248000E-06,-201.005024681E-03
-166.240000E-06,-2.018E-09
-166.232000E-06,-201.005024680E-03
-166.224000E-06,-201.005026698E-03
-166.216000E-06,-201.005026698E-03
-166.208000E-06,-201.005026698E-03
-166.200000E-06,-2.019E-09
-166.192000E-06,-201.005024678E-03
-166.184000E-06,-201.005026698E-03
-166.176000E-06,-201.005026698E-03
-166.168000E-06,-201.005026698E-03
-166.160000E-06,-201.005026698E-03
-166.152000E-06,-201.005026698E-03
-166.144000E-06,-2.021E-09
-166.136000E-06,-201.005024677E-03
-166.128000E-06,-201.005026698E-03
-166.120000E-06,-201.005026698E-03
-166.112000E-06,-201.005026698E-03
-166.104000E-06,-201.005026698E-03
-166.096000E-06,-201.005026698E-03
-166.088000E-06,-2.023E-09
-166.080000E-06,+0.0E+00
-166.072000E-06,+0.0E+00
-166.064000E-06,-201.005024675E-03
-166.056000E-06,-201.005026698E-03
-166.048000E-06,-2.024E-09
-166.040000E-06,-201.005024674E-03
-166.032000E-06,-201.005026698E-03
-166.024000E-06,-201.005026698E-03
-166.016000E-06,-201.005026698E-03
-166.008000E-06,-2.025E-09
-166.000000E-06,+0.0E+00
-165.992000E-06,-201.005024673E-03
-165.984000E-06,-201.005026698E-03
-165.976000E-06,-201.005026698E-03
-165.968000E-06,-201.005026698E-03
-165.960000E-06,-201.005026698E-03
-165.952000E-06,-201.005026698E-03
-165.944000E-06,-201.005026698E-03
-165.936000E-06,-2.027E-09
-165.928000E-06,-201.005024671E-03
-165.920000E-06,-201.005026698E-03
-165.912000E-06,-2.028E-09
-165.904000E-06,-201.005024670E-03
-165.896000E-06,-2.028E-09
-165.888000E-06,+0.0E+00
-165.880000E-06,-201.005024670E-03
-165.872000E-06,-201.005026698E-03
-165.864000E-06,-201.005026698E-03
-165.856000E-06,-2.029E-09
-165.848000E-06,+0.0E+00
-165.840000E-06,+0.0E+00
-165.832000E-06,+0.0E+00
-165.824000E-06,-201.005024667E-03
-165.816000E-06,-2.031E-09
-165.808000E-06,+0.0E+00
-165.800000E-06,-201.005024667E-03
-165.792000E-06,-2.031E-09
-165.784000E-06,+0.0E+00
-165.776000E-06,-201.005024666E-03
-165.768000E-06,-2.032E-09
-165.760000E-06,+0.0E+00
-165.752000E-06,-201.005024665E-03
-165.744000E-06,-2.033E-09
-165.736000E-06,+0.0E+00
-165.728000E-06,-201.005024665E-03
-165.720000E-06,-2.034E-09
-165.712000E-06,+0.0E+00
-165.704000E-06,+0.0E+00
-165.696000E-06,-201.005024664E-03
-165.688000E-06,-2.034E-09
-165.680000E-06,+0.0E+00
-165.672000E-06,+0.0E+00
-165.664000E-06,-201.005024663E-03
-165.656000E-06,-2.036E-09
-165.648000E-06,+0.0E+00
-165.640000E-06,-201.005024662E-03
-165.632000E-06,-2.037E-09
-165.624000E-06,+0.0E+00
-165.616000E-06,-201.005024662E-03
-165.608000E-06,-201.005026698E-03
-165.600000E-06,-2.037E-09
-165.592000E-06,+0.0E+00
-165.584000E-06,+0.0E+00
-165.576000E-06,+0.0E+00
-165.568000E-06,+0.0E+00
-165.560000E-06,+0.0E+00
-165.552000E-06,-201.005024659E-03
-165.544000E-06,-2.039E-09
-165.536000E-06,+0.0E+00
-165.528000E-06,-201.005024659E-03
-165.520000E-06,-201.005026698E-03
-165.512000E-06,-2.040E-09
-165.504000E-06,+0.0E+00
-165.496000E-06,+0.0E+00
-165.488000E-06,-201.005024657E-03
-165.480000E-06,-2.041E-09
-165.472000E-06,+0.0E+00
-165.464000E-06,+0.0E+00
-165.456000E-06,-201.005024656E-03
-165.448000E-06,-2.042E-09
-165.440000E-06,+0.0E+00
-165.432000E-06,+0.0E+00
-165.424000E-06,+0.0E+00
-165.416000E-06,+0.0E+00
-165.408000E-06,+0.0E+00
-165.400000E-06,+0.0E+00
-165.392000E-06,+0.0E+00
-165.384000E-06,-201.005024654E-03
-165.376000E-06,-2.044E-09
-165.368000E-06,+0.0E+00
-165.360000E-06,+0.0E+00
-165.352000E-06,+0.0E+00
-165.344000E-06,-201.005024654E-03
-165.336000E-06,-2.045E-09
-165.328000E-06,-201.005024653E-03
-165.320000E-06,-2.045E-09
-165.312000E-06,+0.0E+00
-165.304000E-06,+0.0E+00
-165.296000E-06,-201.005024652E-03
-165.288000E-06,-2.047E-09
-165.280000E-06,+0.0E+00
-165.272000E-06,-201.005024651E-03
-165.264000E-06,-2.048E-09
-165.256000E-06,-201.005024651E-03
-165.248000E-06,-2.048E-09
-165.240000E-06,+0.0E+00
-165.232000E-06,+0.0E+00
-165.224000E-06,+0.0E+00
-165.216000E-06,-201.005024649E-03
-165.208000E-06,-2.049E-09
-165.200000E-06,+0.0E+00
-165.192000E-06,+0.0E+00
-165.184000E-06,+0.0E+00
-165.176000E-06,+0.0E+00
-165.168000E-06,+0.0E+00
-165.160000E-06,+0.0E+00
-165.152000E-06,+0.0E+00
-165.144000E-06,+0.0E+00
-165.136000E-06,+0.0E+00
-165.128000E-06,+0.0E+00
-165.120000E-06,-201.005024646E-03
-165.112000E-06,-201.005026698E-03
-165.104000E-06,-2.052E-09
-165.096000E-06,-201.005024645E-03
-165.088000E-06,-2.053E-09
-165.080000E-06,+0.0E+00
-165.072000E-06,+0.0E+00
-165.064000E-06,-201.005024645E-03
-165.056000E-06,-2.053E-09
-165.048000E-06,+0.0E+00
-165.040000E-06,+0.0E+00
-165.032000E-06,+0.0E+00
-165.024000E-06,+0.0E+00
-165.016000E-06,+0.0E+00
-165.008000E-06,+0.0E+00
-165.000000E-06,+0.0E+00
-164.992000E-06,+0.0E+00
-164.984000E-06,+0.0E+00
-164.976000E-06,+0.0E+00
-164.968000E-06,+0.0E+00
-164.960000E-06,+0.0E+00
-164.952000E-06,+0.0E+00
-164.944000E-06,+0.0E+00
-164.936000E-06,+0.0E+00
-164.928000E-06,+0.0E+00
-164.920000E-06,+0.0E+00
-164.912000E-06,+0.0E+00
-164.904000E-06,+0.0E+00
-164.896000E-06,+0.0E+00
-164.888000E-06,+0.0E+00
-164.880000E-06,+0.0E+00
-164.872000E-06,+0.0E+00
-164.864000E-06,+0.0E+00
-164.856000E-06,+0.0E+00
-164.848000E-06,+0.0E+00
-164.840000E-06,+0.0E+00
-164.832000E-06,+0.0E+00
-164.824000E-06,+0.0E+00
-164.816000E-06,+0.0E+00
-164.808000E-06,+0.0E+00
-164.800000E-06,+0.0E+00
-164.792000E-06,+0.0E+00
-164.784000E-06,+0.0E+00
-164.776000E-06,+0.0E+00
-164.768000E-06,+0.0E+00
-164.760000E-06,+0.0E+00
-164.752000E-06,+0.0E+00
-164.744000E-06,+0.0E+00
-164.736000E-06,+0.0E+00
-164.728000E-06,+0.0E+00
-164.720000E-06,+0.0E+00
-164.712000E-06,+0.0E+00
-164.704000E-06,+0.0E+00
-164.696000E-06,+0.0E+00
-164.688000E-06,+0.0E+00
-164.680000E-06,+0.0E+00
-164.672000E-06,+0.0E+00
-164.664000E-06,+0.0E+00
-164.656000E-06,+0.0E+00
-164.648000E-06,+0.0E+00
-164.640000E-06,+0.0E+00
-164.632000E-06,+0.0E+00
-164.624000E-06,+0.0E+00
-164.616000E-06,+0.0E+00
-164.608000E-06,+0.0E+00
-164.600000E-06,+0.0E+00
-164.592000E-06,+0.0E+00
-164.584000E-06,+0.0E+00
-164.576000E-06,+0.0E+00
-164.568000E-06,+0.0E+00
-164.560000E-06,+0.0E+00
-164.552000E-06,+0.0E+00
-164.544000E-06,+0.0E+00
-164.536000E-06,+0.0E+00
-164.528000E-06,+0.0E+00
-164.520000E-06,+0.0E+00
-164.512000E-06,+0.0E+00
-164.504000E-06,+0.0E+00
-164.496000E-06,+0.0E+00
-164.488000E-06,+0.0E+00
-164.480000E-06,+0.0E+00
-164.472000E-06,+0.0E+00
-164.464000E-06,+0.0E+00
-164.456000E-06,+0.0E+00
-164.448000E-06,+0.0E+00
-164.440000E-06,+0.0E+00
-164.432000E-06,+0.0E+00
-164.424000E-06,+0.0E+00
-164.416000E-06,+0.0E+00
-164.408000E-06,+0.0E+00
-164.400000E-06,+0.0E+00
-164.392000E-06,+0.0E+00
-164.384000E-06,+0.0E+00
-164.376000E-06,+0.0E+00
-164.368000E-06,+0.0E+00
-164.360000E-06,+0.0E+00
-164.352000E-06,+0.0E+00
-164.344000E-06,+0.0E+00
-164.336000E-06,+0.0E+00
-164.328000E-06,+0.0E+00
-164.320000E-06,+0.0E+00
-164.312000E-06,+0.0E+00
-164.304000E-06,+0.0E+00
-164.296000E-06,+0.0E+00
-164.288000E-06,+0.0E+00
-164.280000E-06,+0.0E+00
-164.272000E-06,+0.0E+00
-164.264000E-06,+0.0E+00
-164.256000E-06,+0.0E+00
-164.248000E-06,+0.0E+00
-164.240000E-06,+201.005024620E-03
-164.232000E-06,+2.078E-09
-164.224000E-06,+0.0E+00
-164.216000E-06,+0.0E+00
-164.208000E-06,+0.0E+00
-164.200000E-06,+0.0E+00
-164.192000E-06,+0.0E+00
-164.184000E-06,+0.0E+00
-164.176000E-06,+201.005024618E-03
-164.168000E-06,+2.080E-09
-164.160000E-06,+0.0E+00
-164.152000E-06,+201.005024618E-03
-164.144000E-06,+2.081E-09
-164.136000E-06,+0.0E+00
-164.128000E-06,+0.0E+00
-164.120000E-06,+0.0E+00
-164.112000E-06,+0.0E+00
-164.104000E-06,+0.0E+00
-164.096000E-06,+0.0E+00
-164.088000E-06,+201.005024616E-03
-164.080000E-06,+201.005026698E-03
-164.072000E-06,+2.083E-09
-164.064000E-06,+0.0E+00
-164.056000E-06,+201.005024615E-03
-164.048000E-06,+201.005026698E-03
-164.040000E-06,+2.084E-09
-164.032000E-06,+0.0E+00
-164.024000E-06,+0.0E+00
-164.016000E-06,+0.0E+00
-164.008000E-06,+0.0E+00
-164.000000E-06,+0.0E+00
-163.992000E-06,+0.0E+00
-163.984000E-06,+0.0E+00
-163.976000E-06,+201.005024612E-03
-163.968000E-06,+2.086E-09
-163.960000E-06,+0.0E+00
-163.952000E-06,+0.0E+00
-163.944000E-06,+0.0E+00
-163.936000E-06,+0.0E+00
-163.928000E-06,+0.0E+00
-163.920000E-06,+0.0E+00
-163.912000E-06,+0.0E+00
-163.904000E-06,+0.0E+00
-163.896000E-06,+0.0E+00
-163.888000E-06,+0.0E+00
-163.880000E-06,+0.0E+00
-163.872000E-06,+0.0E+00
-163.864000E-06,+0.0E+00
-163.856000E-06,+201.005024608E-03
-163.848000E-06,+2.090E-09
-163.840000E-06,+0.0E+00
-163.832000E-06,+0.0E+00
-163.824000E-06,+0.0E+00
-163.816000E-06,+0.0E+00
-163.808000E-06,+201.005024607E-03
-163.800000E-06,+2.091E-09
-163.792000E-06,+0.0E+00
-163.784000E-06,+201.005024606E-03
-163.776000E-06,+2.092E-09
-163.768000E-06,+0.0E+00
-163.760000E-06,+201.005024605E-03
-163.752000E-06,+201.005026698E-03
-163.744000E-06,+201.005026698E-03
-163.736000E-06,+2.094E-09
-163.728000E-06,+0.0E+00
-163.720000E-06,+201.005024605E-03
-163.712000E-06,+2.094E-09
-163.704000E-06,+0.0E+00
-163.696000E-06,+201.005024604E-03
-163.688000E-06,+2.094E-09
-163.680000E-06,+201.005024603E-03
-163.672000E-06,+201.005026698E-03
-163.664000E-06,+201.005026698E-03
-163.656000E-06,+2.096E-09
-163.648000E-06,+201.005024602E-03
-163.640000E-06,+2.096E-09
-163.632000E-06,+0.0E+00
-163.624000E-06,+0.0E+00
-163.616000E-06,+201.005024602E-03
-163.608000E-06,+2.097E-09
-163.600000E-06,+0.0E+00
-163.592000E-06,+201.005024601E-03
-163.584000E-06,+201.005026698E-03
-163.576000E-06,+2.098E-09
-163.568000E-06,+0.0E+00
-163.560000E-06,+0.0E+00
-163.552000E-06,+0.0E+00
-163.544000E-06,+0.0E+00
-163.536000E-06,+0.0E+00
-163.528000E-06,+0.0E+00
-163.520000E-06,+0.0E+00
-163.512000E-06,+0.0E+00
-163.504000E-06,+0.0E+00
-163.496000E-06,+201.005024598E-03
-163.488000E-06,+201.005026698E-03
-163.480000E-06,+2.101E-09
-163.472000E-06,+0.0E+00
-163.464000E-06,+0.0E+00
-163.456000E-06,+0.0E+00
-163.448000E-06,+201.005024596E-03
-163.440000E-06,+2.102E-09
-163.432000E-06,+0.0E+00
-163.424000E-06,+201.005024596E-03
-163.416000E-06,+201.005026698E-03
-163.408000E-06,+201.005026698E-03
-163.400000E-06,+201.005026698E-03
-163.392000E-06,+201.005026698E-03
-163.384000E-06,+2.104E-09
-163.376000E-06,+201.005024594E-03
-163.368000E-06,+201.005026698E-03
-163.360000E-06,+201.005026698E-03
-163.352000E-06,+2.105E-09
-163.344000E-06,+0.0E+00
-163.336000E-06,+201.005024593E-03
-163.328000E-06,+201.005026698E-03
-163.320000E-06,+2.106E-09
-163.312000E-06,+201.005024592E-03
-163.304000E-06,+201.005026698E-03
-163.296000E-06,+2.107E-09
-163.288000E-06,+201.005024591E-03
-163.280000E-06,+2.107E-09
-163.272000E-06,+0.0E+00
-163.264000E-06,+201.005024591E-03
-163.256000E-06,+201.005026698E-03
-163.248000E-06,+201.005026698E-03
-163.240000E-06,+201.005026698E-03
-163.232000E-06,+2.108E-09
-163.224000E-06,+201.005024589E-03
-163.216000E-06,+2.109E-09
-163.208000E-06,+0.0E+00
-163.200000E-06,+201.005024588E-03
-163.192000E-06,+201.005026698E-03
-163.184000E-06,+2.110E-09
-163.176000E-06,+201.005024588E-03
-163.168000E-06,+2.110E-09
-163.160000E-06,+201.005024588E-03
-163.152000E-06,+201.005026698E-03
-163.144000E-06,+201.005026698E-03
-163.136000E-06,+201.005026698E-03
-163.128000E-06,+2.111E-09
-163.120000E-06,+201.005024586E-03
-163.112000E-06,+2.112E-09
-163.104000E-06,+0.0E+00
-163.096000E-06,+0.0E+00
-163.088000E-06,+0.0E+00
-163.080000E-06,+0.0E+00
-163.072000E-06,+201.005024585E-03
-163.064000E-06,+2.113E-09
-163.056000E-06,+201.005024585E-03
-163.048000E-06,+2.114E-09
-163.040000E-06,+201.005024584E-03
-163.032000E-06,+2.114E-09
-163.024000E-06,+201.005024583E-03
-163.016000E-06,+2.115E-09
-163.008000E-06,+0.0E+00
-163.000000E-06,+201.005024583E-03
-162.992000E-06,+2.116E-09
-162.984000E-06,+0.0E+00
-162.976000E-06,+0.0E+00
-162.968000E-06,+201.005024582E-03
-162.960000E-06,+201.005026698E-03
-162.952000E-06,+201.005026698E-03
-162.944000E-06,+201.005026698E-03
-162.936000E-06,+201.005026698E-03
-162.928000E-06,+201.005026698E-03
-162.920000E-06,+201.005026698E-03
-162.912000E-06,+2.118E-09
-162.904000E-06,+201.005024580E-03
-162.896000E-06,+201.005026698E-03
-162.888000E-06,+201.005026698E-03
-162.880000E-06,+2.119E-09
-162.872000E-06,+0.0E+00
-162.864000E-06,+201.005024579E-03
-162.856000E-06,+201.005026698E-03
-162.848000E-06,+2.120E-09
-162.840000E-06,+201.005024578E-03
-162.832000E-06,+2.121E-09
-162.824000E-06,+201.005024577E-03
-162.816000E-06,+201.005026698E-03
-162.808000E-06,+201.005026698E-03
-162.800000E-06,+2.121E-09
-162.792000E-06,+0.0E+00
-162.784000E-06,+0.0E+00
-162.776000E-06,+0.0E+00
-162.768000E-06,+201.005024576E-03
-162.760000E-06,+2.123E-09
-162.752000E-06,+201.005024575E-03
-162.744000E-06,+201.005026698E-03
-162.736000E-06,+2.124E-09
-162.728000E-06,+0.0E+00
-162.720000E-06,+0.0E+00
-162.712000E-06,+0.0E+00
-162.704000E-06,+201.005024574E-03
-162.696000E-06,+201.005026698E-03
-162.688000E-06,+2.125E-09
-162.680000E-06,+0.0E+00
-162.672000E-06,+0.0E+00
-162.664000E-06,+0.0E+00
-162.656000E-06,+201.005024572E-03
-162.648000E-06,+201.005026698E-03
-162.640000E-06,+201.005026698E-03
-162.632000E-06,+201.005026698E-03
-162.624000E-06,+201.005026698E-03
-162.616000E-06,+2.126E-09
-162.608000E-06,+201.005024571E-03
-162.600000E-06,+201.005026698E-03
-162.592000E-06,+2.127E-09
-162.584000E-06,+201.005024570E-03
-162.576000E-06,+2.128E-09
-162.568000E-06,+0.0E+00
-162.560000E-06,+0.0E+00
-162.552000E-06,+201.005024569E-03
-162.544000E-06,+2.129E-09
-162.536000E-06,+0.0E+00
-162.528000E-06,+0.0E+00
-162.520000E-06,+201.005024569E-03
-162.512000E-06,+2.130E-09
-162.504000E-06,+201.005024568E-03
-162.496000E-06,+201.005026698E-03
-162.488000E-06,+201.005026698E-03
-162.480000E-06,+201.005026698E-03
-162.472000E-06,+2.131E-09
-162.464000E-06,+201.005024567E-03
-162.456000E-06,+201.005026698E-03
-162.448000E-06,+201.005026698E-03
-162.440000E-06,+201.005026698E-03
-162.432000E-06,+201.005026698E-03
-162.424000E-06,+2.132E-09
-162.416000E-06,+0.0E+00
-162.408000E-06,+0.0E+00
-162.400000E-06,+0.0E+00
-162.392000E-06,+201.005024564E-03
-162.384000E-06,+2.134E-09
-162.376000E-06,+201.005024564E-03
-162.368000E-06,+201.005026698E-03
-162.360000E-06,+2.135E-09
-162.352000E-06,+201.005024564E-03
-162.344000E-06,+2.135E-09
-162.336000E-06,+0.0E+00
-162.328000E-06,+201.005024563E-03
-162.320000E-06,+201.005026698E-03
-162.312000E-06,+201.005026698E-03
-162.304000E-06,+201.005026698E-03
-162.296000E-06,+201.005026698E-03
-162.288000E-06,+2.137E-09
-162.280000E-06,+201.005024561E-03
-162.272000E-06,+201.005026698E-03
-162.264000E-06,+2.137E-09
-162.256000E-06,+201.005024561E-03
-162.248000E-06,+2.138E-09
-162.240000E-06,+201.005024560E-03
-162.232000E-06,+201.005026698E-03
-162.224000E-06,+201.005026698E-03
-162.216000E-06,+2.139E-09
-162.208000E-06,+201.005024559E-03
-162.200000E-06,+2.140E-09
-162.192000E-06,+201.005024558E-03
-162.184000E-06,+2.140E-09
-162.176000E-06,+201.005024558E-03
-162.168000E-06,+201.005026698E-03
-162.160000E-06,+2.140E-09
-162.152000E-06,+201.005024557E-03
-162.144000E-06,+2.141E-09
-162.136000E-06,+201.005024557E-03
-162.128000E-06,+201.005026698E-03
-162.120000E-06,+2.142E-09
-162.112000E-06,+201.005024556E-03
-162.104000E-06,+201.005026698E-03
-162.096000E-06,+2.143E-09
-162.088000E-06,+201.005024556E-03
-162.080000E-06,+201.005026698E-03
-162.072000E-06,+201.005026698E-03
-162.064000E-06,+2.143E-09
-162.056000E-06,+0.0E+00
-162.048000E-06,+201.005024554E-03
-162.040000E-06,+201.005026698E-03
-162.032000E-06,+2.144E-09
-162.024000E-06,+0.0E+00
-162.016000E-06,+0.0E+00
-162.008000E-06,+201.005024553E-03
-162.000000E-06,+2.145E-09
-161.992000E-06,+0.0E+00
-161.984000E-06,+201.005024553E-03
-161.976000E-06,+2.146E-09
-161.968000E-06,+0.0E+00
-161.960000E-06,+0.0E+00
-161.952000E-06,+201.005024551E-03
-161.944000E-06,+2.147E-09
-161.936000E-06,+201.005024551E-03
-161.928000E-06,+2.148E-09
-161.920000E-06,+0.0E+00
-161.912000E-06,+0.0E+00
-161.904000E-06,+0.0E+00
-161.896000E-06,+0.0E+00
-161.888000E-06,+201.005024550E-03
-161.880000E-06,+201.005026698E-03
-161.872000E-06,+201.005026698E-03
-161.864000E-06,+2.149E-09
-161.856000E-06,+201.005024548E-03
-161.848000E-06,+201.005026698E-03
-161.840000E-06,+201.005026698E-03
-161.832000E-06,+201.005026698E-03
-161.824000E-06,+2.151E-09
-161.816000E-06,+0.0E+00
-161.808000E-06,+201.005024547E-03
-161.800000E-06,+201.005026698E-03
-161.792000E-06,+201.005026698E-03
-161.784000E-06,+2.152E-09
-161.776000E-06,+0.0E+00
-161.768000E-06,+0.0E+00
-161.760000E-06,+201.005024545E-03
-161.752000E-06,+201.005026698E-03
-161.744000E-06,+201.005026698E-03
-161.736000E-06,+201.005026698E-03
-161.728000E-06,+201.005026698E-03
-161.720000E-06,+201.005026698E-03
-161.712000E-06,+201.005026698E-03
-161.704000E-06,+201.005026698E-03
-161.696000E-06,+2.154E-09
-161.688000E-06,+0.0E+00
-161.680000E-06,+0.0E+00
-161.672000E-06,+0.0E+00
-161.664000E-06,+0.0E+00
-161.656000E-06,+201.005024542E-03
-161.648000E-06,+201.005026698E-03
-161.640000E-06,+2.156E-09
-161.632000E-06,+0.0E+00
-161.624000E-06,+0.0E+00
-161.616000E-06,+0.0E+00
-161.608000E-06,+201.005024541E-03
-161.600000E-06,+201.005026698E-03
-161.592000E-06,+2.158E-09
-161.584000E-06,+0.0E+00
-161.576000E-06,+0.0E+00
-161.568000E-06,+201.005024539E-03
-161.560000E-06,+2.159E-09
-161.552000E-06,+201.005024539E-03
-161.544000E-06,+201.005026698E-03
-161.536000E-06,+201.005026698E-03
-161.528000E-06,+201.005026698E-03
-161.520000E-06,+2.160E-09
-161.512000E-06,+0.0E+00
-161.504000E-06,+0.0E+00
-161.496000E-06,+0.0E+00
-161.488000E-06,+0.0E+00
-161.480000E-06,+201.005024537E-03
-161.472000E-06,+2.161E-09
-161.464000E-06,+201.005024537E-03
-161.456000E-06,+201.005026698E-03
-161.448000E-06,+201.005026698E-03
-161.440000E-06,+2.162E-09
-161.432000E-06,+0.0E+00
-161.424000E-06,+201.005024536E-03
-161.416000E-06,+201.005026698E-03
-161.408000E-06,+201.005026698E-03
-161.400000E-06,+2.163E-09
-161.392000E-06,+0.0E+00
-161.384000E-06,+201.005024534E-03
-161.376000E-06,+201.005026698E-03
-161.368000E-06,+2.165E-09
-161.360000E-06,+201.005024534E-03
-161.352000E-06,+2.165E-09
-161.344000E-06,+0.0E+00
-161.336000E-06,+0.0E+00
-161.328000E-06,+201.005024533E-03
-161.320000E-06,+2.166E-09
-161.312000E-06,+201.005024532E-03
-161.304000E-06,+201.005026698E-03
-161.296000E-06,+201.005026698E-03
-161.288000E-06,+2.167E-09
-161.280000E-06,+201.005024531E-03
-161.272000E-06,+201.005026698E-03
-161.264000E-06,+2.167E-09
-161.256000E-06,+0.0E+00
-161.248000E-06,+201.005024530E-03
-161.240000E-06,+201.005026698E-03
-161.232000E-06,+201.005026698E-03
-161.224000E-06,+2.169E-09
-161.216000E-06,+0.0E+00
-161.208000E-06,+0.0E+00
-161.200000E-06,+0.0E+00
-161.192000E-06,+0.0E+00
-161.184000E-06,+201.005024528E-03
-161.176000E-06,+2.170E-09
-161.168000E-06,+0.0E+00
-161.160000E-06,+0.0E+00
-161.152000E-06,+0.0E+00
-161.144000E-06,+0.0E+00
-161.136000E-06,+0.0E+00
-161.128000E-06,+0.0E+00
-161.120000E-06,+0.0E+00
-161.112000E-06,+201.005024526E-03
-161.104000E-06,+2.173E-09
-161.096000E-06,+0.0E+00
-161.088000E-06,+201.005024526E-03
-161.080000E-06,+201.005026698E-03
-161.072000E-06,+201.005026698E-03
-161.064000E-06,+201.005026698E-03
-161.056000E-06,+2.174E-09
-161.048000E-06,+201.005024524E-03
-161.040000E-06,+201.005026698E-03
-161.032000E-06,+2.175E-09
-161.024000E-06,+201.005024523E-03
-161.016000E-06,+201.005026698E-03
-161.008000E-06,+2.175E-09
-161.000000E-06,+0.0E+00
-160.992000E-06,+201.005024523E-03
-160.984000E-06,+2.176E-09
-160.976000E-06,+0.0E+00
-160.968000E-06,+0.0E+00
-160.960000E-06,+0.0E+00
-160.952000E-06,+201.005024521E-03
-160.944000E-06,+2.177E-09
-160.936000E-06,+0.0E+00
-160.928000E-06,+201.005024520E-03
-160.920000E-06,+2.178E-09
-160.912000E-06,+0.0E+00
-160.904000E-06,+0.0E+00
-160.896000E-06,+0.0E+00
-160.888000E-06,+0.0E+00
-160.880000E-06,+201.005024519E-03
-160.872000E-06,+201.005026698E-03
-160.864000E-06,+2.179E-09
-160.856000E-06,+0.0E+00
-160.848000E-06,+0.0E+00
-160.840000E-06,+0.0E+00
-160.832000E-06,+201.005024518E-03
-160.824000E-06,+201.005026698E-03
-160.816000E-06,+2.181E-09
-160.808000E-06,+0.0E+00
-160.800000E-06,+0.0E+00
-160.792000E-06,+0.0E+00
-160.784000E-06,+0.0E+00
-160.776000E-06,+0.0E+00
-160.768000E-06,+0.0E+00
-160.760000E-06,+0.0E+00
-160.752000E-06,+0.0E+00
-160.744000E-06,+0.0E+00
-160.736000E-06,+201.005024515E-03
-160.728000E-06,+201.005026698E-03
-160.720000E-06,+2.184E-09
-160.712000E-06,+0.0E+00
-160.704000E-06,+0.0E+00
-160.696000E-06,+0.0E+00
-160.688000E-06,+201.005024513E-03
-160.680000E-06,+2.185E-09
-160.672000E-06,+0.0E+00
-160.664000E-06,+0.0E+00
-160.656000E-06,+0.0E+00
-160.648000E-06,+0.0E+00
-160.640000E-06,+201.005024512E-03
-160.632000E-06,+2.186E-09
-160.624000E-06,+201.005024512E-03
-160.616000E-06,+2.187E-09
-160.608000E-06,+201.005024511E-03
-160.600000E-06,+201.005026698E-03
-160.592000E-06,+2.188E-09
-160.584000E-06,+0.0E+00
-160.576000E-06,+0.0E+00
-160.568000E-06,+0.0E+00
-160.560000E-06,+201.005024509E-03
-160.552000E-06,+2.189E-09
-160.544000E-06,+201.005024509E-03
-160.536000E-06,+2.189E-09
-160.528000E-06,+0.0E+00
-160.520000E-06,+201.005024508E-03
-160.512000E-06,+2.190E-09
-160.504000E-06,+0.0E+00
-160.496000E-06,+0.0E+00
-160.488000E-06,+0.0E+00
-160.480000E-06,+0.0E+00
-160.472000E-06,+0.0E+00
-160.464000E-06,+0.0E+00
-160.456000E-06,+0.0E+00
-160.448000E-06,+0.0E+00
-160.440000E-06,+0.0E+00
-160.432000E-06,+0.0E+00
-160.424000E-06,+0.0E+00
-160.416000E-06,+0.0E+00
-160.408000E-06,+0.0E+00
-160.400000E-06,+201.005024504E-03
-160.392000E-06,+2.194E-09
-160.384000E-06,+0.0E+00
-160.376000E-06,+0.0E+00
-160.368000E-06,+0.0E+00
-160.360000E-06,+0.0E+00
-160.352000E-06,+0.0E+00
-160.344000E-06,+0.0E+00
-160.336000E-06,+0.0E+00
-160.328000E-06,+0.0E+00
-160.320000E-06,+201.005024502E-03
-160.312000E-06,+2.196E-09
-160.304000E-06,+0.0E+00
-160.296000E-06,+0.0E+00
-160.288000E-06,-201.005024501E-03
-160.280000E-06,-2.197E-09
-160.272000E-06,+0.0E+00
-160.264000E-06,+0.0E+00
-160.256000E-06,+0.0E+00
-160.248000E-06,+0.0E+00
-160.240000E-06,+0.0E+00
-160.232000E-06,+0.0E+00
-160.224000E-06,+201.005024499E-03
-160.216000E-06,+201.005026698E-03
-160.208000E-06,+201.005026698E-03
-160.200000E-06,+2.200E-09
-160.192000E-06,+0.0E+00
-160.184000E-06,+0.0E+00
-160.176000E-06,+0.0E+00
-160.168000E-06,+0.0E+00
-160.160000E-06,+0.0E+00
-160.152000E-06,+201.005024497E-03
-160.144000E-06,-201.005022296E-03
-160.136000E-06,-2.201E-09
-160.128000E-06,+0.0E+00
-160.120000E-06,+0.0E+00
-160.112000E-06,+0.0E+00
-160.104000E-06,+0.0E+00
-160.096000E-06,+0.0E+00
-160.088000E-06,+0.0E+00
-160.080000E-06,+0.0E+00
-160.072000E-06,+0.0E+00
-160.064000E-06,+0.0E+00
-160.056000E-06,+0.0E+00
-160.048000E-06,+0.0E+00
-160.040000E-06,+0.0E+00
-160.032000E-06,+0.0E+00
-160.024000E-06,+201.005024493E-03
-160.016000E-06,+2.205E-09
-160.008000E-06,+0.0E+00
-160.000000E-06,+201.005024493E-03
-159.992000E-06,+201.005026698E-03
-159.984000E-06,+2.206E-09
-159.976000E-06,+0.0E+00
-159.968000E-06,-201.005024492E-03
-159.960000E-06,-2.207E-09
-159.952000E-06,+0.0E+00
-159.944000E-06,+0.0E+00
-159.936000E-06,+0.0E+00
-159.928000E-06,+0.0E+00
-159.920000E-06,+0.0E+00
-159.912000E-06,+0.0E+00
-159.904000E-06,+0.0E+00
-159.896000E-06,+0.0E+00
-159.888000E-06,+0.0E+00
-159.880000E-06,+0.0E+00
-159.872000E-06,+0.0E+00
-159.864000E-06,+201.005024488E-03
-159.856000E-06,+2.210E-09
-159.848000E-06,+0.0E+00
-159.840000E-06,+0.0E+00
-159.832000E-06,+0.0E+00
-159.824000E-06,+201.005024488E-03
-159.816000E-06,+2.211E-09
-159.808000E-06,+0.0E+00
-159.800000E-06,+0.0E+00
-159.792000E-06,+0.0E+00
-159.784000E-06,+0.0E+00
-159.776000E-06,+0.0E+00
-159.768000E-06,+0.0E+00
-159.760000E-06,+0.0E+00
-159.752000E-06,+0.0E+00
-159.744000E-06,+0.0E+00
-159.736000E-06,+0.0E+00
-159.728000E-06,+0.0E+00
-159.720000E-06,+0.0E+00
-159.712000E-06,+0.0E+00
-159.704000E-06,+0.0E+00
-159.696000E-06,+0.0E+00
-159.688000E-06,+0.0E+00
-159.680000E-06,-201.005024483E-03
-159.672000E-06,-2.215E-09
-159.664000E-06,+0.0E+00
-159.656000E-06,+0.0E+00
-159.648000E-06,+0.0E+00
-159.640000E-06,+0.0E+00
-159.632000E-06,+0.0E+00
-159.624000E-06,+0.0E+00
-159.616000E-06,+0.0E+00
-159.608000E-06,+0.0E+00
-159.600000E-06,+0.0E+00
-159.592000E-06,+0.0E+00
-159.584000E-06,+0.0E+00
-159.576000E-06,+0.0E+00
-159.568000E-06,-201.005024479E-03
-159.560000E-06,-201.005026698E-03
-159.552000E-06,-2.219E-09
-159.544000E-06,+0.0E+00
-159.536000E-06,+0.0E+00
-159.528000E-06,-201.005024479E-03
-159.520000E-06,-2.220E-09
-159.512000E-06,+0.0E+00
-159.504000E-06,+0.0E+00
-159.496000E-06,+0.0E+00
-159.488000E-06,+0.0E+00
-159.480000E-06,+0.0E+00
-159.472000E-06,+0.0E+00
-159.464000E-06,+0.0E+00
-159.456000E-06,+0.0E+00
-159.448000E-06,+0.0E+00
-159.440000E-06,-201.005024476E-03
-159.432000E-06,-2.222E-09
-159.424000E-06,+0.0E+00
-159.416000E-06,+0.0E+00
-159.408000E-06,+0.0E+00
-159.400000E-06,-201.005024474E-03
-159.392000E-06,-2.224E-09
-159.384000E-06,-201.005024474E-03
-159.376000E-06,-2.224E-09
-159.368000E-06,+0.0E+00
-159.360000E-06,+0.0E+00
-159.352000E-06,+0.0E+00
-159.344000E-06,+0.0E+00
-159.336000E-06,+0.0E+00
-159.328000E-06,-201.005024472E-03
-159.320000E-06,-2.226E-09
-159.312000E-06,+0.0E+00
-159.304000E-06,+0.0E+00
-159.296000E-06,+0.0E+00
-159.288000E-06,+0.0E+00
-159.280000E-06,+0.0E+00
-159.272000E-06,+0.0E+00
-159.264000E-06,+0.0E+00
-159.256000E-06,+0.0E+00
-159.248000E-06,+0.0E+00
-159.240000E-06,+0.0E+00
-159.232000E-06,+0.0E+00
-159.224000E-06,-201.005024469E-03
-159.216000E-06,-2.229E-09
-159.208000E-06,+0.0E+00
-159.200000E-06,-201.005024469E-03
-159.192000E-06,-2.230E-09
-159.184000E-06,+0.0E+00
-159.176000E-06,+0.0E+00
-159.168000E-06,-201.005024468E-03
-159.160000E-06,-2.230E-09
-159.152000E-06,+0.0E+00
-159.144000E-06,+0.0E+00
-159.136000E-06,+0.0E+00
-159.128000E-06,+0.0E+00
-159.120000E-06,+0.0E+00
-159.112000E-06,-201.005024466E-03
-159.104000E-06,-2.233E-09
-159.096000E-06,+0.0E+00
-159.088000E-06,+0.0E+00
-159.080000E-06,+0.0E+00
-159.072000E-06,+0.0E+00
-159.064000E-06,+0.0E+00
-159.056000E-06,+0.0E+00
-159.048000E-06,+0.0E+00
-159.040000E-06,+0.0E+00
-159.032000E-06,+0.0E+00
-159.024000E-06,+0.0E+00
-159.016000E-06,-201.005024463E-03
-159.008000E-06,-201.005026698E-03
-159.000000E-06,-2.235E-09
-158.992000E-06,-201.005024463E-03
-158.984000E-06,-2.236E-09
-158.976000E-06,+0.0E+00
-158.968000E-06,+0.0E+00
-158.960000E-06,+0.0E+00
-158.952000E-06,-201.005024461E-03
-158.944000E-06,-2.237E-09
-158.936000E-06,+0.0E+00
-158.928000E-06,-201.005024460E-03
-158.920000E-06,-2.238E-09
-158.912000E-06,-201.005024460E-03
-158.904000E-06,-201.005026698E-03
-158.896000E-06,-2.238E-09
-158.888000E-06,+0.0E+00
-158.880000E-06,-201.005024459E-03
-158.872000E-06,-201.005026698E-03
-158.864000E-06,-2.240E-09
-158.856000E-06,+0.0E+00
-158.848000E-06,-201.005024458E-03
-158.840000E-06,-201.005026698E-03
-158.832000E-06,-2.241E-09
-158.824000E-06,-201.005024458E-03
-158.816000E-06,-2.241E-09
-158.808000E-06,-201.005024457E-03
-158.800000E-06,-201.005026698E-03
-158.792000E-06,-2.242E-09
-158.784000E-06,+0.0E+00
-158.776000E-06,+0.0E+00
-158.768000E-06,+0.0E+00
-158.760000E-06,+0.0E+00
-158.752000E-06,+0.0E+00
-158.744000E-06,+0.0E+00
-158.736000E-06,+0.0E+00
-158.728000E-06,+0.0E+00
-158.720000E-06,-201.005024454E-03
-158.712000E-06,-2.244E-09
-158.704000E-06,+0.0E+00
-158.696000E-06,-201.005024454E-03
-158.688000E-06,-2.245E-09
-158.680000E-06,+0.0E+00
-158.672000E-06,-201.005024453E-03
-158.664000E-06,-2.246E-09
-158.656000E-06,-201.005024452E-03
-158.648000E-06,-2.246E-09
-158.640000E-06,+0.0E+00
-158.632000E-06,+0.0E+00
-158.624000E-06,+0.0E+00
-158.616000E-06,-201.005024451E-03
-158.608000E-06,-2.247E-09
-158.600000E-06,-201.005024451E-03
-158.592000E-06,-201.005026698E-03
-158.584000E-06,-201.005026698E-03
-158.576000E-06,-201.005026698E-03
-158.568000E-06,-201.005026698E-03
-158.560000E-06,-2.249E-09
-158.552000E-06,+0.0E+00
-158.544000E-06,+0.0E+00
-158.536000E-06,+0.0E+00
-158.528000E-06,+0.0E+00
-158.520000E-06,-201.005024448E-03
-158.512000E-06,-201.005026698E-03
-158.504000E-06,-201.005026698E-03
-158.496000E-06,-201.005026698E-03
-158.488000E-06,-201.005026698E-03
-158.480000E-06,-201.005026698E-03
-158.472000E-06,-201.005026698E-03
-158.464000E-06,-201.005026698E-03
-158.456000E-06,-201.005026698E-03
-158.448000E-06,-201.005026698E-03
-158.440000E-06,-2.252E-09
-158.432000E-06,-201.005024446E-03
-158.424000E-06,-201.005026698E-03
-158.416000E-06,-201.005026698E-03
-158.408000E-06,-2.253E-09
-158.400000E-06,-201.005024444E-03
-158.392000E-06,-2.254E-09
-158.384000E-06,-201.005024444E-03
-158.376000E-06,-201.005026698E-03
-158.368000E-06,-2.254E-09
-158.360000E-06,-201.005024444E-03
-158.352000E-06,-2.255E-09
-158.344000E-06,+0.0E+00
-158.336000E-06,+0.0E+00
-158.328000E-06,+0.0E+00
-158.320000E-06,+0.0E+00
-158.312000E-06,-201.005024442E-03
-158.304000E-06,-2.257E-09
-158.296000E-06,-201.005024441E-03
-158.288000E-06,-2.257E-09
-158.280000E-06,-201.005024441E-03
-158.272000E-06,-2.257E-09
-158.264000E-06,-201.005024441E-03
-158.256000E-06,-2.258E-09
-158.248000E-06,-201.005024440E-03
-158.240000E-06,-201.005026698E-03
-158.232000E-06,-201.005026698E-03
-158.224000E-06,-201.005026698E-03
-158.216000E-06,-201.005026698E-03
-158.208000E-06,-2.260E-09
-158.200000E-06,-201.005024439E-03
-158.192000E-06,-201.005026698E-03
-158.184000E-06,-201.005026698E-03
-158.176000E-06,-201.005026698E-03
-158.168000E-06,-201.005026698E-03
-158.160000E-06,-201.005026698E-03
-158.152000E-06,-201.005026698E-03
-158.144000E-06,-2.261E-09
-158.136000E-06,-201.005024437E-03
-158.128000E-06,-201.005026698E-03
-158.120000E-06,-201.005026698E-03
-158.112000E-06,-2.262E-09
-158.104000E-06,-201.005024436E-03
-158.096000E-06,-2.262E-09
-158.088000E-06,-201.005024436E-03
-158.080000E-06,-201.005026698E-03
-158.072000E-06,-201.005026698E-03
-158.064000E-06,-201.005026698E-03
-158.056000E-06,-2.264E-09
-158.048000E-06,+0.0E+00
-158.040000E-06,-201.005024434E-03
-158.032000E-06,-201.005026698E-03
-158.024000E-06,-201.005026698E-03
-158.016000E-06,-201.005026698E-03
-158.008000E-06,-201.005026698E-03
-158.000000E-06,-201.005026698E-03
-157.992000E-06,-201.005026698E-03
-157.984000E-06,-201.005026698E-03
-157.976000E-06,-2.266E-09
-157.968000E-06,+0.0E+00
-157.960000E-06,-201.005024431E-03
-157.952000E-06,-201.005026698E-03
-157.944000E-06,-201.005026698E-03
-157.936000E-06,-201.005026698E-03
-157.928000E-06,-201.005026698E-03
-157.920000E-06,-201.005026698E-03
-157.912000E-06,-201.005026698E-03
-157.904000E-06,-201.005026698E-03
-157.896000E-06,-201.005026698E-03
-157.888000E-06,-201.005026698E-03
-157.880000E-06,-201.005026698E-03
-157.872000E-06,-201.005026698E-03
-157.864000E-06,-201.005026698E-03
-157.856000E-06,-201.005026698E-03
-157.848000E-06,-201.005026698E-03
-157.840000E-06,-201.005026698E-03
-157.832000E-06,-2.271E-09
-157.824000E-06,-201.005024428E-03
-157.816000E-06,-201.005026698E-03
-157.808000E-06,-201.005026698E-03
-157.800000E-06,-2.271E-09
-157.792000E-06,+0.0E+00
-157.784000E-06,-201.005024426E-03
-157.776000E-06,-201.005026698E-03
-157.768000E-06,-201.005026698E-03
-157.760000E-06,-201.005026698E-03
-157.752000E-06,-201.005026698E-03
-157.744000E-06,-2.273E-09
-157.736000E-06,-201.005024425E-03
-157.728000E-06,-201.005026698E-03
-157.720000E-06,-201.005026698E-03
-157.712000E-06,-201.005026698E-03
-157.704000E-06,-201.005026698E-03
-157.696000E-06,-2.275E-09
-157.688000E-06,-201.005024423E-03
-157.680000E-06,-201.005026698E-03
-157.672000E-06,-201.005026698E-03
-157.664000E-06,-201.005026698E-03
-157.656000E-06,-201.005026698E-03
-157.648000E-06,-201.005026698E-03
-157.640000E-06,-201.005026698E-03
-157.632000E-06,-2.276E-09
-157.624000E-06,-201.005024421E-03
-157.616000E-06,-201.005026698E-03
-157.608000E-06,-201.005026698E-03
-157.600000E-06,-201.005026698E-03
-157.592000E-06,-201.005026698E-03
-157.584000E-06,-201.005026698E-03
-157.576000E-06,-201.005026698E-03
-157.568000E-06,-201.005026698E-03
-157.560000E-06,-201.005026698E-03
-157.552000E-06,-201.005026698E-03
-157.544000E-06,-201.005026698E-03
-157.536000E-06,-201.005026698E-03
-157.528000E-06,-201.005026698E-03
-157.520000E-06,-201.005026698E-03
-157.512000E-06,-201.005026698E-03
-157.504000E-06,-201.005026698E-03
-157.496000E-06,-201.005026698E-03
-157.488000E-06,-201.005026698E-03
-157.480000E-06,-201.005026698E-03
-157.472000E-06,-201.005026698E-03
-157.464000E-06,-201.005026698E-03
-157.456000E-06,-201.005026698E-03
-157.448000E-06,-201.005026698E-03
-157.440000E-06,-201.005026698E-03
-157.432000E-06,-201.005026698E-03
-157.424000E-06,-201.005026698E-03
-157.416000E-06,-201.005026698E-03
-157.408000E-06,-201.005026698E-03
-157.400000E-06,-201.005026698E-03
-157.392000E-06,-201.005026698E-03
-157.384000E-06,-2.284E-09
-157.376000E-06,-201.005024414E-03
-157.368000E-06,-201.005026698E-03
-157.360000E-06,-201.005026698E-03
-157.352000E-06,-201.005026698E-03
-157.344000E-06,-201.005026698E-03
-157.336000E-06,-201.005026698E-03
-157.328000E-06,-201.005026698E-03
-157.320000E-06,-2.286E-09
-157.312000E-06,-201.005024412E-03
-157.304000E-06,-201.005026698E-03
-157.296000E-06,-201.005026698E-03
-157.288000E-06,-402.010051110E-03
-157.280000E-06,-201.005028985E-03
-157.272000E-06,-201.005026698E-03
-157.264000E-06,-402.010051109E-03
-157.256000E-06,-201.005028986E-03
-157.248000E-06,-2.288E-09
-157.240000E-06,-201.005024410E-03
-157.232000E-06,-201.005026698E-03
-157.224000E-06,-201.005026698E-03
-157.216000E-06,-201.005026698E-03
-157.208000E-06,-201.005026698E-03
-157.200000E-06,-201.005026698E-03
-157.192000E-06,-402.010051107E-03
-157.184000E-06,-201.005028988E-03
-157.176000E-06,-201.005026698E-03
-157.168000E-06,-201.005026698E-03
-157.160000E-06,-201.005026698E-03
-157.152000E-06,-201.005026698E-03
-157.144000E-06,-201.005026698E-03
-157.136000E-06,-201.005026698E-03
-157.128000E-06,-201.005026698E-03
-157.120000E-06,-201.005026698E-03
-157.112000E-06,-201.005026698E-03
-157.104000E-06,-201.005026698E-03
-157.096000E-06,-201.005026698E-03
-157.088000E-06,-201.005026698E-03
-157.080000E-06,-201.005026698E-03
-157.072000E-06,-201.005026698E-03
-157.064000E-06,-201.005026698E-03
-157.056000E-06,-201.005026698E-03
-157.048000E-06,-402.010051102E-03
-157.040000E-06,-402.010053396E-03
-157.032000E-06,-201.005028993E-03
-157.024000E-06,-201.005026698E-03
-157.016000E-06,-201.005026698E-03
-157.008000E-06,-201.005026698E-03
-157.000000E-06,-201.005026698E-03
-156.992000E-06,-402.010051101E-03
-156.984000E-06,-201.005028994E-03
-156.976000E-06,-402.010051100E-03
-156.968000E-06,-201.005028994E-03
-156.960000E-06,-201.005026698E-03
-156.952000E-06,-201.005026698E-03
-156.944000E-06,-402.010051099E-03
-156.936000E-06,-201.005028996E-03
-156.928000E-06,-201.005026698E-03
-156.920000E-06,-201.005026698E-03
-156.912000E-06,-201.005026698E-03
-156.904000E-06,-201.005026698E-03
-156.896000E-06,-201.005026698E-03
-156.888000E-06,-201.005026698E-03
-156.880000E-06,-402.010051097E-03
-156.872000E-06,-201.005028997E-03
-156.864000E-06,-201.005026698E-03
-156.856000E-06,-402.010051096E-03
-156.848000E-06,-201.005028998E-03
-156.840000E-06,-201.005026698E-03
-156.832000E-06,-201.005026698E-03
-156.824000E-06,-201.005026698E-03
-156.816000E-06,-201.005026698E-03
-156.808000E-06,-402.010051095E-03
-156.800000E-06,-201.005028999E-03
-156.792000E-06,-402.010051094E-03
-156.784000E-06,-201.005029000E-03
-156.776000E-06,-201.005026698E-03
-156.768000E-06,-201.005026698E-03
-156.760000E-06,-201.005026698E-03
-156.752000E-06,-201.005026698E-03
-156.744000E-06,-201.005026698E-03
-156.736000E-06,-201.005026698E-03
-156.728000E-06,-201.005026698E-03
-156.720000E-06,-201.005026698E-03
-156.712000E-06,-201.005026698E-03
-156.704000E-06,-201.005026698E-03
-156.696000E-06,-201.005026698E-03
-156.688000E-06,-201.005026698E-03
-156.680000E-06,-201.005026698E-03
-156.672000E-06,-201.005026698E-03
-156.664000E-06,-201.005026698E-03
-156.656000E-06,-201.005026698E-03
-156.648000E-06,-201.005026698E-03
-156.640000E-06,-201.005026698E-03
-156.632000E-06,-402.010051090E-03
-156.624000E-06,-201.005029005E-03
-156.616000E-06,-201.005026698E-03
-156.608000E-06,-402.010051089E-03
-156.600000E-06,-402.010053396E-03
-156.592000E-06,-201.005029006E-03
-156.584000E-06,-201.005026698E-03
-156.576000E-06,-201.005026698E-03
-156.568000E-06,-201.005026698E-03
-156.560000E-06,-201.005026698E-03
-156.552000E-06,-201.005026698E-03
-156.544000E-06,-201.005026698E-03
-156.536000E-06,-201.005026698E-03
-156.528000E-06,-402.010051086E-03
-156.520000E-06,-201.005029008E-03
-156.512000E-06,-201.005026698E-03
-156.504000E-06,-201.005026698E-03
-156.496000E-06,-201.005026698E-03
-156.488000E-06,-402.010051085E-03
-156.480000E-06,-201.005029009E-03
-156.472000E-06,-201.005026698E-03
-156.464000E-06,-402.010051085E-03
-156.456000E-06,-201.005029010E-03
-156.448000E-06,-201.005026698E-03
-156.440000E-06,-201.005026698E-03
-156.432000E-06,-201.005026698E-03
-156.424000E-06,-402.010051083E-03
-156.416000E-06,-201.005029011E-03
-156.408000E-06,-402.010051083E-03
-156.400000E-06,-201.005029012E-03
-156.392000E-06,-201.005026698E-03
-156.384000E-06,-201.005026698E-03
-156.376000E-06,-201.005026698E-03
-156.368000E-06,-402.010051082E-03
-156.360000E-06,-201.005029013E-03
-156.352000E-06,-201.005026698E-03
-156.344000E-06,-201.005026698E-03
-156.336000E-06,-201.005026698E-03
-156.328000E-06,-201.005026698E-03
-156.320000E-06,-402.010051080E-03
-156.312000E-06,-201.005029014E-03
-156.304000E-06,-201.005026698E-03
-156.296000E-06,-201.005026698E-03
-156.288000E-06,-402.010051080E-03
-156.280000E-06,-201.005029015E-03
-156.272000E-06,-201.005026698E-03
-156.264000E-06,-402.010051079E-03
-156.256000E-06,-402.010053396E-03
-156.248000E-06,-201.005029016E-03
-156.240000E-06,-201.005026698E-03
-156.232000E-06,-402.010051077E-03
-156.224000E-06,-201.005029017E-03
-156.216000E-06,-402.010051077E-03
-156.208000E-06,-201.005029018E-03
-156.200000E-06,-201.005026698E-03
-156.192000E-06,-402.010051077E-03
-156.184000E-06,-402.010053396E-03
-156.176000E-06,-402.010053396E-03
-156.168000E-06,-402.010053396E-03
-156.160000E-06,-201.005029019E-03
-156.152000E-06,-402.010051075E-03
-156.144000E-06,-201.005029019E-03
-156.136000E-06,-402.010051075E-03
-156.128000E-06,-201.005029020E-03
-156.120000E-06,-402.010051075E-03
-156.112000E-06,-201.005029021E-03
-156.104000E-06,-201.005026698E-03
-156.096000E-06,-402.010051074E-03
-156.088000E-06,-201.005029021E-03
-156.080000E-06,-402.010051073E-03
-156.072000E-06,-402.010053396E-03
-156.064000E-06,-402.010053396E-03
-156.056000E-06,-402.010053396E-03
-156.048000E-06,-201.005029022E-03
-156.040000E-06,-201.005026698E-03
-156.032000E-06,-201.005026698E-03
-156.024000E-06,-201.005026698E-03
-156.016000E-06,-402.010051071E-03
-156.008000E-06,-201.005029023E-03
-156.000000E-06,-201.005026698E-03
-155.992000E-06,-201.005026698E-03
-155.984000E-06,-402.010051070E-03
-155.976000E-06,-402.010053396E-03
-155.968000E-06,-402.010053396E-03
-155.960000E-06,-402.010053396E-03
-155.952000E-06,-402.010053396E-03
-155.944000E-06,-201.005029026E-03
-155.936000E-06,-201.005026698E-03
-155.928000E-06,-201.005026698E-03
-155.920000E-06,-201.005026698E-03
-155.912000E-06,-402.010051068E-03
-155.904000E-06,-201.005029026E-03
-155.896000E-06,-201.005026698E-03
-155.888000E-06,-201.005026698E-03
-155.880000E-06,-201.005026698E-03
-155.872000E-06,-402.010051067E-03
-155.864000E-06,-402.010053396E-03
-155.856000E-06,-201.005029028E-03
-155.848000E-06,-402.010051066E-03
-155.840000E-06,-201.005029029E-03
-155.832000E-06,-402.010051066E-03
-155.824000E-06,-402.010053396E-03
-155.816000E-06,-402.010053396E-03
-155.808000E-06,-402.010053396E-03
-155.800000E-06,-402.010053396E-03
-155.792000E-06,-201.005029030E-03
-155.784000E-06,-402.010051064E-03
-155.776000E-06,-402.010053396E-03
-155.768000E-06,-402.010053396E-03
-155.760000E-06,-201.005029031E-03
-155.752000E-06,-201.005026698E-03
-155.744000E-06,-201.005026698E-03
-155.736000E-06,-201.005026698E-03
-155.728000E-06,-201.005026698E-03
-155.720000E-06,-201.005026698E-03
-155.712000E-06,-201.005026698E-03
-155.704000E-06,-402.010051062E-03
-155.696000E-06,-402.010053396E-03
-155.688000E-06,-201.005029033E-03
-155.680000E-06,-201.005026698E-03
-155.672000E-06,-402.010051061E-03
-155.664000E-06,-402.010053396E-03
-155.656000E-06,-402.010053396E-03
-155.648000E-06,-402.010053396E-03
-155.640000E-06,-402.010053396E-03
-155.632000E-06,-201.005029034E-03
-155.624000E-06,-201.005026698E-03
-155.616000E-06,-201.005026698E-03
-155.608000E-06,-402.010051059E-03
-155.600000E-06,-402.010053396E-03
-155.592000E-06,-402.010053396E-03
-155.584000E-06,-201.005029036E-03
-155.576000E-06,-201.005026698E-03
-155.568000E-06,-402.010051058E-03
-155.560000E-06,-402.010053396E-03
-155.552000E-06,-402.010053396E-03
-155.544000E-06,-402.010053396E-03
-155.536000E-06,-402.010053396E-03
-155.528000E-06,-402.010053396E-03
-155.520000E-06,-402.010053396E-03
-155.512000E-06,-201.005029038E-03
-155.504000E-06,-402.010051055E-03
-155.496000E-06,-402.010053396E-03
-155.488000E-06,-402.010053396E-03
-155.480000E-06,-402.010053396E-03
-155.472000E-06,-402.010053396E-03
-155.464000E-06,-201.005029040E-03
-155.456000E-06,-402.010051054E-03
-155.448000E-06,-402.010053396E-03
-155.440000E-06,-402.010053396E-03
-155.432000E-06,-201.005029041E-03
-155.424000E-06,-402.010051053E-03
-155.416000E-06,-402.010053396E-03
-155.408000E-06,-201.005029042E-03
-155.400000E-06,-402.010051053E-03
-155.392000E-06,-402.010053396E-03
-155.384000E-06,-402.010053396E-03
-155.376000E-06,-402.010053396E-03
-155.368000E-06,-402.010053396E-03
-155.360000E-06,-402.010053396E-03
-155.352000E-06,-402.010053396E-03
-155.344000E-06,-201.005029043E-03
-155.336000E-06,-201.005026698E-03
-155.328000E-06,-402.010051050E-03
-155.320000E-06,-402.010053396E-03
-155.312000E-06,-402.010053396E-03
-155.304000E-06,-201.005029045E-03
-155.296000E-06,-402.010051050E-03
-155.288000E-06,-402.010053396E-03
-155.280000E-06,-402.010053396E-03
-155.272000E-06,-402.010053396E-03
-155.264000E-06,-402.010053396E-03
-155.256000E-06,-402.010053396E-03
-155.248000E-06,-402.010053396E-03
-155.240000E-06,-402.010053396E-03
-155.232000E-06,-402.010053396E-03
-155.224000E-06,-402.010053396E-03
-155.216000E-06,-402.010053396E-03
-155.208000E-06,-201.005029048E-03
-155.200000E-06,-402.010051047E-03
-155.192000E-06,-402.010053396E-03
-155.184000E-06,-201.005029048E-03
-155.176000E-06,-402.010051046E-03
-155.168000E-06,-402.010053396E-03
-155.160000E-06,-402.010053396E-03
-155.152000E-06,-402.010053396E-03
-155.144000E-06,-402.010053396E-03
-155.136000E-06,-402.010053396E-03
-155.128000E-06,-402.010053396E-03
-155.120000E-06,-402.010053396E-03
-155.112000E-06,-402.010053396E-03
-155.104000E-06,-402.010053396E-03
-155.096000E-06,-402.010053396E-03
-155.088000E-06,-402.010053396E-03
-155.080000E-06,-201.005029051E-03
-155.072000E-06,-201.005026698E-03
-155.064000E-06,-201.005026698E-03
-155.056000E-06,-402.010051042E-03
-155.048000E-06,-402.010053396E-03
-155.040000E-06,-201.005029053E-03
-155.032000E-06,-402.010051042E-03
-155.024000E-06,-402.010053396E-03
-155.016000E-06,-402.010053396E-03
-155.008000E-06,-402.010053396E-03
-155.000000E-06,-201.005029053E-03
-154.992000E-06,-402.010051040E-03
-154.984000E-06,-402.010053396E-03
-154.976000E-06,-402.010053396E-03
-154.968000E-06,-402.010053396E-03
-154.960000E-06,-201.005029055E-03
-154.952000E-06,-402.010051039E-03
-154.944000E-06,-402.010053396E-03
-154.936000E-06,-201.005029056E-03
-154.928000E-06,-201.005026698E-03
-154.920000E-06,-402.010051038E-03
-154.912000E-06,-201.005029056E-03
-154.904000E-06,-201.005026698E-03
-154.896000E-06,-402.010051037E-03
-154.888000E-06,-402.010053396E-03
-154.880000E-06,-201.005029057E-03
-154.872000E-06,-402.010051036E-03
-154.864000E-06,-402.010053396E-03
-154.856000E-06,-402.010053396E-03
-154.848000E-06,-201.005029059E-03
-154.840000E-06,-201.005026698E-03
-154.832000E-06,-402.010051036E-03
-154.824000E-06,-402.010053396E-03
-154.816000E-06,-402.010053396E-03
-154.808000E-06,-402.010053396E-03
-154.800000E-06,-402.010053396E-03
-154.792000E-06,-402.010053396E-03
-154.784000E-06,-402.010053396E-03
-154.776000E-06,-402.010053396E-03
-154.768000E-06,-402.010053396E-03
-154.760000E-06,-402.010053396E-03
-154.752000E-06,-201.005029061E-03
-154.744000E-06,-402.010051033E-03
-154.736000E-06,-402.010053396E-03
-154.728000E-06,-603.015077731E-03
-154.720000E-06,-402.010055760E-03
-154.712000E-06,-402.010053396E-03
-154.704000E-06,-402.010053396E-03
-154.696000E-06,-402.010053396E-03
-154.688000E-06,-402.010053396E-03
-154.680000E-06,-402.010053396E-03
-154.672000E-06,-402.010053396E-03
-154.664000E-06,-201.005029064E-03
-154.656000E-06,-402.010051031E-03
-154.648000E-06,-402.010053396E-03
-154.640000E-06,-402.010053396E-03
-154.632000E-06,-201.005029064E-03
-154.624000E-06,-402.010051029E-03
-154.616000E-06,-201.005029065E-03
-154.608000E-06,-402.010051029E-03
-154.600000E-06,-402.010053396E-03
-154.592000E-06,-402.010053396E-03
-154.584000E-06,-402.010053396E-03
-154.576000E-06,-402.010053396E-03
-154.568000E-06,-201.005029067E-03
-154.560000E-06,-402.010051028E-03
-154.552000E-06,-402.010053396E-03
-154.544000E-06,-402.010053396E-03
-154.536000E-06,-402.010053396E-03
-154.528000E-06,-402.010053396E-03
-154.520000E-06,-402.010053396E-03
-154.512000E-06,-402.010053396E-03
-154.504000E-06,-402.010053396E-03
-154.496000E-06,-402.010053396E-03
-154.488000E-06,-402.010053396E-03
-154.480000E-06,-402.010053396E-03
-154.472000E-06,-402.010053396E-03
-154.464000E-06,-402.010053396E-03
-154.456000E-06,-402.010053396E-03
-154.448000E-06,-402.010053396E-03
-154.440000E-06,-402.010053396E-03
-154.432000E-06,-402.010053396E-03
-154.424000E-06,-402.010053396E-03
-154.416000E-06,-402.010053396E-03
-154.408000E-06,-201.005029072E-03
-154.400000E-06,-402.010051023E-03
-154.392000E-06,-402.010053396E-03
-154.384000E-06,-402.010053396E-03
-154.376000E-06,-402.010053396E-03
-154.368000E-06,-402.010053396E-03
-154.360000E-06,-402.010053396E-03
-154.352000E-06,-402.010053396E-03
-154.344000E-06,-402.010053396E-03
-154.336000E-06,-402.010053396E-03
-154.328000E-06,-201.005029074E-03
-154.320000E-06,-402.010051020E-03
-154.312000E-06,-201.005029075E-03
-154.304000E-06,-402.010051020E-03
-154.296000E-06,-201.005029075E-03
-154.288000E-06,-402.010051019E-03
-154.280000E-06,-402.010053396E-03
-154.272000E-06,-402.010053396E-03
-154.264000E-06,-402.010053396E-03
-154.256000E-06,-201.005029076E-03
-154.248000E-06,-402.010051018E-03
-154.240000E-06,-402.010053396E-03
-154.232000E-06,-402.010053396E-03
-154.224000E-06,-402.010053396E-03
-154.216000E-06,-402.010053396E-03
-154.208000E-06,-402.010053396E-03
-154.200000E-06,-402.010053396E-03
-154.192000E-06,-402.010053396E-03
-154.184000E-06,-402.010053396E-03
-154.176000E-06,-201.005029078E-03
-154.168000E-06,-402.010051016E-03
-154.160000E-06,-603.015077713E-03
-154.152000E-06,-402.010055777E-03
-154.144000E-06,-402.010053396E-03
-154.136000E-06,-402.010053396E-03
-154.128000E-06,-402.010053396E-03
-154.120000E-06,-402.010053396E-03
-154.112000E-06,-402.010053396E-03
-154.104000E-06,-201.005029081E-03
-154.096000E-06,-402.010051014E-03
-154.088000E-06,-402.010053396E-03
-154.080000E-06,-402.010053396E-03
-154.072000E-06,-201.005029081E-03
-154.064000E-06,-201.005026698E-03
-154.056000E-06,-603.015075327E-03
-154.048000E-06,-402.010055780E-03
-154.040000E-06,-402.010053396E-03
-154.032000E-06,-402.010053396E-03
-154.024000E-06,-201.005029083E-03
-154.016000E-06,-402.010051011E-03
-154.008000E-06,-402.010053396E-03
-154.000000E-06,-402.010053396E-03
-153.992000E-06,-402.010053396E-03
-153.984000E-06,-402.010053396E-03
-153.976000E-06,-402.010053396E-03
-153.968000E-06,-402.010053396E-03
-153.960000E-06,-402.010053396E-03
-153.952000E-06,-402.010053396E-03
-153.944000E-06,-402.010053396E-03
-153.936000E-06,-402.010053396E-03
-153.928000E-06,-402.010053396E-03
-153.920000E-06,-402.010053396E-03
-153.912000E-06,-402.010053396E-03
-153.904000E-06,-402.010053396E-03
-153.896000E-06,-402.010053396E-03
-153.888000E-06,-402.010053396E-03
-153.880000E-06,-402.010053396E-03
-153.872000E-06,-402.010053396E-03
-153.864000E-06,-402.010053396E-03
-153.856000E-06,-402.010053396E-03
-153.848000E-06,-402.010053396E-03
-153.840000E-06,-402.010053396E-03
-153.832000E-06,-603.015077704E-03
-153.824000E-06,-402.010055787E-03
-153.816000E-06,-402.010053396E-03
-153.808000E-06,-402.010053396E-03
-153.800000E-06,-402.010053396E-03
-153.792000E-06,-402.010053396E-03
-153.784000E-06,-402.010053396E-03
-153.776000E-06,-402.010053396E-03
-153.768000E-06,-402.010053396E-03
-153.760000E-06,-402.010053396E-03
-153.752000E-06,-402.010053396E-03
-153.744000E-06,-402.010053396E-03
-153.736000E-06,-402.010053396E-03
-153.728000E-06,-402.010053396E-03
-153.720000E-06,-402.010053396E-03
-153.712000E-06,-402.010053396E-03
-153.704000E-06,-402.010053396E-03
-153.696000E-06,-402.010053396E-03
-153.688000E-06,-402.010053396E-03
-153.680000E-06,-402.010053396E-03
-153.672000E-06,-402.010053396E-03
-153.664000E-06,-402.010053396E-03
-153.656000E-06,-603.015077699E-03
-153.648000E-06,-402.010055793E-03
-153.640000E-06,-402.010053396E-03
-153.632000E-06,-402.010053396E-03
-153.624000E-06,-402.010053396E-03
-153.616000E-06,-402.010053396E-03
-153.608000E-06,-402.010053396E-03
-153.600000E-06,-402.010053396E-03
-153.592000E-06,-402.010053396E-03
-153.584000E-06,-402.010053396E-03
-153.576000E-06,-402.010053396E-03
-153.568000E-06,-402.010053396E-03
-153.560000E-06,-402.010053396E-03
-153.552000E-06,-402.010053396E-03
-153.544000E-06,-402.010053396E-03
-153.536000E-06,-402.010053396E-03
-153.528000E-06,-402.010053396E-03
-153.520000E-06,-402.010053396E-03
-153.512000E-06,-402.010053396E-03
-153.504000E-06,-402.010053396E-03
-153.496000E-06,-402.010053396E-03
-153.488000E-06,-402.010053396E-03
-153.480000E-06,-402.010053396E-03
-153.472000E-06,-402.010053396E-03
-153.464000E-06,-402.010053396E-03
-153.456000E-06,-402.010053396E-03
-153.448000E-06,-402.010053396E-03
-153.440000E-06,-402.010053396E-03
-153.432000E-06,-402.010053396E-03
-153.424000E-06,-402.010053396E-03
-153.416000E-06,-402.010053396E-03
-153.408000E-06,-402.010053396E-03
-153.400000E-06,-402.010053396E-03
-153.392000E-06,-603.015077691E-03
-153.384000E-06,-402.010055801E-03
-153.376000E-06,-402.010053396E-03
-153.368000E-06,-402.010053396E-03
-153.360000E-06,-402.010053396E-03
-153.352000E-06,-402.010053396E-03
-153.344000E-06,-402.010053396E-03
-153.336000E-06,-402.010053396E-03
-153.328000E-06,-402.010053396E-03
-153.320000E-06,-603.015077689E-03
-153.312000E-06,-402.010055803E-03
-153.304000E-06,-402.010053396E-03
-153.296000E-06,-402.010053396E-03
-153.288000E-06,-402.010053396E-03
-153.280000E-06,-402.010053396E-03
-153.272000E-06,-402.010053396E-03
-153.264000E-06,-402.010053396E-03
-153.256000E-06,-402.010053396E-03
-153.248000E-06,-402.010053396E-03
-153.240000E-06,-603.015077686E-03
-153.232000E-06,-402.010055805E-03
-153.224000E-06,-402.010053396E-03
-153.216000E-06,-603.015077685E-03
-153.208000E-06,-402.010055806E-03
-153.200000E-06,-402.010053396E-03
-153.192000E-06,-402.010053396E-03
-153.184000E-06,-201.005029108E-03
-153.176000E-06,-402.010050986E-03
-153.168000E-06,-402.010053396E-03
-153.160000E-06,-402.010053396E-03
-153.152000E-06,-402.010053396E-03
-153.144000E-06,-402.010053396E-03
-153.136000E-06,-402.010053396E-03
-153.128000E-06,-402.010053396E-03
-153.120000E-06,-402.010053396E-03
-153.112000E-06,-402.010053396E-03
-153.104000E-06,-402.010053396E-03
-153.096000E-06,-402.010053396E-03
-153.088000E-06,-402.010053396E-03
-153.080000E-06,-402.010053396E-03
-153.072000E-06,-402.010053396E-03
-153.064000E-06,-402.010053396E-03
-153.056000E-06,-402.010053396E-03
-153.048000E-06,-402.010053396E-03
-153.040000E-06,-402.010053396E-03
-153.032000E-06,-402.010053396E-03
-153.024000E-06,-402.010053396E-03
-153.016000E-06,-402.010053396E-03
-153.008000E-06,-402.010053396E-03
-153.000000E-06,-402.010053396E-03
-152.992000E-06,-402.010053396E-03
-152.984000E-06,-402.010053396E-03
-152.976000E-06,-402.010053396E-03
-152.968000E-06,-402.010053396E-03
-152.960000E-06,-402.010053396E-03
-152.952000E-06,-402.010053396E-03
-152.944000E-06,-402.010053396E-03
-152.936000E-06,-402.010053396E-03
-152.928000E-06,-603.015077677E-03
-152.920000E-06,-402.010055814E-03
-152.912000E-06,-603.015077676E-03
-152.904000E-06,-402.010055814E-03
-152.896000E-06,-402.010053396E-03
-152.888000E-06,-402.010053396E-03
-152.880000E-06,-402.010053396E-03
-152.872000E-06,-402.010053396E-03
-152.864000E-06,-402.010053396E-03
-152.856000E-06,-402.010053396E-03
-152.848000E-06,-603.015077674E-03
-152.840000E-06,-402.010055817E-03
-152.832000E-06,-201.005029119E-03
-152.824000E-06,-402.010050975E-03
-152.816000E-06,-402.010053396E-03
-152.808000E-06,-402.010053396E-03
-152.800000E-06,-402.010053396E-03
-152.792000E-06,-402.010053396E-03
-152.784000E-06,-603.015077672E-03
-152.776000E-06,-402.010055819E-03
-152.768000E-06,-402.010053396E-03
-152.760000E-06,-402.010053396E-03
-152.752000E-06,-402.010053396E-03
-152.744000E-06,-402.010053396E-03
-152.736000E-06,-402.010053396E-03
-152.728000E-06,-402.010053396E-03
-152.720000E-06,-402.010053396E-03
-152.712000E-06,-603.015077670E-03
-152.704000E-06,-402.010055821E-03
-152.696000E-06,-402.010053396E-03
-152.688000E-06,-402.010053396E-03
-152.680000E-06,-402.010053396E-03
-152.672000E-06,-402.010053396E-03
-152.664000E-06,-402.010053396E-03
-152.656000E-06,-402.010053396E-03
-152.648000E-06,-402.010053396E-03
-152.640000E-06,-402.010053396E-03
-152.632000E-06,-402.010053396E-03
-152.624000E-06,-402.010053396E-03
-152.616000E-06,-402.010053396E-03
-152.608000E-06,-402.010053396E-03
-152.600000E-06,-402.010053396E-03
-152.592000E-06,-402.010053396E-03
-152.584000E-06,-402.010053396E-03
-152.576000E-06,-402.010053396E-03
-152.568000E-06,-402.010053396E-03
-152.560000E-06,-201.005029127E-03
-152.552000E-06,-402.010050967E-03
-152.544000E-06,-402.010053396E-03
-152.536000E-06,-402.010053396E-03
-152.528000E-06,-402.010053396E-03
-152.520000E-06,-603.015077664E-03
-152.512000E-06,-402.010055826E-03
-152.504000E-06,-201.005029129E-03
-152.496000E-06,-402.010050966E-03
-152.488000E-06,-402.010053396E-03
-152.480000E-06,-603.015077663E-03
-152.472000E-06,-402.010055828E-03
-152.464000E-06,-402.010053396E-03
-152.456000E-06,-402.010053396E-03
-152.448000E-06,-402.010053396E-03
-152.440000E-06,-402.010053396E-03
-152.432000E-06,-402.010053396E-03
-152.424000E-06,-201.005029131E-03
-152.416000E-06,-402.010050963E-03
-152.408000E-06,-402.010053396E-03
-152.400000E-06,-402.010053396E-03
-152.392000E-06,-603.015077661E-03
-152.384000E-06,-402.010055831E-03
-152.376000E-06,-402.010053396E-03
-152.368000E-06,-402.010053396E-03
-152.360000E-06,-402.010053396E-03
-152.352000E-06,-402.010053396E-03
-152.344000E-06,-402.010053396E-03
-152.336000E-06,-402.010053396E-03
-152.328000E-06,-402.010053396E-03
-152.320000E-06,-402.010053396E-03
-152.312000E-06,-402.010053396E-03
-152.304000E-06,-402.010053396E-03
-152.296000E-06,-402.010053396E-03
-152.288000E-06,-402.010053396E-03
-152.280000E-06,-402.010053396E-03
-152.272000E-06,-402.010053396E-03
-152.264000E-06,-402.010053396E-03
-152.256000E-06,-402.010053396E-03
-152.248000E-06,-402.010053396E-03
-152.240000E-06,-402.010053396E-03
-152.232000E-06,-402.010053396E-03
-152.224000E-06,-402.010053396E-03
-152.216000E-06,-603.015077655E-03
-152.208000E-06,-402.010055836E-03
-152.200000E-06,-402.010053396E-03
-152.192000E-06,-402.010053396E-03
-152.184000E-06,-402.010053396E-03
-152.176000E-06,-402.010053396E-03
-152.168000E-06,-402.010053396E-03
-152.160000E-06,-402.010053396E-03
-152.152000E-06,-201.005029139E-03
-152.144000E-06,-402.010050955E-03
-152.136000E-06,-402.010053396E-03
-152.128000E-06,-402.010053396E-03
-152.120000E-06,-402.010053396E-03
-152.112000E-06,-402.010053396E-03
-152.104000E-06,-402.010053396E-03
-152.096000E-06,-402.010053396E-03
-152.088000E-06,-402.010053396E-03
-152.080000E-06,-402.010053396E-03
-152.072000E-06,-402.010053396E-03
-152.064000E-06,-402.010053396E-03
-152.056000E-06,-402.010053396E-03
-152.048000E-06,-402.010053396E-03
-152.040000E-06,-402.010053396E-03
-152.032000E-06,-402.010053396E-03
-152.024000E-06,-402.010053396E-03
-152.016000E-06,-402.010053396E-03
-152.008000E-06,-402.010053396E-03
-152.000000E-06,-402.010053396E-03
-151.992000E-06,-402.010053396E-03
-151.984000E-06,-402.010053396E-03
-151.976000E-06,-402.010053396E-03
-151.968000E-06,-402.010053396E-03
-151.960000E-06,-402.010053396E-03
-151.952000E-06,-603.015077648E-03
-151.944000E-06,-402.010055844E-03
-151.936000E-06,-402.010053396E-03
-151.928000E-06,-402.010053396E-03
-151.920000E-06,-402.010053396E-03
-151.912000E-06,-402.010053396E-03
-151.904000E-06,-402.010053396E-03
-151.896000E-06,-402.010053396E-03
-151.888000E-06,-402.010053396E-03
-151.880000E-06,-402.010053396E-03
-151.872000E-06,-402.010053396E-03
-151.864000E-06,-402.010053396E-03
-151.856000E-06,-402.010053396E-03
-151.848000E-06,-402.010053396E-03
-151.840000E-06,-402.010053396E-03
-151.832000E-06,-402.010053396E-03
-151.824000E-06,-402.010053396E-03
-151.816000E-06,-402.010053396E-03
-151.808000E-06,-402.010053396E-03
-151.800000E-06,-402.010053396E-03
-151.792000E-06,-402.010053396E-03
-151.784000E-06,-402.010053396E-03
-151.776000E-06,-402.010053396E-03
-151.768000E-06,-402.010053396E-03
-151.760000E-06,-402.010053396E-03
-151.752000E-06,-402.010053396E-03
-151.744000E-06,-402.010053396E-03
-151.736000E-06,-402.010053396E-03
-151.728000E-06,-402.010053396E-03
-151.720000E-06,-402.010053396E-03
-151.712000E-06,-402.010053396E-03
-151.704000E-06,-402.010053396E-03
-151.696000E-06,-402.010053396E-03
-151.688000E-06,-402.010053396E-03
-151.680000E-06,-402.010053396E-03
-151.672000E-06,-402.010053396E-03
-151.664000E-06,-402.010053396E-03
-151.656000E-06,-402.010053396E-03
-151.648000E-06,-402.010053396E-03
-151.640000E-06,-402.010053396E-03
-151.632000E-06,-402.010053396E-03
-151.624000E-06,-402.010053396E-03
-151.616000E-06,-402.010053396E-03
-151.608000E-06,-402.010053396E-03
-151.600000E-06,-402.010053396E-03
-151.592000E-06,-402.010053396E-03
-151.584000E-06,-402.010053396E-03
-151.576000E-06,-402.010053396E-03
-151.568000E-06,-402.010053396E-03
-151.560000E-06,-402.010053396E-03
-151.552000E-06,-402.010053396E-03
-151.544000E-06,-402.010053396E-03
-151.536000E-06,-402.010053396E-03
-151.528000E-06,-402.010053396E-03
-151.520000E-06,-402.010053396E-03
-151.512000E-06,-402.010053396E-03
-151.504000E-06,-402.010053396E-03
-151.496000E-06,-402.010053396E-03
-151.488000E-06,-402.010053396E-03
-151.480000E-06,-402.010053396E-03
-151.472000E-06,-402.010053396E-03
-151.464000E-06,-402.010053396E-03
-151.456000E-06,-402.010053396E-03
-151.448000E-06,-402.010053396E-03
-151.440000E-06,-402.010053396E-03
-151.432000E-06,-201.005029161E-03
-151.424000E-06,-402.010050933E-03
-151.416000E-06,-402.010053396E-03
-151.408000E-06,-402.010053396E-03
-151.400000E-06,-402.010053396E-03
-151.392000E-06,-402.010053396E-03
-151.384000E-06,-402.010053396E-03
-151.376000E-06,-402.010053396E-03
-151.368000E-06,-402.010053396E-03
-151.360000E-06,-402.010053396E-03
-151.352000E-06,-402.010053396E-03
-151.344000E-06,-201.005029163E-03
-151.336000E-06,-402.010050930E-03
-151.328000E-06,-603.015077629E-03
-151.320000E-06,-402.010055862E-03
-151.312000E-06,-402.010053396E-03
-151.304000E-06,-402.010053396E-03
-151.296000E-06,-402.010053396E-03
-151.288000E-06,-402.010053396E-03
-151.280000E-06,-402.010053396E-03
-151.272000E-06,-402.010053396E-03
-151.264000E-06,-402.010053396E-03
-151.256000E-06,-201.005029166E-03
-151.248000E-06,-201.005026698E-03
-151.240000E-06,-402.010050928E-03
-151.232000E-06,-402.010053396E-03
-151.224000E-06,-402.010053396E-03
-151.216000E-06,-402.010053396E-03
-151.208000E-06,-201.005029168E-03
-151.200000E-06,-402.010050927E-03
-151.192000E-06,-402.010053396E-03
-151.184000E-06,-402.010053396E-03
-151.176000E-06,-402.010053396E-03
-151.168000E-06,-402.010053396E-03
-151.160000E-06,-402.010053396E-03
-151.152000E-06,-402.010053396E-03
-151.144000E-06,-402.010053396E-03
-151.136000E-06,-402.010053396E-03
-151.128000E-06,-402.010053396E-03
-151.120000E-06,-402.010053396E-03
-151.112000E-06,-402.010053396E-03
-151.104000E-06,-402.010053396E-03
-151.096000E-06,-402.010053396E-03
-151.088000E-06,-201.005029171E-03
-151.080000E-06,-201.005026698E-03
-151.072000E-06,-402.010050922E-03
-151.064000E-06,-402.010053396E-03
-151.056000E-06,-402.010053396E-03
-151.048000E-06,-201.005029173E-03
-151.040000E-06,-402.010050922E-03
-151.032000E-06,-402.010053396E-03
-151.024000E-06,-402.010053396E-03
-151.016000E-06,-402.010053396E-03
-151.008000E-06,-402.010053396E-03
-151.000000E-06,-201.005029174E-03
-150.992000E-06,-402.010050920E-03
-150.984000E-06,-402.010053396E-03
-150.976000E-06,-402.010053396E-03
-150.968000E-06,-201.005029175E-03
-150.960000E-06,-402.010050919E-03
-150.952000E-06,-201.005029176E-03
-150.944000E-06,-402.010050919E-03
-150.936000E-06,-402.010053396E-03
-150.928000E-06,-402.010053396E-03
-150.920000E-06,-402.010053396E-03
-150.912000E-06,-201.005029176E-03
-150.904000E-06,-201.005026698E-03
-150.896000E-06,-201.005026698E-03
-150.888000E-06,-402.010050917E-03
-150.880000E-06,-402.010053396E-03
-150.872000E-06,-402.010053396E-03
-150.864000E-06,-402.010053396E-03
-150.856000E-06,-402.010053396E-03
-150.848000E-06,-201.005029179E-03
-150.840000E-06,-201.005026698E-03
-150.832000E-06,-402.010050916E-03
-150.824000E-06,-402.010053396E-03
-150.816000E-06,-402.010053396E-03
-150.808000E-06,-402.010053396E-03
-150.800000E-06,-603.015077612E-03
-150.792000E-06,-402.010055878E-03
-150.784000E-06,-402.010053396E-03
-150.776000E-06,-402.010053396E-03
-150.768000E-06,-402.010053396E-03
-150.760000E-06,-402.010053396E-03
-150.752000E-06,-402.010053396E-03
-150.744000E-06,-402.010053396E-03
-150.736000E-06,-402.010053396E-03
-150.728000E-06,-402.010053396E-03
-150.720000E-06,-402.010053396E-03
-150.712000E-06,-402.010053396E-03
-150.704000E-06,-402.010053396E-03
-150.696000E-06,-402.010053396E-03
-150.688000E-06,-402.010053396E-03
-150.680000E-06,-402.010053396E-03
-150.672000E-06,-402.010053396E-03
-150.664000E-06,-402.010053396E-03
-150.656000E-06,-402.010053396E-03
-150.648000E-06,-402.010053396E-03
-150.640000E-06,-402.010053396E-03
-150.632000E-06,-402.010053396E-03
-150.624000E-06,-402.010053396E-03
-150.616000E-06,-201.005029185E-03
-150.608000E-06,-402.010050909E-03
-150.600000E-06,-402.010053396E-03
-150.592000E-06,-201.005029186E-03
-150.584000E-06,-402.010050908E-03
-150.576000E-06,-201.005029187E-03
-150.568000E-06,-402.010050908E-03
-150.560000E-06,-402.010053396E-03
-150.552000E-06,-201.005029187E-03
-150.544000E-06,-402.010050907E-03
-150.536000E-06,-402.010053396E-03
-150.528000E-06,-201.005029188E-03
-150.520000E-06,-402.010050906E-03
-150.512000E-06,-402.010053396E-03
-150.504000E-06,-201.005029189E-03
-150.496000E-06,-402.010050906E-03
-150.488000E-06,-402.010053396E-03
-150.480000E-06,-201.005029189E-03
-150.472000E-06,-402.010050905E-03
-150.464000E-06,-201.005029190E-03
-150.456000E-06,-402.010050904E-03
-150.448000E-06,-402.010053396E-03
-150.440000E-06,-402.010053396E-03
-150.432000E-06,-402.010053396E-03
-150.424000E-06,-402.010053396E-03
-150.416000E-06,-402.010053396E-03
-150.408000E-06,-201.005029192E-03
-150.400000E-06,-201.005026698E-03
-150.392000E-06,-402.010050902E-03
-150.384000E-06,-402.010053396E-03
-150.376000E-06,-402.010053396E-03
-150.368000E-06,-402.010053396E-03
-150.360000E-06,-402.010053396E-03
-150.352000E-06,-402.010053396E-03
-150.344000E-06,-402.010053396E-03
-150.336000E-06,-402.010053396E-03
-150.328000E-06,-402.010053396E-03
-150.320000E-06,-402.010053396E-03
-150.312000E-06,-402.010053396E-03
-150.304000E-06,-402.010053396E-03
-150.296000E-06,-402.010053396E-03
-150.288000E-06,-402.010053396E-03
-150.280000E-06,-402.010053396E-03
-150.272000E-06,-402.010053396E-03
-150.264000E-06,-201.005029196E-03
-150.256000E-06,-402.010050898E-03
-150.248000E-06,-201.005029196E-03
-150.240000E-06,-201.005026698E-03
-150.232000E-06,-402.010050898E-03
-150.224000E-06,-402.010053396E-03
-150.216000E-06,-201.005029198E-03
-150.208000E-06,-402.010050897E-03
-150.200000E-06,-402.010053396E-03
-150.192000E-06,-402.010053396E-03
-150.184000E-06,-402.010053396E-03
-150.176000E-06,-402.010053396E-03
-150.168000E-06,-402.010053396E-03
-150.160000E-06,-402.010053396E-03
-150.152000E-06,-201.005029199E-03
-150.144000E-06,-402.010050895E-03
-150.136000E-06,-201.005029200E-03
-150.128000E-06,-402.010050895E-03
-150.120000E-06,-402.010053396E-03
-150.112000E-06,-201.005029200E-03
-150.104000E-06,-201.005026698E-03
-150.096000E-06,-402.010050893E-03
-150.088000E-06,-201.005029201E-03
-150.080000E-06,-402.010050893E-03
-150.072000E-06,-201.005029202E-03
-150.064000E-06,-402.010050892E-03
-150.056000E-06,-402.010053396E-03
-150.048000E-06,-402.010053396E-03
-150.040000E-06,-402.010053396E-03
-150.032000E-06,-402.010053396E-03
-150.024000E-06,-402.010053396E-03
-150.016000E-06,-402.010053396E-03
-150.008000E-06,-402.010053396E-03
-150.000000E-06,-402.010053396E-03
-149.992000E-06,-402.010053396E-03
-149.984000E-06,-402.010053396E-03
-149.976000E-06,-402.010053396E-03
-149.968000E-06,-201.005029205E-03
-149.960000E-06,-402.010050889E-03
-149.952000E-06,-201.005029206E-03
-149.944000E-06,-402.010050889E-03
-149.936000E-06,-402.010053396E-03
-149.928000E-06,-402.010053396E-03
-149.920000E-06,-402.010053396E-03
-149.912000E-06,-402.010053396E-03
-149.904000E-06,-402.010053396E-03
-149.896000E-06,-402.010053396E-03
-149.888000E-06,-402.010053396E-03
-149.880000E-06,-402.010053396E-03
-149.872000E-06,-402.010053396E-03
-149.864000E-06,-402.010053396E-03
-149.856000E-06,-402.010053396E-03
-149.848000E-06,-402.010053396E-03
-149.840000E-06,-402.010053396E-03
-149.832000E-06,-201.005029209E-03
-149.824000E-06,-402.010050885E-03
-149.816000E-06,-402.010053396E-03
-149.808000E-06,-402.010053396E-03
-149.800000E-06,-402.010053396E-03
-149.792000E-06,-402.010053396E-03
-149.784000E-06,-402.010053396E-03
-149.776000E-06,-402.010053396E-03
-149.768000E-06,-402.010053396E-03
-149.760000E-06,-402.010053396E-03
-149.752000E-06,-402.010053396E-03
-149.744000E-06,-201.005029211E-03
-149.736000E-06,-201.005026698E-03
-149.728000E-06,-402.010050882E-03
-149.720000E-06,-402.010053396E-03
-149.712000E-06,-402.010053396E-03
-149.704000E-06,-201.005029213E-03
-149.696000E-06,-402.010050881E-03
-149.688000E-06,-402.010053396E-03
-149.680000E-06,-402.010053396E-03
-149.672000E-06,-402.010053396E-03
-149.664000E-06,-402.010053396E-03
-149.656000E-06,-402.010053396E-03
-149.648000E-06,-201.005029214E-03
-149.640000E-06,-201.005026698E-03
-149.632000E-06,-201.005026698E-03
-149.624000E-06,-402.010050879E-03
-149.616000E-06,-201.005029215E-03
-149.608000E-06,-201.005026698E-03
-149.600000E-06,-402.010050879E-03
-149.592000E-06,-201.005029216E-03
-149.584000E-06,-201.005026698E-03
-149.576000E-06,-201.005026698E-03
-149.568000E-06,-201.005026698E-03
-149.560000E-06,-201.005026698E-03
-149.552000E-06,-201.005026698E-03
-149.544000E-06,-402.010050877E-03
-149.536000E-06,-402.010053396E-03
-149.528000E-06,-201.005029218E-03
-149.520000E-06,-402.010050876E-03
-149.512000E-06,-201.005029219E-03
-149.504000E-06,-201.005026698E-03
-149.496000E-06,-402.010050876E-03
-149.488000E-06,-402.010053396E-03
-149.480000E-06,-402.010053396E-03
-149.472000E-06,-402.010053396E-03
-149.464000E-06,-201.005029220E-03
-149.456000E-06,-201.005026698E-03
-149.448000E-06,-402.010050874E-03
-149.440000E-06,-402.010053396E-03
-149.432000E-06,-402.010053396E-03
-149.424000E-06,-201.005029221E-03
-149.416000E-06,-201.005026698E-03
-149.408000E-06,-201.005026698E-03
-149.400000E-06,-201.005026698E-03
-149.392000E-06,-201.005026698E-03
-149.384000E-06,-201.005026698E-03
-149.376000E-06,-402.010050872E-03
-149.368000E-06,-402.010053396E-03
-149.360000E-06,-402.010053396E-03
-149.352000E-06,-201.005029223E-03
-149.344000E-06,-402.010050870E-03
-149.336000E-06,-402.010053396E-03
-149.328000E-06,-201.005029224E-03
-149.320000E-06,-201.005026698E-03
-149.312000E-06,-201.005026698E-03
-149.304000E-06,-402.010050870E-03
-149.296000E-06,-402.010053396E-03
-149.288000E-06,-201.005029225E-03
-149.280000E-06,-201.005026698E-03
-149.272000E-06,-402.010050868E-03
-149.264000E-06,-402.010053396E-03
-149.256000E-06,-201.005029226E-03
-149.248000E-06,-201.005026698E-03
-149.240000E-06,-201.005026698E-03
-149.232000E-06,-402.010050868E-03
-149.224000E-06,-402.010053396E-03
-149.216000E-06,-201.005029228E-03
-149.208000E-06,-201.005026698E-03
-149.200000E-06,-201.005026698E-03
-149.192000E-06,-201.005026698E-03
-149.184000E-06,-201.005026698E-03
-149.176000E-06,-402.010050866E-03
-149.168000E-06,-402.010053396E-03
-149.160000E-06,-402.010053396E-03
-149.152000E-06,-201.005029229E-03
-149.144000E-06,-402.010050865E-03
-149.136000E-06,-402.010053396E-03
-149.128000E-06,-402.010053396E-03
-149.120000E-06,-201.005029230E-03
-149.112000E-06,-201.005026698E-03
-149.104000E-06,-402.010050864E-03
-149.096000E-06,-402.010053396E-03
-149.088000E-06,-402.010053396E-03
-149.080000E-06,-402.010053396E-03
-149.072000E-06,-402.010053396E-03
-149.064000E-06,-201.005029232E-03
-149.056000E-06,-201.005026698E-03
-149.048000E-06,-201.005026698E-03
-149.040000E-06,-201.005026698E-03
-149.032000E-06,-402.010050862E-03
-149.024000E-06,-402.010053396E-03
-149.016000E-06,-402.010053396E-03
-149.008000E-06,-402.010053396E-03
-149.000000E-06,-201.005029234E-03
-148.992000E-06,-201.005026698E-03
-148.984000E-06,-402.010050860E-03
-148.976000E-06,-402.010053396E-03
-148.968000E-06,-201.005029235E-03
-148.960000E-06,-201.005026698E-03
-148.952000E-06,-402.010050859E-03
-148.944000E-06,-402.010053396E-03
-148.936000E-06,-402.010053396E-03
-148.928000E-06,-201.005029236E-03
-148.920000E-06,-402.010050858E-03
-148.912000E-06,-201.005029236E-03
-148.904000E-06,-201.005026698E-03
-148.896000E-06,-402.010050857E-03
-148.888000E-06,-402.010053396E-03
-148.880000E-06,-201.005029238E-03
-148.872000E-06,-402.010050857E-03
-148.864000E-06,-402.010053396E-03
-148.856000E-06,-402.010053396E-03
-148.848000E-06,-402.010053396E-03
-148.840000E-06,-402.010053396E-03
-148.832000E-06,-402.010053396E-03
-148.824000E-06,-201.005029239E-03
-148.816000E-06,-201.005026698E-03
-148.808000E-06,-201.005026698E-03
-148.800000E-06,-402.010050854E-03
-148.792000E-06,-201.005029240E-03
-148.784000E-06,-201.005026698E-03
-148.776000E-06,-402.010050854E-03
-148.768000E-06,-201.005029241E-03
-148.760000E-06,-402.010050853E-03
-148.752000E-06,-402.010053396E-03
-148.744000E-06,-402.010053396E-03
-148.736000E-06,-201.005029242E-03
-148.728000E-06,-201.005026698E-03
-148.720000E-06,-201.005026698E-03
-148.712000E-06,-402.010050851E-03
-148.704000E-06,-201.005029243E-03
-148.696000E-06,-201.005026698E-03
-148.688000E-06,-201.005026698E-03
-148.680000E-06,-201.005026698E-03
-148.672000E-06,-201.005026698E-03
-148.664000E-06,-201.005026698E-03
-148.656000E-06,-201.005026698E-03
-148.648000E-06,-402.010050850E-03
-148.640000E-06,-201.005029244E-03
-148.632000E-06,-402.010050849E-03
-148.624000E-06,-402.010053396E-03
-148.616000E-06,-402.010053396E-03
-148.608000E-06,-201.005029246E-03
-148.600000E-06,-402.010050849E-03
-148.592000E-06,-402.010053396E-03
-148.584000E-06,-402.010053396E-03
-148.576000E-06,-201.005029247E-03
-148.568000E-06,-402.010050848E-03
-148.560000E-06,-201.005029247E-03
-148.552000E-06,-201.005026698E-03
-148.544000E-06,-201.005026698E-03
-148.536000E-06,-201.005026698E-03
-148.528000E-06,-201.005026698E-03
-148.520000E-06,-201.005026698E-03
-148.512000E-06,-402.010050846E-03
-148.504000E-06,-402.010053396E-03
-148.496000E-06,-402.010053396E-03
-148.488000E-06,-201.005029249E-03
-148.480000E-06,-201.005026698E-03
-148.472000E-06,-201.005026698E-03
-148.464000E-06,-201.005026698E-03
-148.456000E-06,-201.005026698E-03
-148.448000E-06,-201.005026698E-03
-148.440000E-06,-201.005026698E-03
-148.432000E-06,-201.005026698E-03
-148.424000E-06,-201.005026698E-03
-148.416000E-06,-201.005026698E-03
-148.408000E-06,-201.005026698E-03
-148.400000E-06,-402.010050843E-03
-148.392000E-06,-201.005029252E-03
-148.384000E-06,-201.005026698E-03
-148.376000E-06,-201.005026698E-03
-148.368000E-06,-201.005026698E-03
-148.360000E-06,-201.005026698E-03
-148.352000E-06,-201.005026698E-03
-148.344000E-06,-402.010050840E-03
-148.336000E-06,-402.010053396E-03
-148.328000E-06,-201.005029254E-03
-148.320000E-06,-201.005026698E-03
-148.312000E-06,-402.010050840E-03
-148.304000E-06,-402.010053396E-03
-148.296000E-06,-201.005029255E-03
-148.288000E-06,-402.010050839E-03
-148.280000E-06,-402.010053396E-03
-148.272000E-06,-201.005029256E-03
-148.264000E-06,-402.010050838E-03
-148.256000E-06,-402.010053396E-03
-148.248000E-06,-402.010053396E-03
-148.240000E-06,-201.005029257E-03
-148.232000E-06,-402.010050838E-03
-148.224000E-06,-402.010053396E-03
-148.216000E-06,-402.010053396E-03
-148.208000E-06,-201.005029257E-03
-148.200000E-06,-201.005026698E-03
-148.192000E-06,-201.005026698E-03
-148.184000E-06,-201.005026698E-03
-148.176000E-06,-402.010050835E-03
-148.168000E-06,-201.005029259E-03
-148.160000E-06,-201.005026698E-03
-148.152000E-06,-201.005026698E-03
-148.144000E-06,-402.010050835E-03
-148.136000E-06,-201.005029260E-03
-148.128000E-06,-402.010050834E-03
-148.120000E-06,-402.010053396E-03
-148.112000E-06,-201.005029260E-03
-148.104000E-06,-402.010050834E-03
-148.096000E-06,-402.010053396E-03
-148.088000E-06,-201.005029261E-03
-148.080000E-06,-201.005026698E-03
-148.072000E-06,-201.005026698E-03
-148.064000E-06,-201.005026698E-03
-148.056000E-06,-402.010050832E-03
-148.048000E-06,-402.010053396E-03
-148.040000E-06,-201.005029263E-03
-148.032000E-06,-201.005026698E-03
-148.024000E-06,-402.010050831E-03
-148.016000E-06,-201.005029263E-03
-148.008000E-06,-201.005026698E-03
-148.000000E-06,-201.005026698E-03
-147.992000E-06,-201.005026698E-03
-147.984000E-06,-201.005026698E-03
-147.976000E-06,-201.005026698E-03
-147.968000E-06,-201.005026698E-03
-147.960000E-06,-201.005026698E-03
-147.952000E-06,-201.005026698E-03
-147.944000E-06,-201.005026698E-03
-147.936000E-06,-201.005026698E-03
-147.928000E-06,-201.005026698E-03
-147.920000E-06,-201.005026698E-03
-147.912000E-06,-201.005026698E-03
-147.904000E-06,-201.005026698E-03
-147.896000E-06,-201.005026698E-03
-147.888000E-06,-201.005026698E-03
-147.880000E-06,-201.005026698E-03
-147.872000E-06,-201.005026698E-03
-147.864000E-06,-201.005026698E-03
-147.856000E-06,-201.005026698E-03
-147.848000E-06,-201.005026698E-03
-147.840000E-06,-201.005026698E-03
-147.832000E-06,-402.010050825E-03
-147.824000E-06,-402.010053396E-03
-147.816000E-06,-201.005029269E-03
-147.808000E-06,-402.010050824E-03
-147.800000E-06,-402.010053396E-03
-147.792000E-06,-201.005029270E-03
-147.784000E-06,-201.005026698E-03
-147.776000E-06,-201.005026698E-03
-147.768000E-06,-201.005026698E-03
-147.760000E-06,-201.005026698E-03
-147.752000E-06,-201.005026698E-03
-147.744000E-06,-402.010050823E-03
-147.736000E-06,-201.005029272E-03
-147.728000E-06,-201.005026698E-03
-147.720000E-06,-201.005026698E-03
-147.712000E-06,-201.005026698E-03
-147.704000E-06,-201.005026698E-03
-147.696000E-06,-201.005026698E-03
-147.688000E-06,-201.005026698E-03
-147.680000E-06,-201.005026698E-03
-147.672000E-06,-201.005026698E-03
-147.664000E-06,-402.010050820E-03
-147.656000E-06,-201.005029274E-03
-147.648000E-06,-201.005026698E-03
-147.640000E-06,-201.005026698E-03
-147.632000E-06,-201.005026698E-03
-147.624000E-06,-201.005026698E-03
-147.616000E-06,-201.005026698E-03
-147.608000E-06,-201.005026698E-03
-147.600000E-06,-201.005026698E-03
-147.592000E-06,-402.010050818E-03
-147.584000E-06,-201.005029277E-03
-147.576000E-06,-201.005026698E-03
-147.568000E-06,-402.010050817E-03
-147.560000E-06,-201.005029277E-03
-147.552000E-06,-201.005026698E-03
-147.544000E-06,-402.010050817E-03
-147.536000E-06,-201.005029278E-03
-147.528000E-06,-201.005026698E-03
-147.520000E-06,-201.005026698E-03
-147.512000E-06,-201.005026698E-03
-147.504000E-06,-201.005026698E-03
-147.496000E-06,-201.005026698E-03
-147.488000E-06,-201.005026698E-03
-147.480000E-06,-201.005026698E-03
-147.472000E-06,-201.005026698E-03
-147.464000E-06,-201.005026698E-03
-147.456000E-06,-201.005026698E-03
-147.448000E-06,-402.010050814E-03
-147.440000E-06,-201.005029281E-03
-147.432000E-06,-201.005026698E-03
-147.424000E-06,-402.010050813E-03
-147.416000E-06,-201.005029282E-03
-147.408000E-06,-201.005026698E-03
-147.400000E-06,-201.005026698E-03
-147.392000E-06,-201.005026698E-03
-147.384000E-06,-201.005026698E-03
-147.376000E-06,-201.005026698E-03
-147.368000E-06,-2.585E-09
-147.360000E-06,-201.005024113E-03
-147.352000E-06,-402.010050811E-03
-147.344000E-06,-201.005029284E-03
-147.336000E-06,-201.005026698E-03
-147.328000E-06,-402.010050811E-03
-147.320000E-06,-201.005029285E-03
-147.312000E-06,-201.005026698E-03
-147.304000E-06,-201.005026698E-03
-147.296000E-06,-201.005026698E-03
-147.288000E-06,-201.005026698E-03
-147.280000E-06,-201.005026698E-03
-147.272000E-06,-201.005026698E-03
-147.264000E-06,-201.005026698E-03
-147.256000E-06,-201.005026698E-03
-147.248000E-06,-201.005026698E-03
-147.240000E-06,-201.005026698E-03
-147.232000E-06,-201.005026698E-03
-147.224000E-06,-201.005026698E-03
-147.216000E-06,-201.005026698E-03
-147.208000E-06,-402.010050807E-03
-147.200000E-06,-402.010053396E-03
-147.192000E-06,-402.010053396E-03
-147.184000E-06,-201.005029288E-03
-147.176000E-06,-201.005026698E-03
-147.168000E-06,-201.005026698E-03
-147.160000E-06,-201.005026698E-03
-147.152000E-06,-201.005026698E-03
-147.144000E-06,-201.005026698E-03
-147.136000E-06,-201.005026698E-03
-147.128000E-06,-402.010050804E-03
-147.120000E-06,-201.005029290E-03
-147.112000E-06,-201.005026698E-03
-147.104000E-06,-201.005026698E-03
-147.096000E-06,-201.005026698E-03
-147.088000E-06,-201.005026698E-03
-147.080000E-06,-201.005026698E-03
-147.072000E-06,-201.005026698E-03
-147.064000E-06,-402.010050802E-03
-147.056000E-06,-201.005029293E-03
-147.048000E-06,-201.005026698E-03
-147.040000E-06,-201.005026698E-03
-147.032000E-06,-201.005026698E-03
-147.024000E-06,-201.005026698E-03
-147.016000E-06,-201.005026698E-03
-147.008000E-06,-201.005026698E-03
-147.000000E-06,-201.005026698E-03
-146.992000E-06,-201.005026698E-03
-146.984000E-06,-201.005026698E-03
-146.976000E-06,-201.005026698E-03
-146.968000E-06,-201.005026698E-03
-146.960000E-06,-201.005026698E-03
-146.952000E-06,-201.005026698E-03
-146.944000E-06,-201.005026698E-03
-146.936000E-06,-2.597E-09
-146.928000E-06,-201.005024100E-03
-146.920000E-06,-201.005026698E-03
-146.912000E-06,-201.005026698E-03
-146.904000E-06,-201.005026698E-03
-146.896000E-06,-201.005026698E-03
-146.888000E-06,-201.005026698E-03
-146.880000E-06,-201.005026698E-03
-146.872000E-06,-201.005026698E-03
-146.864000E-06,-201.005026698E-03
-146.856000E-06,-201.005026698E-03
-146.848000E-06,-201.005026698E-03
-146.840000E-06,-201.005026698E-03
-146.832000E-06,-201.005026698E-03
-146.824000E-06,-402.010050795E-03
-146.816000E-06,-201.005029299E-03
-146.808000E-06,-201.005026698E-03
-146.800000E-06,-201.005026698E-03
-146.792000E-06,-201.005026698E-03
-146.784000E-06,-201.005026698E-03
-146.776000E-06,-201.005026698E-03
-146.768000E-06,-201.005026698E-03
-146.760000E-06,-201.005026698E-03
-146.752000E-06,-201.005026698E-03
-146.744000E-06,-402.010050793E-03
-146.736000E-06,-201.005029302E-03
-146.728000E-06,-201.005026698E-03
-146.720000E-06,-201.005026698E-03
-146.712000E-06,-201.005026698E-03
-146.704000E-06,-201.005026698E-03
-146.696000E-06,-201.005026698E-03
-146.688000E-06,-201.005026698E-03
-146.680000E-06,-201.005026698E-03
-146.672000E-06,-201.005026698E-03
-146.664000E-06,-201.005026698E-03
-146.656000E-06,-201.005026698E-03
-146.648000E-06,-201.005026698E-03
-146.640000E-06,-201.005026698E-03
-146.632000E-06,-201.005026698E-03
-146.624000E-06,-201.005026698E-03
-146.616000E-06,-402.010050789E-03
-146.608000E-06,-201.005029306E-03
-146.600000E-06,-201.005026698E-03
-146.592000E-06,-201.005026698E-03
-146.584000E-06,-201.005026698E-03
-146.576000E-06,-201.005026698E-03
-146.568000E-06,-201.005026698E-03
-146.560000E-06,-201.005026698E-03
-146.552000E-06,-201.005026698E-03
-146.544000E-06,-201.005026698E-03
-146.536000E-06,-201.005026698E-03
-146.528000E-06,-201.005026698E-03
-146.520000E-06,-201.005026698E-03
-146.512000E-06,-201.005026698E-03
-146.504000E-06,-201.005026698E-03
-146.496000E-06,-201.005026698E-03
-146.488000E-06,-201.005026698E-03
-146.480000E-06,-201.005026698E-03
-146.472000E-06,-402.010050784E-03
-146.464000E-06,-201.005029310E-03
-146.456000E-06,-201.005026698E-03
-146.448000E-06,-402.010050783E-03
-146.440000E-06,-201.005029311E-03
-146.432000E-06,-201.005026698E-03
-146.424000E-06,-201.005026698E-03
-146.416000E-06,-201.005026698E-03
-146.408000E-06,-201.005026698E-03
-146.400000E-06,-201.005026698E-03
-146.392000E-06,-201.005026698E-03
-146.384000E-06,-201.005026698E-03
-146.376000E-06,-201.005026698E-03
-146.368000E-06,-201.005026698E-03
-146.360000E-06,-201.005026698E-03
-146.352000E-06,-201.005026698E-03
-146.344000E-06,-201.005026698E-03
-146.336000E-06,-201.005026698E-03
-146.328000E-06,-2.616E-09
-146.320000E-06,-402.010048163E-03
-146.312000E-06,-201.005029315E-03
-146.304000E-06,-201.005026698E-03
-146.296000E-06,-201.005026698E-03
-146.288000E-06,-201.005026698E-03
-146.280000E-06,-201.005026698E-03
-146.272000E-06,-2.618E-09
-146.264000E-06,-201.005024080E-03
-146.256000E-06,-402.010050778E-03
-146.248000E-06,-201.005029317E-03
-146.240000E-06,-201.005026698E-03
-146.232000E-06,-201.005026698E-03
-146.224000E-06,-201.005026698E-03
-146.216000E-06,-201.005026698E-03
-146.208000E-06,-201.005026698E-03
-146.200000E-06,-201.005026698E-03
-146.192000E-06,-201.005026698E-03
-146.184000E-06,-402.010050776E-03
-146.176000E-06,-201.005029319E-03
-146.168000E-06,-201.005026698E-03
-146.160000E-06,-201.005026698E-03
-146.152000E-06,-201.005026698E-03
-146.144000E-06,-201.005026698E-03
-146.136000E-06,-201.005026698E-03
-146.128000E-06,-402.010050774E-03
-146.120000E-06,-201.005029320E-03
-146.112000E-06,-201.005026698E-03
-146.104000E-06,-201.005026698E-03
-146.096000E-06,-402.010050773E-03
-146.088000E-06,-201.005029321E-03
-146.080000E-06,-201.005026698E-03
-146.072000E-06,-201.005026698E-03
-146.064000E-06,-201.005026698E-03
-146.056000E-06,-201.005026698E-03
-146.048000E-06,-201.005026698E-03
-146.040000E-06,-201.005026698E-03
-146.032000E-06,-201.005026698E-03
-146.024000E-06,-201.005026698E-03
-146.016000E-06,-201.005026698E-03
-146.008000E-06,-201.005026698E-03
-146.000000E-06,-201.005026698E-03
-145.992000E-06,-201.005026698E-03
-145.984000E-06,-201.005026698E-03
-145.976000E-06,-201.005026698E-03
-145.968000E-06,-201.005026698E-03
-145.960000E-06,-201.005026698E-03
-145.952000E-06,-201.005026698E-03
-145.944000E-06,-201.005026698E-03
-145.936000E-06,-201.005026698E-03
-145.928000E-06,-201.005026698E-03
-145.920000E-06,-201.005026698E-03
-145.912000E-06,-201.005026698E-03
-145.904000E-06,-201.005026698E-03
-145.896000E-06,-201.005026698E-03
-145.888000E-06,-402.010050767E-03
-145.880000E-06,-201.005029328E-03
-145.872000E-06,-201.005026698E-03
-145.864000E-06,-201.005026698E-03
-145.856000E-06,-201.005026698E-03
-145.848000E-06,-201.005026698E-03
-145.840000E-06,-402.010050766E-03
-145.832000E-06,-201.005029329E-03
-145.824000E-06,-201.005026698E-03
-145.816000E-06,-201.005026698E-03
-145.808000E-06,-201.005026698E-03
-145.800000E-06,-201.005026698E-03
-145.792000E-06,-201.005026698E-03
-145.784000E-06,-201.005026698E-03
-145.776000E-06,-201.005026698E-03
-145.768000E-06,-201.005026698E-03
-145.760000E-06,-201.005026698E-03
-145.752000E-06,-201.005026698E-03
-145.744000E-06,-201.005026698E-03
-145.736000E-06,-201.005026698E-03
-145.728000E-06,-201.005026698E-03
-145.720000E-06,-201.005026698E-03
-145.712000E-06,-201.005026698E-03
-145.704000E-06,-201.005026698E-03
-145.696000E-06,-201.005026698E-03
-145.688000E-06,-201.005026698E-03
-145.680000E-06,-201.005026698E-03
-145.672000E-06,-402.010050761E-03
-145.664000E-06,-201.005029334E-03
-145.656000E-06,-201.005026698E-03
-145.648000E-06,-201.005026698E-03
-145.640000E-06,-201.005026698E-03
-145.632000E-06,-201.005026698E-03
-145.624000E-06,-201.005026698E-03
-145.616000E-06,-201.005026698E-03
-145.608000E-06,-201.005026698E-03
-145.600000E-06,-402.010050759E-03
-145.592000E-06,-5.277E-09
-145.584000E-06,-201.005024060E-03
-145.576000E-06,-201.005026698E-03
-145.568000E-06,-201.005026698E-03
-145.560000E-06,-201.005026698E-03
-145.552000E-06,-201.005026698E-03
-145.544000E-06,-201.005026698E-03
-145.536000E-06,-402.010050756E-03
-145.528000E-06,-201.005029338E-03
-145.520000E-06,-201.005026698E-03
-145.512000E-06,-201.005026698E-03
-145.504000E-06,-201.005026698E-03
-145.496000E-06,-201.005026698E-03
-145.488000E-06,-201.005026698E-03
-145.480000E-06,-402.010050755E-03
-145.472000E-06,-201.005029340E-03
-145.464000E-06,-201.005026698E-03
-145.456000E-06,-201.005026698E-03
-145.448000E-06,-201.005026698E-03
-145.440000E-06,-201.005026698E-03
-145.432000E-06,-201.005026698E-03
-145.424000E-06,-201.005026698E-03
-145.416000E-06,-201.005026698E-03
-145.408000E-06,-201.005026698E-03
-145.400000E-06,-201.005026698E-03
-145.392000E-06,-201.005026698E-03
-145.384000E-06,-201.005026698E-03
-145.376000E-06,-201.005026698E-03
-145.368000E-06,-201.005026698E-03
-145.360000E-06,-201.005026698E-03
-145.352000E-06,-201.005026698E-03
-145.344000E-06,-201.005026698E-03
-145.336000E-06,-201.005026698E-03
-145.328000E-06,-201.005026698E-03
-145.320000E-06,-201.005026698E-03
-145.312000E-06,-201.005026698E-03
-145.304000E-06,-201.005026698E-03
-145.296000E-06,-201.005026698E-03
-145.288000E-06,-201.005026698E-03
-145.280000E-06,-201.005026698E-03
-145.272000E-06,-201.005026698E-03
-145.264000E-06,-201.005026698E-03
-145.256000E-06,-201.005026698E-03
-145.248000E-06,-201.005026698E-03
-145.240000E-06,-201.005026698E-03
-145.232000E-06,-201.005026698E-03
-145.224000E-06,-201.005026698E-03
-145.216000E-06,-201.005026698E-03
-145.208000E-06,-201.005026698E-03
-145.200000E-06,-201.005026698E-03
-145.192000E-06,-201.005026698E-03
-145.184000E-06,-201.005026698E-03
-145.176000E-06,-201.005026698E-03
-145.168000E-06,-201.005026698E-03
-145.160000E-06,-201.005026698E-03
-145.152000E-06,-201.005026698E-03
-145.144000E-06,-201.005026698E-03
-145.136000E-06,-201.005026698E-03
-145.128000E-06,-201.005026698E-03
-145.120000E-06,-201.005026698E-03
-145.112000E-06,-201.005026698E-03
-145.104000E-06,-201.005026698E-03
-145.096000E-06,-201.005026698E-03
-145.088000E-06,-201.005026698E-03
-145.080000E-06,-201.005026698E-03
-145.072000E-06,-201.005026698E-03
-145.064000E-06,-201.005026698E-03
-145.056000E-06,-201.005026698E-03
-145.048000E-06,-201.005026698E-03
-145.040000E-06,-201.005026698E-03
-145.032000E-06,-201.005026698E-03
-145.024000E-06,-201.005026698E-03
-145.016000E-06,-201.005026698E-03
-145.008000E-06,-2.656E-09
-145.000000E-06,-201.005024042E-03
-144.992000E-06,-201.005026698E-03
-144.984000E-06,-201.005026698E-03
-144.976000E-06,-402.010050740E-03
-144.968000E-06,-5.313E-09
-144.960000E-06,-201.005024041E-03
-144.952000E-06,-201.005026698E-03
-144.944000E-06,-201.005026698E-03
-144.936000E-06,-402.010050738E-03
-144.928000E-06,-5.316E-09
-144.920000E-06,-201.005024040E-03
-144.912000E-06,-201.005026698E-03
-144.904000E-06,-201.005026698E-03
-144.896000E-06,-201.005026698E-03
-144.888000E-06,-201.005026698E-03
-144.880000E-06,-201.005026698E-03
-144.872000E-06,-201.005026698E-03
-144.864000E-06,-201.005026698E-03
-144.856000E-06,-201.005026698E-03
-144.848000E-06,-201.005026698E-03
-144.840000E-06,-402.010050735E-03
-144.832000E-06,-201.005029359E-03
-144.824000E-06,-201.005026698E-03
-144.816000E-06,-201.005026698E-03
-144.808000E-06,-201.005026698E-03
-144.800000E-06,-201.005026698E-03
-144.792000E-06,-201.005026698E-03
-144.784000E-06,-201.005026698E-03
-144.776000E-06,-201.005026698E-03
-144.768000E-06,-201.005026698E-03
-144.760000E-06,-2.663E-09
-144.752000E-06,-201.005024035E-03
-144.744000E-06,-201.005026698E-03
-144.736000E-06,-201.005026698E-03
-144.728000E-06,-201.005026698E-03
-144.720000E-06,-201.005026698E-03
-144.712000E-06,-201.005026698E-03
-144.704000E-06,-402.010050732E-03
-144.696000E-06,-201.005029363E-03
-144.688000E-06,-201.005026698E-03
-144.680000E-06,-201.005026698E-03
-144.672000E-06,-201.005026698E-03
-144.664000E-06,-201.005026698E-03
-144.656000E-06,-201.005026698E-03
-144.648000E-06,-201.005026698E-03
-144.640000E-06,-201.005026698E-03
-144.632000E-06,-201.005026698E-03
-144.624000E-06,-201.005026698E-03
-144.616000E-06,-201.005026698E-03
-144.608000E-06,-201.005026698E-03
-144.600000E-06,-201.005026698E-03
-144.592000E-06,-201.005026698E-03
-144.584000E-06,-201.005026698E-03
-144.576000E-06,-201.005026698E-03
-144.568000E-06,-201.005026698E-03
-144.560000E-06,-201.005026698E-03
-144.552000E-06,-201.005026698E-03
-144.544000E-06,-201.005026698E-03
-144.536000E-06,-201.005026698E-03
-144.528000E-06,-201.005026698E-03
-144.520000E-06,-402.010050726E-03
-144.512000E-06,-201.005029369E-03
-144.504000E-06,-201.005026698E-03
-144.496000E-06,-201.005026698E-03
-144.488000E-06,-201.005026698E-03
-144.480000E-06,-201.005026698E-03
-144.472000E-06,-201.005026698E-03
-144.464000E-06,-201.005026698E-03
-144.456000E-06,-201.005026698E-03
-144.448000E-06,-201.005026698E-03
-144.440000E-06,-201.005026698E-03
-144.432000E-06,-201.005026698E-03
-144.424000E-06,-2.673E-09
-144.416000E-06,-201.005024025E-03
-144.408000E-06,-201.005026698E-03
-144.400000E-06,-201.005026698E-03
-144.392000E-06,-201.005026698E-03
-144.384000E-06,-201.005026698E-03
-144.376000E-06,-201.005026698E-03
-144.368000E-06,-201.005026698E-03
-144.360000E-06,-201.005026698E-03
-144.352000E-06,-201.005026698E-03
-144.344000E-06,-201.005026698E-03
-144.336000E-06,-201.005026698E-03
-144.328000E-06,-2.676E-09
-144.320000E-06,-201.005024022E-03
-144.312000E-06,-201.005026698E-03
-144.304000E-06,-201.005026698E-03
-144.296000E-06,-402.010050719E-03
-144.288000E-06,-201.005029375E-03
-144.280000E-06,-201.005026698E-03
-144.272000E-06,-201.005026698E-03
-144.264000E-06,-201.005026698E-03
-144.256000E-06,-201.005026698E-03
-144.248000E-06,-201.005026698E-03
-144.240000E-06,-201.005026698E-03
-144.232000E-06,-201.005026698E-03
-144.224000E-06,-201.005026698E-03
-144.216000E-06,-201.005026698E-03
-144.208000E-06,-201.005026698E-03
-144.200000E-06,-201.005026698E-03
-144.192000E-06,-201.005026698E-03
-144.184000E-06,-201.005026698E-03
-144.176000E-06,-201.005026698E-03
-144.168000E-06,-201.005026698E-03
-144.160000E-06,-201.005026698E-03
-144.152000E-06,-201.005026698E-03
-144.144000E-06,-201.005026698E-03
-144.136000E-06,-201.005026698E-03
-144.128000E-06,-201.005026698E-03
-144.120000E-06,-201.005026698E-03
-144.112000E-06,-201.005026698E-03
-144.104000E-06,-201.005026698E-03
-144.096000E-06,-201.005026698E-03
-144.088000E-06,-201.005026698E-03
-144.080000E-06,-201.005026698E-03
-144.072000E-06,-201.005026698E-03
-144.064000E-06,-201.005026698E-03
-144.056000E-06,-201.005026698E-03
-144.048000E-06,-201.005026698E-03
-144.040000E-06,-201.005026698E-03
-144.032000E-06,-201.005026698E-03
-144.024000E-06,-201.005026698E-03
-144.016000E-06,-201.005026698E-03
-144.008000E-06,-201.005026698E-03
-144.000000E-06,-2.686E-09
-143.992000E-06,-201.005024012E-03
-143.984000E-06,-201.005026698E-03
-143.976000E-06,-201.005026698E-03
-143.968000E-06,-201.005026698E-03
-143.960000E-06,-201.005026698E-03
-143.952000E-06,-201.005026698E-03
-143.944000E-06,-201.005026698E-03
-143.936000E-06,-201.005026698E-03
-143.928000E-06,-201.005026698E-03
-143.920000E-06,-201.005026698E-03
-143.912000E-06,-201.005026698E-03
-143.904000E-06,-201.005026698E-03
-143.896000E-06,-201.005026698E-03
-143.888000E-06,-201.005026698E-03
-143.880000E-06,-201.005026698E-03
-143.872000E-06,-201.005026698E-03
-143.864000E-06,-201.005026698E-03
-143.856000E-06,-201.005026698E-03
-143.848000E-06,-402.010050706E-03
-143.840000E-06,-201.005029389E-03
-143.832000E-06,-201.005026698E-03
-143.824000E-06,-201.005026698E-03
-143.816000E-06,-201.005026698E-03
-143.808000E-06,-201.005026698E-03
-143.800000E-06,-201.005026698E-03
-143.792000E-06,-201.005026698E-03
-143.784000E-06,-201.005026698E-03
-143.776000E-06,-201.005026698E-03
-143.768000E-06,-201.005026698E-03
-143.760000E-06,-201.005026698E-03
-143.752000E-06,-201.005026698E-03
-143.744000E-06,-201.005026698E-03
-143.736000E-06,-201.005026698E-03
-143.728000E-06,-201.005026698E-03
-143.720000E-06,-201.005026698E-03
-143.712000E-06,-201.005026698E-03
-143.704000E-06,-2.695E-09
-143.696000E-06,+0.0E+00
-143.688000E-06,-201.005024003E-03
-143.680000E-06,-201.005026698E-03
-143.672000E-06,-201.005026698E-03
-143.664000E-06,-201.005026698E-03
-143.656000E-06,-201.005026698E-03
-143.648000E-06,-201.005026698E-03
-143.640000E-06,-201.005026698E-03
-143.632000E-06,-201.005026698E-03
-143.624000E-06,-201.005026698E-03
-143.616000E-06,-201.005026698E-03
-143.608000E-06,-201.005026698E-03
-143.600000E-06,-201.005026698E-03
-143.592000E-06,-2.698E-09
-143.584000E-06,-201.005024000E-03
-143.576000E-06,-201.005026698E-03
-143.568000E-06,-201.005026698E-03
-143.560000E-06,-201.005026698E-03
-143.552000E-06,-201.005026698E-03
-143.544000E-06,-201.005026698E-03
-143.536000E-06,-201.005026698E-03
-143.528000E-06,-201.005026698E-03
-143.520000E-06,-201.005026698E-03
-143.512000E-06,-201.005026698E-03
-143.504000E-06,-201.005026698E-03
-143.496000E-06,-201.005026698E-03
-143.488000E-06,-201.005026698E-03
-143.480000E-06,-201.005026698E-03
-143.472000E-06,-201.005026698E-03
-143.464000E-06,-201.005026698E-03
-143.456000E-06,-201.005026698E-03
-143.448000E-06,-201.005026698E-03
-143.440000E-06,-201.005026698E-03
-143.432000E-06,-201.005026698E-03
-143.424000E-06,-201.005026698E-03
-143.416000E-06,-201.005026698E-03
-143.408000E-06,-201.005026698E-03
-143.400000E-06,-201.005026698E-03
-143.392000E-06,-201.005026698E-03
-143.384000E-06,-201.005026698E-03
-143.376000E-06,-402.010050691E-03
-143.368000E-06,-201.005029403E-03
-143.360000E-06,-201.005026698E-03
-143.352000E-06,-201.005026698E-03
-143.344000E-06,-2.706E-09
-143.336000E-06,+0.0E+00
-143.328000E-06,-201.005023992E-03
-143.320000E-06,-201.005026698E-03
-143.312000E-06,-2.706E-09
-143.304000E-06,-201.005023991E-03
-143.296000E-06,-201.005026698E-03
-143.288000E-06,-201.005026698E-03
-143.280000E-06,-201.005026698E-03
-143.272000E-06,-201.005026698E-03
-143.264000E-06,-201.005026698E-03
-143.256000E-06,-201.005026698E-03
-143.248000E-06,-201.005026698E-03
-143.240000E-06,-201.005026698E-03
-143.232000E-06,-2.709E-09
-143.224000E-06,-201.005023989E-03
-143.216000E-06,-402.010050687E-03
-143.208000E-06,-201.005029408E-03
-143.200000E-06,-201.005026698E-03
-143.192000E-06,-201.005026698E-03
-143.184000E-06,-201.005026698E-03
-143.176000E-06,-201.005026698E-03
-143.168000E-06,-201.005026698E-03
-143.160000E-06,-201.005026698E-03
-143.152000E-06,-201.005026698E-03
-143.144000E-06,-201.005026698E-03
-143.136000E-06,-201.005026698E-03
-143.128000E-06,-201.005026698E-03
-143.120000E-06,-201.005026698E-03
-143.112000E-06,-201.005026698E-03
-143.104000E-06,-201.005026698E-03
-143.096000E-06,-201.005026698E-03
-143.088000E-06,-201.005026698E-03
-143.080000E-06,-201.005026698E-03
-143.072000E-06,-201.005026698E-03
-143.064000E-06,-201.005026698E-03
-143.056000E-06,-201.005026698E-03
-143.048000E-06,-201.005026698E-03
-143.040000E-06,-201.005026698E-03
-143.032000E-06,-201.005026698E-03
-143.024000E-06,-201.005026698E-03
-143.016000E-06,-201.005026698E-03
-143.008000E-06,-201.005026698E-03
-143.000000E-06,-201.005026698E-03
-142.992000E-06,-201.005026698E-03
-142.984000E-06,-201.005026698E-03
-142.976000E-06,-2.717E-09
-142.968000E-06,-201.005023982E-03
-142.960000E-06,-201.005026698E-03
-142.952000E-06,-201.005026698E-03
-142.944000E-06,-201.005026698E-03
-142.936000E-06,-201.005026698E-03
-142.928000E-06,-201.005026698E-03
-142.920000E-06,-201.005026698E-03
-142.912000E-06,-201.005026698E-03
-142.904000E-06,-201.005026698E-03
-142.896000E-06,-201.005026698E-03
-142.888000E-06,-201.005026698E-03
-142.880000E-06,-201.005026698E-03
-142.872000E-06,-201.005026698E-03
-142.864000E-06,-201.005026698E-03
-142.856000E-06,-201.005026698E-03
-142.848000E-06,-201.005026698E-03
-142.840000E-06,-201.005026698E-03
-142.832000E-06,-201.005026698E-03
-142.824000E-06,-201.005026698E-03
-142.816000E-06,-201.005026698E-03
-142.808000E-06,-201.005026698E-03
-142.800000E-06,-201.005026698E-03
-142.792000E-06,-201.005026698E-03
-142.784000E-06,-2.722E-09
-142.776000E-06,-201.005023976E-03
-142.768000E-06,-201.005026698E-03
-142.760000E-06,-201.005026698E-03
-142.752000E-06,-201.005026698E-03
-142.744000E-06,-201.005026698E-03
-142.736000E-06,-201.005026698E-03
-142.728000E-06,-2.724E-09
-142.720000E-06,-201.005023973E-03
-142.712000E-06,-201.005026698E-03
-142.704000E-06,-201.005026698E-03
-142.696000E-06,-201.005026698E-03
-142.688000E-06,-201.005026698E-03
-142.680000E-06,-2.725E-09
-142.672000E-06,-201.005023972E-03
-142.664000E-06,-201.005026698E-03
-142.656000E-06,-201.005026698E-03
-142.648000E-06,-201.005026698E-03
-142.640000E-06,-201.005026698E-03
-142.632000E-06,-201.005026698E-03
-142.624000E-06,-201.005026698E-03
-142.616000E-06,-201.005026698E-03
-142.608000E-06,-2.728E-09
-142.600000E-06,-201.005023970E-03
-142.592000E-06,-201.005026698E-03
-142.584000E-06,-201.005026698E-03
-142.576000E-06,-201.005026698E-03
-142.568000E-06,-201.005026698E-03
-142.560000E-06,-201.005026698E-03
-142.552000E-06,-201.005026698E-03
-142.544000E-06,-201.005026698E-03
-142.536000E-06,-201.005026698E-03
-142.528000E-06,-2.730E-09
-142.520000E-06,-201.005023968E-03
-142.512000E-06,-201.005026698E-03
-142.504000E-06,-201.005026698E-03
-142.496000E-06,-201.005026698E-03
-142.488000E-06,-2.731E-09
-142.480000E-06,-201.005023967E-03
-142.472000E-06,-201.005026698E-03
-142.464000E-06,-201.005026698E-03
-142.456000E-06,-201.005026698E-03
-142.448000E-06,-201.005026698E-03
-142.440000E-06,-201.005026698E-03
-142.432000E-06,-201.005026698E-03
-142.424000E-06,-201.005026698E-03
-142.416000E-06,-201.005026698E-03
-142.408000E-06,-201.005026698E-03
-142.400000E-06,-201.005026698E-03
-142.392000E-06,-201.005026698E-03
-142.384000E-06,-201.005026698E-03
-142.376000E-06,-201.005026698E-03
-142.368000E-06,-2.735E-09
-142.360000E-06,-201.005023963E-03
-142.352000E-06,-201.005026698E-03
-142.344000E-06,-201.005026698E-03
-142.336000E-06,-201.005026698E-03
-142.328000E-06,-201.005026698E-03
-142.320000E-06,-201.005026698E-03
-142.312000E-06,-201.005026698E-03
-142.304000E-06,-201.005026698E-03
-142.296000E-06,-201.005026698E-03
-142.288000E-06,-201.005026698E-03
-142.280000E-06,-201.005026698E-03
-142.272000E-06,-201.005026698E-03
-142.264000E-06,-201.005026698E-03
-142.256000E-06,-201.005026698E-03
-142.248000E-06,-201.005026698E-03
-142.240000E-06,-201.005026698E-03
-142.232000E-06,-201.005026698E-03
-142.224000E-06,-201.005026698E-03
-142.216000E-06,-201.005026698E-03
-142.208000E-06,-201.005026698E-03
-142.200000E-06,-201.005026698E-03
-142.192000E-06,-201.005026698E-03
-142.184000E-06,-2.741E-09
-142.176000E-06,-201.005023957E-03
-142.168000E-06,-201.005026698E-03
-142.160000E-06,-201.005026698E-03
-142.152000E-06,-201.005026698E-03
-142.144000E-06,-201.005026698E-03
-142.136000E-06,-201.005026698E-03
-142.128000E-06,-201.005026698E-03
-142.120000E-06,-201.005026698E-03
-142.112000E-06,-201.005026698E-03
-142.104000E-06,-201.005026698E-03
-142.096000E-06,-201.005026698E-03
-142.088000E-06,-201.005026698E-03
-142.080000E-06,-201.005026698E-03
-142.072000E-06,-201.005026698E-03
-142.064000E-06,-201.005026698E-03
-142.056000E-06,-201.005026698E-03
-142.048000E-06,-201.005026698E-03
-142.040000E-06,-201.005026698E-03
-142.032000E-06,-201.005026698E-03
-142.024000E-06,-201.005026698E-03
-142.016000E-06,-201.005026698E-03
-142.008000E-06,-201.005026698E-03
-142.000000E-06,-2.746E-09
-141.992000E-06,-201.005023952E-03
-141.984000E-06,-201.005026698E-03
-141.976000E-06,-201.005026698E-03
-141.968000E-06,-201.005026698E-03
-141.960000E-06,-201.005026698E-03
-141.952000E-06,-201.005026698E-03
-141.944000E-06,-201.005026698E-03
-141.936000E-06,-201.005026698E-03
-141.928000E-06,-201.005026698E-03
-141.920000E-06,-201.005026698E-03
-141.912000E-06,-201.005026698E-03
-141.904000E-06,-201.005026698E-03
-141.896000E-06,-201.005026698E-03
-141.888000E-06,-201.005026698E-03
-141.880000E-06,-201.005026698E-03
-141.872000E-06,-201.005026698E-03
-141.864000E-06,-201.005026698E-03
-141.856000E-06,-201.005026698E-03
-141.848000E-06,-201.005026698E-03
-141.840000E-06,-201.005026698E-03
-141.832000E-06,-201.005026698E-03
-141.824000E-06,-201.005026698E-03
-141.816000E-06,-201.005026698E-03
-141.808000E-06,-201.005026698E-03
-141.800000E-06,-201.005026698E-03
-141.792000E-06,-2.752E-09
-141.784000E-06,+0.0E+00
-141.776000E-06,-201.005023946E-03
-141.768000E-06,-201.005026698E-03
-141.760000E-06,-201.005026698E-03
-141.752000E-06,-201.005026698E-03
-141.744000E-06,-201.005026698E-03
-141.736000E-06,-201.005026698E-03
-141.728000E-06,-201.005026698E-03
-141.720000E-06,-201.005026698E-03
-141.712000E-06,-2.755E-09
-141.704000E-06,-201.005023943E-03
-141.696000E-06,-201.005026698E-03
-141.688000E-06,-201.005026698E-03
-141.680000E-06,-201.005026698E-03
-141.672000E-06,-402.010050640E-03
-141.664000E-06,-201.005029454E-03
-141.656000E-06,-201.005026698E-03
-141.648000E-06,-201.005026698E-03
-141.640000E-06,-201.005026698E-03
-141.632000E-06,-201.005026698E-03
-141.624000E-06,-201.005026698E-03
-141.616000E-06,-201.005026698E-03
-141.608000E-06,-201.005026698E-03
-141.600000E-06,-201.005026698E-03
-141.592000E-06,-201.005026698E-03
-141.584000E-06,-201.005026698E-03
-141.576000E-06,-201.005026698E-03
-141.568000E-06,-201.005026698E-03
-141.560000E-06,-2.759E-09
-141.552000E-06,-201.005023938E-03
-141.544000E-06,-201.005026698E-03
-141.536000E-06,-201.005026698E-03
-141.528000E-06,-201.005026698E-03
-141.520000E-06,-2.760E-09
-141.512000E-06,-201.005023938E-03
-141.504000E-06,-201.005026698E-03
-141.496000E-06,-201.005026698E-03
-141.488000E-06,-2.761E-09
-141.480000E-06,-201.005023936E-03
-141.472000E-06,-201.005026698E-03
-141.464000E-06,-201.005026698E-03
-141.456000E-06,-201.005026698E-03
-141.448000E-06,-201.005026698E-03
-141.440000E-06,-201.005026698E-03
-141.432000E-06,-201.005026698E-03
-141.424000E-06,-201.005026698E-03
-141.416000E-06,-201.005026698E-03
-141.408000E-06,-201.005026698E-03
-141.400000E-06,-201.005026698E-03
-141.392000E-06,-2.764E-09
-141.384000E-06,-201.005023934E-03
-141.376000E-06,-201.005026698E-03
-141.368000E-06,-201.005026698E-03
-141.360000E-06,-201.005026698E-03
-141.352000E-06,-201.005026698E-03
-141.344000E-06,-201.005026698E-03
-141.336000E-06,-201.005026698E-03
-141.328000E-06,-201.005026698E-03
-141.320000E-06,-402.010050630E-03
-141.312000E-06,-201.005029464E-03
-141.304000E-06,-201.005026698E-03
-141.296000E-06,-201.005026698E-03
-141.288000E-06,-201.005026698E-03
-141.280000E-06,-201.005026698E-03
-141.272000E-06,-201.005026698E-03
-141.264000E-06,-201.005026698E-03
-141.256000E-06,-201.005026698E-03
-141.248000E-06,-201.005026698E-03
-141.240000E-06,-201.005026698E-03
-141.232000E-06,-201.005026698E-03
-141.224000E-06,-201.005026698E-03
-141.216000E-06,-2.769E-09
-141.208000E-06,-201.005023928E-03
-141.200000E-06,-2.770E-09
-141.192000E-06,-201.005023928E-03
-141.184000E-06,-2.771E-09
-141.176000E-06,-201.005023927E-03
-141.168000E-06,-201.005026698E-03
-141.160000E-06,-201.005026698E-03
-141.152000E-06,-201.005026698E-03
-141.144000E-06,-201.005026698E-03
-141.136000E-06,-201.005026698E-03
-141.128000E-06,-201.005026698E-03
-141.120000E-06,-201.005026698E-03
-141.112000E-06,-201.005026698E-03
-141.104000E-06,-201.005026698E-03
-141.096000E-06,-201.005026698E-03
-141.088000E-06,-201.005026698E-03
-141.080000E-06,-2.774E-09
-141.072000E-06,-201.005023924E-03
-141.064000E-06,-201.005026698E-03
-141.056000E-06,-201.005026698E-03
-141.048000E-06,-201.005026698E-03
-141.040000E-06,-201.005026698E-03
-141.032000E-06,-201.005026698E-03
-141.024000E-06,-201.005026698E-03
-141.016000E-06,-402.010050620E-03
-141.008000E-06,-201.005029474E-03
-141.000000E-06,-2.776E-09
-140.992000E-06,-201.005023922E-03
-140.984000E-06,-201.005026698E-03
-140.976000E-06,-201.005026698E-03
-140.968000E-06,-201.005026698E-03
-140.960000E-06,-201.005026698E-03
-140.952000E-06,-201.005026698E-03
-140.944000E-06,-201.005026698E-03
-140.936000E-06,-201.005026698E-03
-140.928000E-06,-201.005026698E-03
-140.920000E-06,-201.005026698E-03
-140.912000E-06,-201.005026698E-03
-140.904000E-06,-201.005026698E-03
-140.896000E-06,-201.005026698E-03
-140.888000E-06,-201.005026698E-03
-140.880000E-06,-402.010050617E-03
-140.872000E-06,-201.005029478E-03
-140.864000E-06,-201.005026698E-03
-140.856000E-06,-201.005026698E-03
-140.848000E-06,-201.005026698E-03
-140.840000E-06,-201.005026698E-03
-140.832000E-06,-201.005026698E-03
-140.824000E-06,-201.005026698E-03
-140.816000E-06,-201.005026698E-03
-140.808000E-06,-201.005026698E-03
-140.800000E-06,-201.005026698E-03
-140.792000E-06,-201.005026698E-03
-140.784000E-06,-201.005026698E-03
-140.776000E-06,-201.005026698E-03
-140.768000E-06,-201.005026698E-03
-140.760000E-06,-201.005026698E-03
-140.752000E-06,-201.005026698E-03
-140.744000E-06,-201.005026698E-03
-140.736000E-06,-201.005026698E-03
-140.728000E-06,-402.010050612E-03
-140.720000E-06,-201.005029483E-03
-140.712000E-06,-2.785E-09
-140.704000E-06,-201.005023914E-03
-140.696000E-06,-201.005026698E-03
-140.688000E-06,-201.005026698E-03
-140.680000E-06,-201.005026698E-03
-140.672000E-06,-201.005026698E-03
-140.664000E-06,-201.005026698E-03
-140.656000E-06,-201.005026698E-03
-140.648000E-06,-201.005026698E-03
-140.640000E-06,-201.005026698E-03
-140.632000E-06,-201.005026698E-03
-140.624000E-06,-201.005026698E-03
-140.616000E-06,-201.005026698E-03
-140.608000E-06,-201.005026698E-03
-140.600000E-06,-201.005026698E-03
-140.592000E-06,-201.005026698E-03
-140.584000E-06,-201.005026698E-03
-140.576000E-06,-201.005026698E-03
-140.568000E-06,-2.789E-09
-140.560000E-06,-201.005023909E-03
-140.552000E-06,-201.005026698E-03
-140.544000E-06,-201.005026698E-03
-140.536000E-06,-402.010050606E-03
-140.528000E-06,-201.005029489E-03
-140.520000E-06,-201.005026698E-03
-140.512000E-06,-201.005026698E-03
-140.504000E-06,-201.005026698E-03
-140.496000E-06,-201.005026698E-03
-140.488000E-06,-201.005026698E-03
-140.480000E-06,-201.005026698E-03
-140.472000E-06,-201.005026698E-03
-140.464000E-06,-201.005026698E-03
-140.456000E-06,-201.005026698E-03
-140.448000E-06,-201.005026698E-03
-140.440000E-06,-201.005026698E-03
-140.432000E-06,-201.005026698E-03
-140.424000E-06,-201.005026698E-03
-140.416000E-06,-201.005026698E-03
-140.408000E-06,-201.005026698E-03
-140.400000E-06,-201.005026698E-03
-140.392000E-06,-201.005026698E-03
-140.384000E-06,-201.005026698E-03
-140.376000E-06,-402.010050601E-03
-140.368000E-06,-201.005029493E-03
-140.360000E-06,-201.005026698E-03
-140.352000E-06,-201.005026698E-03
-140.344000E-06,-201.005026698E-03
-140.336000E-06,-201.005026698E-03
-140.328000E-06,-201.005026698E-03
-140.320000E-06,-201.005026698E-03
-140.312000E-06,-201.005026698E-03
-140.304000E-06,-201.005026698E-03
-140.296000E-06,-201.005026698E-03
-140.288000E-06,-201.005026698E-03
-140.280000E-06,-201.005026698E-03
-140.272000E-06,-201.005026698E-03
-140.264000E-06,-2.798E-09
-140.256000E-06,-201.005023900E-03
-140.248000E-06,-201.005026698E-03
-140.240000E-06,-201.005026698E-03
-140.232000E-06,-201.005026698E-03
-140.224000E-06,-201.005026698E-03
-140.216000E-06,-201.005026698E-03
-140.208000E-06,-201.005026698E-03
-140.200000E-06,-201.005026698E-03
-140.192000E-06,-201.005026698E-03
-140.184000E-06,-201.005026698E-03
-140.176000E-06,-201.005026698E-03
-140.168000E-06,-201.005026698E-03
-140.160000E-06,-201.005026698E-03
-140.152000E-06,-201.005026698E-03
-140.144000E-06,-201.005026698E-03
-140.136000E-06,-201.005026698E-03
-140.128000E-06,-201.005026698E-03
-140.120000E-06,-201.005026698E-03
-140.112000E-06,-201.005026698E-03
-140.104000E-06,-201.005026698E-03
-140.096000E-06,-2.803E-09
-140.088000E-06,-201.005023894E-03
-140.080000E-06,-201.005026698E-03
-140.072000E-06,-201.005026698E-03
-140.064000E-06,-2.804E-09
-140.056000E-06,-201.005023894E-03
-140.048000E-06,-201.005026698E-03
-140.040000E-06,-201.005026698E-03
-140.032000E-06,-201.005026698E-03
-140.024000E-06,-2.805E-09
-140.016000E-06,-201.005023892E-03
-140.008000E-06,-201.005026698E-03
-140.000000E-06,-201.005026698E-03
-139.992000E-06,-201.005026698E-03
-139.984000E-06,-201.005026698E-03
-139.976000E-06,-201.005026698E-03
-139.968000E-06,-201.005026698E-03
-139.960000E-06,-201.005026698E-03
-139.952000E-06,-201.005026698E-03
-139.944000E-06,-201.005026698E-03
-139.936000E-06,-201.005026698E-03
-139.928000E-06,-201.005026698E-03
-139.920000E-06,-201.005026698E-03
-139.912000E-06,-201.005026698E-03
-139.904000E-06,-201.005026698E-03
-139.896000E-06,-201.005026698E-03
-139.888000E-06,-2.809E-09
-139.880000E-06,-201.005023889E-03
-139.872000E-06,-201.005026698E-03
-139.864000E-06,-201.005026698E-03
-139.856000E-06,-201.005026698E-03
-139.848000E-06,-201.005026698E-03
-139.840000E-06,-201.005026698E-03
-139.832000E-06,-201.005026698E-03
-139.824000E-06,-201.005026698E-03
-139.816000E-06,-201.005026698E-03
-139.808000E-06,-201.005026698E-03
-139.800000E-06,-201.005026698E-03
-139.792000E-06,-201.005026698E-03
-139.784000E-06,-201.005026698E-03
-139.776000E-06,-201.005026698E-03
-139.768000E-06,-201.005026698E-03
-139.760000E-06,-201.005026698E-03
-139.752000E-06,-201.005026698E-03
-139.744000E-06,-201.005026698E-03
-139.736000E-06,-201.005026698E-03
-139.728000E-06,-201.005026698E-03
-139.720000E-06,-201.005026698E-03
-139.712000E-06,-201.005026698E-03
-139.704000E-06,-201.005026698E-03
-139.696000E-06,-402.010050581E-03
-139.688000E-06,-201.005029513E-03
-139.680000E-06,-201.005026698E-03
-139.672000E-06,-201.005026698E-03
-139.664000E-06,-201.005026698E-03
-139.656000E-06,-201.005026698E-03
-139.648000E-06,-201.005026698E-03
-139.640000E-06,-201.005026698E-03
-139.632000E-06,-201.005026698E-03
-139.624000E-06,-201.005026698E-03
-139.616000E-06,-201.005026698E-03
-139.608000E-06,-201.005026698E-03
-139.600000E-06,-201.005026698E-03
-139.592000E-06,-201.005026698E-03
-139.584000E-06,-201.005026698E-03
-139.576000E-06,-2.819E-09
-139.568000E-06,+0.0E+00
-139.560000E-06,+0.0E+00
-139.552000E-06,-201.005023878E-03
-139.544000E-06,-201.005026698E-03
-139.536000E-06,-2.820E-09
-139.528000E-06,-201.005023878E-03
-139.520000E-06,-201.005026698E-03
-139.512000E-06,-201.005026698E-03
-139.504000E-06,-201.005026698E-03
-139.496000E-06,-201.005026698E-03
-139.488000E-06,-201.005026698E-03
-139.480000E-06,-201.005026698E-03
-139.472000E-06,-201.005026698E-03
-139.464000E-06,-201.005026698E-03
-139.456000E-06,-2.823E-09
-139.448000E-06,-201.005023875E-03
-139.440000E-06,-201.005026698E-03
-139.432000E-06,-402.010050573E-03
-139.424000E-06,-201.005029521E-03
-139.416000E-06,-201.005026698E-03
-139.408000E-06,-201.005026698E-03
-139.400000E-06,-201.005026698E-03
-139.392000E-06,-201.005026698E-03
-139.384000E-06,-201.005026698E-03
-139.376000E-06,-201.005026698E-03
-139.368000E-06,-2.825E-09
-139.360000E-06,-201.005023873E-03
-139.352000E-06,-201.005026698E-03
-139.344000E-06,-201.005026698E-03
-139.336000E-06,-2.826E-09
-139.328000E-06,-201.005023872E-03
-139.320000E-06,-201.005026698E-03
-139.312000E-06,-201.005026698E-03
-139.304000E-06,-201.005026698E-03
-139.296000E-06,-201.005026698E-03
-139.288000E-06,-201.005026698E-03
-139.280000E-06,-201.005026698E-03
-139.272000E-06,-201.005026698E-03
-139.264000E-06,-201.005026698E-03
-139.256000E-06,-201.005026698E-03
-139.248000E-06,-201.005026698E-03
-139.240000E-06,-201.005026698E-03
-139.232000E-06,-201.005026698E-03
-139.224000E-06,-201.005026698E-03
-139.216000E-06,-402.010050566E-03
-139.208000E-06,-201.005029528E-03
-139.200000E-06,-201.005026698E-03
-139.192000E-06,-201.005026698E-03
-139.184000E-06,-201.005026698E-03
-139.176000E-06,-2.831E-09
-139.168000E-06,-201.005023867E-03
-139.160000E-06,-201.005026698E-03
-139.152000E-06,-201.005026698E-03
-139.144000E-06,-201.005026698E-03
-139.136000E-06,-201.005026698E-03
-139.128000E-06,-201.005026698E-03
-139.120000E-06,-201.005026698E-03
-139.112000E-06,-201.005026698E-03
-139.104000E-06,-402.010050563E-03
-139.096000E-06,-201.005029531E-03
-139.088000E-06,-2.834E-09
-139.080000E-06,-201.005023865E-03
-139.072000E-06,-2.834E-09
-139.064000E-06,-201.005023864E-03
-139.056000E-06,-201.005026698E-03
-139.048000E-06,-201.005026698E-03
-139.040000E-06,-201.005026698E-03
-139.032000E-06,-201.005026698E-03
-139.024000E-06,-201.005026698E-03
-139.016000E-06,-2.836E-09
-139.008000E-06,-201.005023862E-03
-139.000000E-06,-201.005026698E-03
-138.992000E-06,-201.005026698E-03
-138.984000E-06,-201.005026698E-03
-138.976000E-06,-201.005026698E-03
-138.968000E-06,-201.005026698E-03
-138.960000E-06,-201.005026698E-03
-138.952000E-06,-201.005026698E-03
-138.944000E-06,-201.005026698E-03
-138.936000E-06,-201.005026698E-03
-138.928000E-06,-201.005026698E-03
-138.920000E-06,-201.005026698E-03
-138.912000E-06,-201.005026698E-03
-138.904000E-06,-201.005026698E-03
-138.896000E-06,-201.005026698E-03
-138.888000E-06,-201.005026698E-03
-138.880000E-06,-201.005026698E-03
-138.872000E-06,-2.840E-09
-138.864000E-06,-201.005023858E-03
-138.856000E-06,-201.005026698E-03
-138.848000E-06,-201.005026698E-03
-138.840000E-06,-201.005026698E-03
-138.832000E-06,-201.005026698E-03
-138.824000E-06,-402.010050555E-03
-138.816000E-06,-201.005029540E-03
-138.808000E-06,-201.005026698E-03
-138.800000E-06,-2.842E-09
-138.792000E-06,-201.005023856E-03
-138.784000E-06,-201.005026698E-03
-138.776000E-06,-201.005026698E-03
-138.768000E-06,-201.005026698E-03
-138.760000E-06,-201.005026698E-03
-138.752000E-06,-201.005026698E-03
-138.744000E-06,-201.005026698E-03
-138.736000E-06,-201.005026698E-03
-138.728000E-06,-201.005026698E-03
-138.720000E-06,-201.005026698E-03
-138.712000E-06,-201.005026698E-03
-138.704000E-06,-402.010050551E-03
-138.696000E-06,-201.005029543E-03
-138.688000E-06,-201.005026698E-03
-138.680000E-06,-201.005026698E-03
-138.672000E-06,-201.005026698E-03
-138.664000E-06,-201.005026698E-03
-138.656000E-06,-201.005026698E-03
-138.648000E-06,-201.005026698E-03
-138.640000E-06,-201.005026698E-03
-138.632000E-06,-201.005026698E-03
-138.624000E-06,-201.005026698E-03
-138.616000E-06,-201.005026698E-03
-138.608000E-06,-201.005026698E-03
-138.600000E-06,-201.005026698E-03
-138.592000E-06,-402.010050548E-03
-138.584000E-06,-402.010053396E-03
-138.576000E-06,-201.005029547E-03
-138.568000E-06,-402.010050547E-03
-138.560000E-06,-201.005029547E-03
-138.552000E-06,-201.005026698E-03
-138.544000E-06,-201.005026698E-03
-138.536000E-06,-201.005026698E-03
-138.528000E-06,-201.005026698E-03
-138.520000E-06,-201.005026698E-03
-138.512000E-06,-201.005026698E-03
-138.504000E-06,-2.851E-09
-138.496000E-06,-201.005023847E-03
-138.488000E-06,-201.005026698E-03
-138.480000E-06,-201.005026698E-03
-138.472000E-06,-201.005026698E-03
-138.464000E-06,-201.005026698E-03
-138.456000E-06,-2.853E-09
-138.448000E-06,+0.0E+00
-138.440000E-06,-201.005023845E-03
-138.432000E-06,-201.005026698E-03
-138.424000E-06,-201.005026698E-03
-138.416000E-06,-201.005026698E-03
-138.408000E-06,-201.005026698E-03
-138.400000E-06,-201.005026698E-03
-138.392000E-06,-201.005026698E-03
-138.384000E-06,-201.005026698E-03
-138.376000E-06,-201.005026698E-03
-138.368000E-06,-201.005026698E-03
-138.360000E-06,-201.005026698E-03
-138.352000E-06,-201.005026698E-03
-138.344000E-06,-201.005026698E-03
-138.336000E-06,-201.005026698E-03
-138.328000E-06,-402.010050540E-03
-138.320000E-06,-201.005029554E-03
-138.312000E-06,-201.005026698E-03
-138.304000E-06,-201.005026698E-03
-138.296000E-06,-201.005026698E-03
-138.288000E-06,-201.005026698E-03
-138.280000E-06,-201.005026698E-03
-138.272000E-06,-201.005026698E-03
-138.264000E-06,-201.005026698E-03
-138.256000E-06,-201.005026698E-03
-138.248000E-06,-201.005026698E-03
-138.240000E-06,-201.005026698E-03
-138.232000E-06,-201.005026698E-03
-138.224000E-06,-201.005026698E-03
-138.216000E-06,-402.010050536E-03
-138.208000E-06,-201.005029558E-03
-138.200000E-06,-201.005026698E-03
-138.192000E-06,-201.005026698E-03
-138.184000E-06,-201.005026698E-03
-138.176000E-06,-201.005026698E-03
-138.168000E-06,-201.005026698E-03
-138.160000E-06,-201.005026698E-03
-138.152000E-06,-201.005026698E-03
-138.144000E-06,-201.005026698E-03
-138.136000E-06,-201.005026698E-03
-138.128000E-06,-201.005026698E-03
-138.120000E-06,-201.005026698E-03
-138.112000E-06,-201.005026698E-03
-138.104000E-06,-201.005026698E-03
-138.096000E-06,-201.005026698E-03
-138.088000E-06,-201.005026698E-03
-138.080000E-06,-201.005026698E-03
-138.072000E-06,-201.005026698E-03
-138.064000E-06,-2.864E-09
-138.056000E-06,-201.005023834E-03
-138.048000E-06,-201.005026698E-03
-138.040000E-06,-201.005026698E-03
-138.032000E-06,-201.005026698E-03
-138.024000E-06,-201.005026698E-03
-138.016000E-06,-201.005026698E-03
-138.008000E-06,-201.005026698E-03
-138.000000E-06,-402.010050530E-03
-137.992000E-06,-201.005029565E-03
-137.984000E-06,-201.005026698E-03
-137.976000E-06,-201.005026698E-03
-137.968000E-06,-201.005026698E-03
-137.960000E-06,-402.010050529E-03
-137.952000E-06,-201.005029565E-03
-137.944000E-06,-201.005026698E-03
-137.936000E-06,-201.005026698E-03
-137.928000E-06,-201.005026698E-03
-137.920000E-06,-201.005026698E-03
-137.912000E-06,-201.005026698E-03
-137.904000E-06,-201.005026698E-03
-137.896000E-06,-402.010050527E-03
-137.888000E-06,-201.005029568E-03
-137.880000E-06,-201.005026698E-03
-137.872000E-06,-201.005026698E-03
-137.864000E-06,-201.005026698E-03
-137.856000E-06,-201.005026698E-03
-137.848000E-06,-201.005026698E-03
-137.840000E-06,-201.005026698E-03
-137.832000E-06,-201.005026698E-03
-137.824000E-06,-201.005026698E-03
-137.816000E-06,-201.005026698E-03
-137.808000E-06,-402.010050525E-03
-137.800000E-06,-201.005029570E-03
-137.792000E-06,-201.005026698E-03
-137.784000E-06,-201.005026698E-03
-137.776000E-06,-201.005026698E-03
-137.768000E-06,-201.005026698E-03
-137.760000E-06,-201.005026698E-03
-137.752000E-06,-201.005026698E-03
-137.744000E-06,-201.005026698E-03
-137.736000E-06,-201.005026698E-03
-137.728000E-06,-201.005026698E-03
-137.720000E-06,-201.005026698E-03
-137.712000E-06,-201.005026698E-03
-137.704000E-06,-201.005026698E-03
-137.696000E-06,-201.005026698E-03
-137.688000E-06,-201.005026698E-03
-137.680000E-06,-201.005026698E-03
-137.672000E-06,-201.005026698E-03
-137.664000E-06,-201.005026698E-03
-137.656000E-06,-201.005026698E-03
-137.648000E-06,-201.005026698E-03
-137.640000E-06,-201.005026698E-03
-137.632000E-06,-201.005026698E-03
-137.624000E-06,-201.005026698E-03
-137.616000E-06,-201.005026698E-03
-137.608000E-06,-201.005026698E-03
-137.600000E-06,-201.005026698E-03
-137.592000E-06,-201.005026698E-03
-137.584000E-06,-201.005026698E-03
-137.576000E-06,-201.005026698E-03
-137.568000E-06,-201.005026698E-03
-137.560000E-06,-201.005026698E-03
-137.552000E-06,-201.005026698E-03
-137.544000E-06,-201.005026698E-03
-137.536000E-06,-201.005026698E-03
-137.528000E-06,-201.005026698E-03
-137.520000E-06,-201.005026698E-03
-137.512000E-06,-201.005026698E-03
-137.504000E-06,-201.005026698E-03
-137.496000E-06,-201.005026698E-03
-137.488000E-06,-201.005026698E-03
-137.480000E-06,-201.005026698E-03
-137.472000E-06,-201.005026698E-03
-137.464000E-06,-402.010050514E-03
-137.456000E-06,-201.005029581E-03
-137.448000E-06,-201.005026698E-03
-137.440000E-06,-201.005026698E-03
-137.432000E-06,-201.005026698E-03
-137.424000E-06,-201.005026698E-03
-137.416000E-06,-201.005026698E-03
-137.408000E-06,-201.005026698E-03
-137.400000E-06,-201.005026698E-03
-137.392000E-06,-201.005026698E-03
-137.384000E-06,-201.005026698E-03
-137.376000E-06,-201.005026698E-03
-137.368000E-06,-201.005026698E-03
-137.360000E-06,-201.005026698E-03
-137.352000E-06,-201.005026698E-03
-137.344000E-06,-201.005026698E-03
-137.336000E-06,-201.005026698E-03
-137.328000E-06,-201.005026698E-03
-137.320000E-06,-402.010050510E-03
-137.312000E-06,-201.005029585E-03
-137.304000E-06,-402.010050509E-03
-137.296000E-06,-201.005029585E-03
-137.288000E-06,-201.005026698E-03
-137.280000E-06,-201.005026698E-03
-137.272000E-06,-201.005026698E-03
-137.264000E-06,-201.005026698E-03
-137.256000E-06,-201.005026698E-03
-137.248000E-06,-201.005026698E-03
-137.240000E-06,-201.005026698E-03
-137.232000E-06,-201.005026698E-03
-137.224000E-06,-201.005026698E-03
-137.216000E-06,-2.890E-09
-137.208000E-06,-201.005023808E-03
-137.200000E-06,-201.005026698E-03
-137.192000E-06,-201.005026698E-03
-137.184000E-06,-201.005026698E-03
-137.176000E-06,-201.005026698E-03
-137.168000E-06,-201.005026698E-03
-137.160000E-06,-402.010050505E-03
-137.152000E-06,-201.005029589E-03
-137.144000E-06,-201.005026698E-03
-137.136000E-06,-201.005026698E-03
-137.128000E-06,-201.005026698E-03
-137.120000E-06,-402.010050503E-03
-137.112000E-06,-201.005029591E-03
-137.104000E-06,-201.005026698E-03
-137.096000E-06,-201.005026698E-03
-137.088000E-06,-201.005026698E-03
-137.080000E-06,-201.005026698E-03
-137.072000E-06,-201.005026698E-03
-137.064000E-06,-201.005026698E-03
-137.056000E-06,-201.005026698E-03
-137.048000E-06,-402.010050501E-03
-137.040000E-06,-201.005029593E-03
-137.032000E-06,-201.005026698E-03
-137.024000E-06,-201.005026698E-03
-137.016000E-06,-2.896E-09
-137.008000E-06,-201.005023802E-03
-137.000000E-06,-201.005026698E-03
-136.992000E-06,-201.005026698E-03
-136.984000E-06,-201.005026698E-03
-136.976000E-06,-201.005026698E-03
-136.968000E-06,-201.005026698E-03
-136.960000E-06,-402.010050499E-03
-136.952000E-06,-201.005029596E-03
-136.944000E-06,-402.010050498E-03
-136.936000E-06,-201.005029596E-03
-136.928000E-06,-201.005026698E-03
-136.920000E-06,-201.005026698E-03
-136.912000E-06,-201.005026698E-03
-136.904000E-06,-201.005026698E-03
-136.896000E-06,-201.005026698E-03
-136.888000E-06,-201.005026698E-03
-136.880000E-06,-201.005026698E-03
-136.872000E-06,-201.005026698E-03
-136.864000E-06,-201.005026698E-03
-136.856000E-06,-201.005026698E-03
-136.848000E-06,-201.005026698E-03
-136.840000E-06,-201.005026698E-03
-136.832000E-06,-201.005026698E-03
-136.824000E-06,-201.005026698E-03
-136.816000E-06,-201.005026698E-03
-136.808000E-06,-201.005026698E-03
-136.800000E-06,-201.005026698E-03
-136.792000E-06,-201.005026698E-03
-136.784000E-06,-201.005026698E-03
-136.776000E-06,-201.005026698E-03
-136.768000E-06,-201.005026698E-03
-136.760000E-06,-201.005026698E-03
-136.752000E-06,-201.005026698E-03
-136.744000E-06,-201.005026698E-03
-136.736000E-06,-201.005026698E-03
-136.728000E-06,-201.005026698E-03
-136.720000E-06,-201.005026698E-03
-136.712000E-06,-201.005026698E-03
-136.704000E-06,-201.005026698E-03
-136.696000E-06,-201.005026698E-03
-136.688000E-06,-201.005026698E-03
-136.680000E-06,-201.005026698E-03
-136.672000E-06,-201.005026698E-03
-136.664000E-06,-201.005026698E-03
-136.656000E-06,-201.005026698E-03
-136.648000E-06,-201.005026698E-03
-136.640000E-06,-402.010050489E-03
-136.632000E-06,-201.005029606E-03
-136.624000E-06,-201.005026698E-03
-136.616000E-06,-201.005026698E-03
-136.608000E-06,-402.010050488E-03
-136.600000E-06,-201.005029606E-03
-136.592000E-06,-201.005026698E-03
-136.584000E-06,-201.005026698E-03
-136.576000E-06,-201.005026698E-03
-136.568000E-06,-201.005026698E-03
-136.560000E-06,-201.005026698E-03
-136.552000E-06,-201.005026698E-03
-136.544000E-06,-201.005026698E-03
-136.536000E-06,-201.005026698E-03
-136.528000E-06,-201.005026698E-03
-136.520000E-06,-2.910E-09
-136.512000E-06,-201.005023787E-03
-136.504000E-06,-201.005026698E-03
-136.496000E-06,-201.005026698E-03
-136.488000E-06,-201.005026698E-03
-136.480000E-06,-201.005026698E-03
-136.472000E-06,-201.005026698E-03
-136.464000E-06,-201.005026698E-03
-136.456000E-06,-201.005026698E-03
-136.448000E-06,-201.005026698E-03
-136.440000E-06,-201.005026698E-03
-136.432000E-06,-201.005026698E-03
-136.424000E-06,-201.005026698E-03
-136.416000E-06,-201.005026698E-03
-136.408000E-06,-201.005026698E-03
-136.400000E-06,-201.005026698E-03
-136.392000E-06,-201.005026698E-03
-136.384000E-06,-201.005026698E-03
-136.376000E-06,-201.005026698E-03
-136.368000E-06,-201.005026698E-03
-136.360000E-06,-201.005026698E-03
-136.352000E-06,-201.005026698E-03
-136.344000E-06,-201.005026698E-03
-136.336000E-06,-201.005026698E-03
-136.328000E-06,-201.005026698E-03
-136.320000E-06,-201.005026698E-03
-136.312000E-06,-201.005026698E-03
-136.304000E-06,-201.005026698E-03
-136.296000E-06,-201.005026698E-03
-136.288000E-06,-201.005026698E-03
-136.280000E-06,-201.005026698E-03
-136.272000E-06,-201.005026698E-03
-136.264000E-06,-201.005026698E-03
-136.256000E-06,-201.005026698E-03
-136.248000E-06,-201.005026698E-03
-136.240000E-06,-201.005026698E-03
-136.232000E-06,-201.005026698E-03
-136.224000E-06,-201.005026698E-03
-136.216000E-06,-201.005026698E-03
-136.208000E-06,-201.005026698E-03
-136.200000E-06,-201.005026698E-03
-136.192000E-06,-201.005026698E-03
-136.184000E-06,-201.005026698E-03
-136.176000E-06,-402.010050476E-03
-136.168000E-06,-201.005029619E-03
-136.160000E-06,-201.005026698E-03
-136.152000E-06,-201.005026698E-03
-136.144000E-06,-201.005026698E-03
-136.136000E-06,-201.005026698E-03
-136.128000E-06,-201.005026698E-03
-136.120000E-06,-201.005026698E-03
-136.112000E-06,-402.010050473E-03
-136.104000E-06,-201.005029621E-03
-136.096000E-06,-201.005026698E-03
-136.088000E-06,-201.005026698E-03
-136.080000E-06,-201.005026698E-03
-136.072000E-06,-201.005026698E-03
-136.064000E-06,-402.010050472E-03
-136.056000E-06,-402.010053396E-03
-136.048000E-06,-201.005029623E-03
-136.040000E-06,-201.005026698E-03
-136.032000E-06,-402.010050471E-03
-136.024000E-06,-201.005029624E-03
-136.016000E-06,-201.005026698E-03
-136.008000E-06,-201.005026698E-03
-136.000000E-06,-402.010050470E-03
-135.992000E-06,-201.005029625E-03
-135.984000E-06,-201.005026698E-03
-135.976000E-06,-201.005026698E-03
-135.968000E-06,-201.005026698E-03
-135.960000E-06,-201.005026698E-03
-135.952000E-06,-201.005026698E-03
-135.944000E-06,-201.005026698E-03
-135.936000E-06,-201.005026698E-03
-135.928000E-06,-201.005026698E-03
-135.920000E-06,-201.005026698E-03
-135.912000E-06,-201.005026698E-03
-135.904000E-06,-402.010050467E-03
-135.896000E-06,-201.005029628E-03
-135.888000E-06,-201.005026698E-03
-135.880000E-06,-201.005026698E-03
-135.872000E-06,-201.005026698E-03
-135.864000E-06,-201.005026698E-03
-135.856000E-06,-201.005026698E-03
-135.848000E-06,-201.005026698E-03
-135.840000E-06,-201.005026698E-03
-135.832000E-06,-201.005026698E-03
-135.824000E-06,-402.010050465E-03
-135.816000E-06,-201.005029630E-03
-135.808000E-06,-201.005026698E-03
-135.800000E-06,-201.005026698E-03
-135.792000E-06,-201.005026698E-03
-135.784000E-06,-201.005026698E-03
-135.776000E-06,-402.010050463E-03
-135.768000E-06,-201.005029631E-03
-135.760000E-06,-201.005026698E-03
-135.752000E-06,-402.010050462E-03
-135.744000E-06,-201.005029632E-03
-135.736000E-06,-201.005026698E-03
-135.728000E-06,-201.005026698E-03
-135.720000E-06,-201.005026698E-03
-135.712000E-06,-201.005026698E-03
-135.704000E-06,-201.005026698E-03
-135.696000E-06,-201.005026698E-03
-135.688000E-06,-201.005026698E-03
-135.680000E-06,-201.005026698E-03
-135.672000E-06,-402.010050460E-03
-135.664000E-06,-201.005029634E-03
-135.656000E-06,-201.005026698E-03
-135.648000E-06,-402.010050460E-03
-135.640000E-06,-201.005029635E-03
-135.632000E-06,-201.005026698E-03
-135.624000E-06,-201.005026698E-03
-135.616000E-06,-201.005026698E-03
-135.608000E-06,-201.005026698E-03
-135.600000E-06,-201.005026698E-03
-135.592000E-06,-201.005026698E-03
-135.584000E-06,-201.005026698E-03
-135.576000E-06,-201.005026698E-03
-135.568000E-06,-201.005026698E-03
-135.560000E-06,-201.005026698E-03
-135.552000E-06,-402.010050457E-03
-135.544000E-06,-201.005029638E-03
-135.536000E-06,-402.010050456E-03
-135.528000E-06,-402.010053396E-03
-135.520000E-06,-402.010053396E-03
-135.512000E-06,-201.005029639E-03
-135.504000E-06,-201.005026698E-03
-135.496000E-06,-201.005026698E-03
-135.488000E-06,-201.005026698E-03
-135.480000E-06,-201.005026698E-03
-135.472000E-06,-201.005026698E-03
-135.464000E-06,-402.010050454E-03
-135.456000E-06,-201.005029641E-03
-135.448000E-06,-402.010050454E-03
-135.440000E-06,-201.005029641E-03
-135.432000E-06,-402.010050453E-03
-135.424000E-06,-201.005029641E-03
-135.416000E-06,-201.005026698E-03
-135.408000E-06,-201.005026698E-03
-135.400000E-06,-201.005026698E-03
-135.392000E-06,-201.005026698E-03
-135.384000E-06,-201.005026698E-03
-135.376000E-06,-201.005026698E-03
-135.368000E-06,-201.005026698E-03
-135.360000E-06,-201.005026698E-03
-135.352000E-06,-201.005026698E-03
-135.344000E-06,-201.005026698E-03
-135.336000E-06,-201.005026698E-03
-135.328000E-06,-201.005026698E-03
-135.320000E-06,-201.005026698E-03
-135.312000E-06,-201.005026698E-03
-135.304000E-06,-201.005026698E-03
-135.296000E-06,-201.005026698E-03
-135.288000E-06,-201.005026698E-03
-135.280000E-06,-201.005026698E-03
-135.272000E-06,-402.010050449E-03
-135.264000E-06,-201.005029647E-03
-135.256000E-06,-201.005026698E-03
-135.248000E-06,-201.005026698E-03
-135.240000E-06,-201.005026698E-03
-135.232000E-06,-201.005026698E-03
-135.224000E-06,-201.005026698E-03
-135.216000E-06,-402.010050446E-03
-135.208000E-06,-201.005029648E-03
-135.200000E-06,-201.005026698E-03
-135.192000E-06,-201.005026698E-03
-135.184000E-06,-201.005026698E-03
-135.176000E-06,-402.010050446E-03
-135.168000E-06,-201.005029649E-03
-135.160000E-06,-201.005026698E-03
-135.152000E-06,-201.005026698E-03
-135.144000E-06,-402.010050444E-03
-135.136000E-06,-201.005029650E-03
-135.128000E-06,-201.005026698E-03
-135.120000E-06,-201.005026698E-03
-135.112000E-06,-201.005026698E-03
-135.104000E-06,-201.005026698E-03
-135.096000E-06,-201.005026698E-03
-135.088000E-06,-201.005026698E-03
-135.080000E-06,-201.005026698E-03
-135.072000E-06,-201.005026698E-03
-135.064000E-06,-402.010050442E-03
-135.056000E-06,-201.005029652E-03
-135.048000E-06,-402.010050441E-03
-135.040000E-06,-201.005029653E-03
-135.032000E-06,-201.005026698E-03
-135.024000E-06,-201.005026698E-03
-135.016000E-06,-402.010050441E-03
-135.008000E-06,-201.005029654E-03
-135.000000E-06,-201.005026698E-03
-134.992000E-06,-402.010050440E-03
-134.984000E-06,-402.010053396E-03
-134.976000E-06,-201.005029655E-03
-134.968000E-06,-201.005026698E-03
-134.960000E-06,-201.005026698E-03
-134.952000E-06,-201.005026698E-03
-134.944000E-06,-201.005026698E-03
-134.936000E-06,-201.005026698E-03
-134.928000E-06,-201.005026698E-03
-134.920000E-06,-201.005026698E-03
-134.912000E-06,-201.005026698E-03
-134.904000E-06,-201.005026698E-03
-134.896000E-06,-201.005026698E-03
-134.888000E-06,-201.005026698E-03
-134.880000E-06,-201.005026698E-03
-134.872000E-06,-402.010050436E-03
-134.864000E-06,-201.005029658E-03
-134.856000E-06,-402.010050435E-03
-134.848000E-06,-201.005029659E-03
-134.840000E-06,-201.005026698E-03
-134.832000E-06,-201.005026698E-03
-134.824000E-06,-402.010050435E-03
-134.816000E-06,-201.005029660E-03
-134.808000E-06,-402.010050434E-03
-134.800000E-06,-201.005029660E-03
-134.792000E-06,-402.010050434E-03
-134.784000E-06,-201.005029661E-03
-134.776000E-06,-201.005026698E-03
-134.768000E-06,-201.005026698E-03
-134.760000E-06,-201.005026698E-03
-134.752000E-06,-201.005026698E-03
-134.744000E-06,-201.005026698E-03
-134.736000E-06,-402.010050432E-03
-134.728000E-06,-201.005029663E-03
-134.720000E-06,-201.005026698E-03
-134.712000E-06,-201.005026698E-03
-134.704000E-06,-201.005026698E-03
-134.696000E-06,-201.005026698E-03
-134.688000E-06,-402.010050431E-03
-134.680000E-06,-402.010053396E-03
-134.672000E-06,-402.010053396E-03
-134.664000E-06,-201.005029664E-03
-134.656000E-06,-201.005026698E-03
-134.648000E-06,-402.010050430E-03
-134.640000E-06,-201.005029665E-03
-134.632000E-06,-201.005026698E-03
-134.624000E-06,-201.005026698E-03
-134.616000E-06,-201.005026698E-03
-134.608000E-06,-402.010050428E-03
-134.600000E-06,-402.010053396E-03
-134.592000E-06,-201.005029666E-03
-134.584000E-06,-402.010050427E-03
-134.576000E-06,-402.010053396E-03
-134.568000E-06,-201.005029667E-03
-134.560000E-06,-402.010050427E-03
-134.552000E-06,-201.005029668E-03
-134.544000E-06,-201.005026698E-03
-134.536000E-06,-402.010050426E-03
-134.528000E-06,-402.010053396E-03
-134.520000E-06,-201.005029668E-03
-134.512000E-06,-201.005026698E-03
-134.504000E-06,-402.010050425E-03
-134.496000E-06,-201.005029669E-03
-134.488000E-06,-402.010050424E-03
-134.480000E-06,-402.010053396E-03
-134.472000E-06,-402.010053396E-03
-134.464000E-06,-402.010053396E-03
-134.456000E-06,-201.005029671E-03
-134.448000E-06,-402.010050424E-03
-134.440000E-06,-201.005029671E-03
-134.432000E-06,-201.005026698E-03
-134.424000E-06,-201.005026698E-03
-134.416000E-06,-201.005026698E-03
-134.408000E-06,-201.005026698E-03
-134.400000E-06,-402.010050422E-03
-134.392000E-06,-201.005029673E-03
-134.384000E-06,-402.010050421E-03
-134.376000E-06,-402.010053396E-03
-134.368000E-06,-201.005029674E-03
-134.360000E-06,-201.005026698E-03
-134.352000E-06,-201.005026698E-03
-134.344000E-06,-402.010050420E-03
-134.336000E-06,-402.010053396E-03
-134.328000E-06,-201.005029674E-03
-134.320000E-06,-402.010050419E-03
-134.312000E-06,-402.010053396E-03
-134.304000E-06,-201.005029675E-03
-134.296000E-06,-402.010050419E-03
-134.288000E-06,-402.010053396E-03
-134.280000E-06,-201.005029676E-03
-134.272000E-06,-201.005026698E-03
-134.264000E-06,-201.005026698E-03
-134.256000E-06,-402.010050418E-03
-134.248000E-06,-201.005029677E-03
-134.240000E-06,-201.005026698E-03
-134.232000E-06,-201.005026698E-03
-134.224000E-06,-201.005026698E-03
-134.216000E-06,-201.005026698E-03
-134.208000E-06,-402.010050416E-03
-134.200000E-06,-402.010053396E-03
-134.192000E-06,-402.010053396E-03
-134.184000E-06,-402.010053396E-03
-134.176000E-06,-201.005029679E-03
-134.168000E-06,-201.005026698E-03
-134.160000E-06,-201.005026698E-03
-134.152000E-06,-402.010050415E-03
-134.144000E-06,-402.010053396E-03
-134.136000E-06,-201.005029680E-03
-134.128000E-06,-201.005026698E-03
-134.120000E-06,-201.005026698E-03
-134.112000E-06,-201.005026698E-03
-134.104000E-06,-201.005026698E-03
-134.096000E-06,-201.005026698E-03
-134.088000E-06,-402.010050413E-03
-134.080000E-06,-402.010053396E-03
-134.072000E-06,-201.005029682E-03
-134.064000E-06,-201.005026698E-03
-134.056000E-06,-402.010050412E-03
-134.048000E-06,-201.005029683E-03
-134.040000E-06,-201.005026698E-03
-134.032000E-06,-402.010050411E-03
-134.024000E-06,-402.010053396E-03
-134.016000E-06,-402.010053396E-03
-134.008000E-06,-201.005029684E-03
-134.000000E-06,-402.010050410E-03
-133.992000E-06,-201.005029685E-03
-133.984000E-06,-201.005026698E-03
-133.976000E-06,-402.010050409E-03
-133.968000E-06,-201.005029685E-03
-133.960000E-06,-201.005026698E-03
-133.952000E-06,-201.005026698E-03
-133.944000E-06,-201.005026698E-03
-133.936000E-06,-402.010050408E-03
-133.928000E-06,-402.010053396E-03
-133.920000E-06,-201.005029687E-03
-133.912000E-06,-402.010050408E-03
-133.904000E-06,-201.005029687E-03
-133.896000E-06,-402.010050407E-03
-133.888000E-06,-201.005029687E-03
-133.880000E-06,-402.010050406E-03
-133.872000E-06,-402.010053396E-03
-133.864000E-06,-201.005029688E-03
-133.856000E-06,-201.005026698E-03
-133.848000E-06,-402.010050405E-03
-133.840000E-06,-402.010053396E-03
-133.832000E-06,-201.005029690E-03
-133.824000E-06,-402.010050405E-03
-133.816000E-06,-201.005029690E-03
-133.808000E-06,-402.010050404E-03
-133.800000E-06,-402.010053396E-03
-133.792000E-06,-201.005029690E-03
-133.784000E-06,-201.005026698E-03
-133.776000E-06,-201.005026698E-03
-133.768000E-06,-201.005026698E-03
-133.760000E-06,-201.005026698E-03
-133.752000E-06,-201.005026698E-03
-133.744000E-06,-201.005026698E-03
-133.736000E-06,-201.005026698E-03
-133.728000E-06,-201.005026698E-03
-133.720000E-06,-201.005026698E-03
-133.712000E-06,-402.010050401E-03
-133.704000E-06,-201.005029693E-03
-133.696000E-06,-402.010050401E-03
-133.688000E-06,-402.010053396E-03
-133.680000E-06,-201.005029694E-03
-133.672000E-06,-201.005026698E-03
-133.664000E-06,-402.010050400E-03
-133.656000E-06,-402.010053396E-03
-133.648000E-06,-402.010053396E-03
-133.640000E-06,-201.005029696E-03
-133.632000E-06,-201.005026698E-03
-133.624000E-06,-402.010050399E-03
-133.616000E-06,-402.010053396E-03
-133.608000E-06,-201.005029696E-03
-133.600000E-06,-201.005026698E-03
-133.592000E-06,-402.010050398E-03
-133.584000E-06,-201.005029697E-03
-133.576000E-06,-201.005026698E-03
-133.568000E-06,-402.010050397E-03
-133.560000E-06,-201.005029698E-03
-133.552000E-06,-402.010050397E-03
-133.544000E-06,-402.010053396E-03
-133.536000E-06,-402.010053396E-03
-133.528000E-06,-402.010053396E-03
-133.520000E-06,-201.005029698E-03
-133.512000E-06,-201.005026698E-03
-133.504000E-06,-201.005026698E-03
-133.496000E-06,-201.005026698E-03
-133.488000E-06,-201.005026698E-03
-133.480000E-06,-402.010050394E-03
-133.472000E-06,-402.010053396E-03
-133.464000E-06,-402.010053396E-03
-133.456000E-06,-201.005029701E-03
-133.448000E-06,-201.005026698E-03
-133.440000E-06,-402.010050393E-03
-133.432000E-06,-402.010053396E-03
-133.424000E-06,-201.005029701E-03
-133.416000E-06,-201.005026698E-03
-133.408000E-06,-402.010050392E-03
-133.400000E-06,-201.005029702E-03
-133.392000E-06,-201.005026698E-03
-133.384000E-06,-402.010050392E-03
-133.376000E-06,-402.010053396E-03
-133.368000E-06,-402.010053396E-03
-133.360000E-06,-402.010053396E-03
-133.352000E-06,-201.005029704E-03
-133.344000E-06,-402.010050390E-03
-133.336000E-06,-402.010053396E-03
-133.328000E-06,-201.005029704E-03
-133.320000E-06,-402.010050389E-03
-133.312000E-06,-402.010053396E-03
-133.304000E-06,-201.005029705E-03
-133.296000E-06,-402.010050389E-03
-133.288000E-06,-201.005029706E-03
-133.280000E-06,-402.010050389E-03
-133.272000E-06,-201.005029706E-03
-133.264000E-06,-402.010050388E-03
-133.256000E-06,-201.005029706E-03
-133.248000E-06,-201.005026698E-03
-133.240000E-06,-201.005026698E-03
-133.232000E-06,-402.010050387E-03
-133.224000E-06,-402.010053396E-03
-133.216000E-06,-201.005029708E-03
-133.208000E-06,-402.010050386E-03
-133.200000E-06,-402.010053396E-03
-133.192000E-06,-402.010053396E-03
-133.184000E-06,-402.010053396E-03
-133.176000E-06,-402.010053396E-03
-133.168000E-06,-201.005029709E-03
-133.160000E-06,-402.010050385E-03
-133.152000E-06,-402.010053396E-03
-133.144000E-06,-402.010053396E-03
-133.136000E-06,-402.010053396E-03
-133.128000E-06,-402.010053396E-03
-133.120000E-06,-402.010053396E-03
-133.112000E-06,-402.010053396E-03
-133.104000E-06,-402.010053396E-03
-133.096000E-06,-201.005029712E-03
-133.088000E-06,-402.010050383E-03
-133.080000E-06,-402.010053396E-03
-133.072000E-06,-201.005029712E-03
-133.064000E-06,-402.010050382E-03
-133.056000E-06,-201.005029713E-03
-133.048000E-06,-402.010050381E-03
-133.040000E-06,-402.010053396E-03
-133.032000E-06,-201.005029713E-03
-133.024000E-06,-402.010050381E-03
-133.016000E-06,-402.010053396E-03
-133.008000E-06,-402.010053396E-03
-133.000000E-06,-402.010053396E-03
-132.992000E-06,-201.005029715E-03
-132.984000E-06,-201.005026698E-03
-132.976000E-06,-402.010050379E-03
-132.968000E-06,-402.010053396E-03
-132.960000E-06,-201.005029715E-03
-132.952000E-06,-201.005026698E-03
-132.944000E-06,-402.010050378E-03
-132.936000E-06,-402.010053396E-03
-132.928000E-06,-201.005029717E-03
-132.920000E-06,-402.010050378E-03
-132.912000E-06,-201.005029717E-03
-132.904000E-06,-201.005026698E-03
-132.896000E-06,-402.010050377E-03
-132.888000E-06,-402.010053396E-03
-132.880000E-06,-402.010053396E-03
-132.872000E-06,-201.005029718E-03
-132.864000E-06,-201.005026698E-03
-132.856000E-06,-402.010050375E-03
-132.848000E-06,-201.005029719E-03
-132.840000E-06,-402.010050375E-03
-132.832000E-06,-402.010053396E-03
-132.824000E-06,-402.010053396E-03
-132.816000E-06,-201.005029720E-03
-132.808000E-06,-402.010050374E-03
-132.800000E-06,-201.005029720E-03
-132.792000E-06,-402.010050374E-03
-132.784000E-06,-201.005029721E-03
-132.776000E-06,-402.010050373E-03
-132.768000E-06,-201.005029721E-03
-132.760000E-06,-402.010050372E-03
-132.752000E-06,-402.010053396E-03
-132.744000E-06,-402.010053396E-03
-132.736000E-06,-402.010053396E-03
-132.728000E-06,-402.010053396E-03
-132.720000E-06,-402.010053396E-03
-132.712000E-06,-402.010053396E-03
-132.704000E-06,-402.010053396E-03
-132.696000E-06,-402.010053396E-03
-132.688000E-06,-201.005029724E-03
-132.680000E-06,-201.005026698E-03
-132.672000E-06,-402.010050370E-03
-132.664000E-06,-402.010053396E-03
-132.656000E-06,-402.010053396E-03
-132.648000E-06,-201.005029725E-03
-132.640000E-06,-402.010050369E-03
-132.632000E-06,-402.010053396E-03
-132.624000E-06,-402.010053396E-03
-132.616000E-06,-402.010053396E-03
-132.608000E-06,-402.010053396E-03
-132.600000E-06,-402.010053396E-03
-132.592000E-06,-402.010053396E-03
-132.584000E-06,-201.005029727E-03
-132.576000E-06,-402.010050367E-03
-132.568000E-06,-402.010053396E-03
-132.560000E-06,-402.010053396E-03
-132.552000E-06,-201.005029728E-03
-132.544000E-06,-402.010050366E-03
-132.536000E-06,-402.010053396E-03
-132.528000E-06,-603.015077064E-03
-132.520000E-06,-402.010056427E-03
-132.512000E-06,-402.010053396E-03
-132.504000E-06,-402.010053396E-03
-132.496000E-06,-402.010053396E-03
-132.488000E-06,-402.010053396E-03
-132.480000E-06,-402.010053396E-03
-132.472000E-06,-201.005029730E-03
-132.464000E-06,-201.005026698E-03
-132.456000E-06,-201.005026698E-03
-132.448000E-06,-402.010050364E-03
-132.440000E-06,-402.010053396E-03
-132.432000E-06,-402.010053396E-03
-132.424000E-06,-402.010053396E-03
-132.416000E-06,-402.010053396E-03
-132.408000E-06,-402.010053396E-03
-132.400000E-06,-201.005029732E-03
-132.392000E-06,-201.005026698E-03
-132.384000E-06,-402.010050362E-03
-132.376000E-06,-201.005029733E-03
-132.368000E-06,-402.010050361E-03
-132.360000E-06,-402.010053396E-03
-132.352000E-06,-201.005029734E-03
-132.344000E-06,-402.010050360E-03
-132.336000E-06,-603.015077058E-03
-132.328000E-06,-402.010056432E-03
-132.320000E-06,-201.005029735E-03
-132.312000E-06,-402.010050359E-03
-132.304000E-06,-402.010053396E-03
-132.296000E-06,-402.010053396E-03
-132.288000E-06,-201.005029736E-03
-132.280000E-06,-402.010050359E-03
-132.272000E-06,-402.010053396E-03
-132.264000E-06,-402.010053396E-03
-132.256000E-06,-402.010053396E-03
-132.248000E-06,-201.005029737E-03
-132.240000E-06,-402.010050357E-03
-132.232000E-06,-201.005029737E-03
-132.224000E-06,-201.005026698E-03
-132.216000E-06,-402.010050356E-03
-132.208000E-06,-402.010053396E-03
-132.200000E-06,-201.005029739E-03
-132.192000E-06,-402.010050356E-03
-132.184000E-06,-402.010053396E-03
-132.176000E-06,-402.010053396E-03
-132.168000E-06,-402.010053396E-03
-132.160000E-06,-201.005029739E-03
-132.152000E-06,-402.010050354E-03
-132.144000E-06,-402.010053396E-03
-132.136000E-06,-201.005029740E-03
-132.128000E-06,-201.005026698E-03
-132.120000E-06,-402.010050353E-03
-132.112000E-06,-201.005029741E-03
-132.104000E-06,-201.005026698E-03
-132.096000E-06,-402.010050353E-03
-132.088000E-06,-201.005029742E-03
-132.080000E-06,-402.010050352E-03
-132.072000E-06,-402.010053396E-03
-132.064000E-06,-402.010053396E-03
-132.056000E-06,-201.005029743E-03
-132.048000E-06,-402.010050351E-03
-132.040000E-06,-402.010053396E-03
-132.032000E-06,-402.010053396E-03
-132.024000E-06,-402.010053396E-03
-132.016000E-06,-402.010053396E-03
-132.008000E-06,-402.010053396E-03
-132.000000E-06,-402.010053396E-03
-131.992000E-06,-402.010053396E-03
-131.984000E-06,-201.005029745E-03
-131.976000E-06,-402.010050349E-03
-131.968000E-06,-402.010053396E-03
-131.960000E-06,-402.010053396E-03
-131.952000E-06,-402.010053396E-03
-131.944000E-06,-402.010053396E-03
-131.936000E-06,-402.010053396E-03
-131.928000E-06,-402.010053396E-03
-131.920000E-06,-603.015077046E-03
-131.912000E-06,-402.010056445E-03
-131.904000E-06,-201.005029747E-03
-131.896000E-06,-402.010050347E-03
-131.888000E-06,-402.010053396E-03
-131.880000E-06,-402.010053396E-03
-131.872000E-06,-603.015077044E-03
-131.864000E-06,-402.010056446E-03
-131.856000E-06,-402.010053396E-03
-131.848000E-06,-402.010053396E-03
-131.840000E-06,-402.010053396E-03
-131.832000E-06,-402.010053396E-03
-131.824000E-06,-402.010053396E-03
-131.816000E-06,-402.010053396E-03
-131.808000E-06,-402.010053396E-03
-131.800000E-06,-402.010053396E-03
-131.792000E-06,-402.010053396E-03
-131.784000E-06,-402.010053396E-03
-131.776000E-06,-201.005029751E-03
-131.768000E-06,-402.010050343E-03
-131.760000E-06,-201.005029752E-03
-131.752000E-06,-201.005026698E-03
-131.744000E-06,-402.010050343E-03
-131.736000E-06,-402.010053396E-03
-131.728000E-06,-402.010053396E-03
-131.720000E-06,-402.010053396E-03
-131.712000E-06,-402.010053396E-03
-131.704000E-06,-402.010053396E-03
-131.696000E-06,-402.010053396E-03
-131.688000E-06,-201.005029754E-03
-131.680000E-06,-402.010050340E-03
-131.672000E-06,-201.005029754E-03
-131.664000E-06,-402.010050340E-03
-131.656000E-06,-402.010053396E-03
-131.648000E-06,-201.005029755E-03
-131.640000E-06,-402.010050339E-03
-131.632000E-06,-402.010053396E-03
-131.624000E-06,-402.010053396E-03
-131.616000E-06,-201.005029756E-03
-131.608000E-06,-402.010050338E-03
-131.600000E-06,-402.010053396E-03
-131.592000E-06,-402.010053396E-03
-131.584000E-06,-402.010053396E-03
-131.576000E-06,-402.010053396E-03
-131.568000E-06,-402.010053396E-03
-131.560000E-06,-402.010053396E-03
-131.552000E-06,-402.010053396E-03
-131.544000E-06,-402.010053396E-03
-131.536000E-06,-402.010053396E-03
-131.528000E-06,-201.005029758E-03
-131.520000E-06,-201.005026698E-03
-131.512000E-06,-402.010050335E-03
-131.504000E-06,-402.010053396E-03
-131.496000E-06,-402.010053396E-03
-131.488000E-06,-402.010053396E-03
-131.480000E-06,-201.005029760E-03
-131.472000E-06,-402.010050334E-03
-131.464000E-06,-402.010053396E-03
-131.456000E-06,-201.005029761E-03
-131.448000E-06,-402.010050333E-03
-131.440000E-06,-402.010053396E-03
-131.432000E-06,-402.010053396E-03
-131.424000E-06,-402.010053396E-03
-131.416000E-06,-402.010053396E-03
-131.408000E-06,-402.010053396E-03
-131.400000E-06,-402.010053396E-03
-131.392000E-06,-402.010053396E-03
-131.384000E-06,-201.005029763E-03
-131.376000E-06,-402.010050331E-03
-131.368000E-06,-402.010053396E-03
-131.360000E-06,-402.010053396E-03
-131.352000E-06,-402.010053396E-03
-131.344000E-06,-402.010053396E-03
-131.336000E-06,-402.010053396E-03
-131.328000E-06,-201.005029764E-03
-131.320000E-06,-402.010050329E-03
-131.312000E-06,-201.005029765E-03
-131.304000E-06,-201.005026698E-03
-131.296000E-06,-402.010050329E-03
-131.288000E-06,-201.005029766E-03
-131.280000E-06,-402.010050329E-03
-131.272000E-06,-201.005029766E-03
-131.264000E-06,-402.010050328E-03
-131.256000E-06,-201.005029766E-03
-131.248000E-06,-402.010050327E-03
-131.240000E-06,-402.010053396E-03
-131.232000E-06,-402.010053396E-03
-131.224000E-06,-402.010053396E-03
-131.216000E-06,-201.005029768E-03
-131.208000E-06,-402.010050326E-03
-131.200000E-06,-402.010053396E-03
-131.192000E-06,-402.010053396E-03
-131.184000E-06,-402.010053396E-03
-131.176000E-06,-402.010053396E-03
-131.168000E-06,-402.010053396E-03
-131.160000E-06,-201.005029769E-03
-131.152000E-06,-402.010050324E-03
-131.144000E-06,-402.010053396E-03
-131.136000E-06,-402.010053396E-03
-131.128000E-06,-402.010053396E-03
-131.120000E-06,-402.010053396E-03
-131.112000E-06,-402.010053396E-03
-131.104000E-06,-402.010053396E-03
-131.096000E-06,-402.010053396E-03
-131.088000E-06,-402.010053396E-03
-131.080000E-06,-201.005029772E-03
-131.072000E-06,-402.010050322E-03
-131.064000E-06,-402.010053396E-03
-131.056000E-06,-402.010053396E-03
-131.048000E-06,-402.010053396E-03
-131.040000E-06,-402.010053396E-03
-131.032000E-06,-402.010053396E-03
-131.024000E-06,-402.010053396E-03
-131.016000E-06,-402.010053396E-03
-131.008000E-06,-402.010053396E-03
-131.000000E-06,-402.010053396E-03
-130.992000E-06,-402.010053396E-03
-130.984000E-06,-402.010053396E-03
-130.976000E-06,-402.010053396E-03
-130.968000E-06,-402.010053396E-03
-130.960000E-06,-402.010053396E-03
-130.952000E-06,-402.010053396E-03
-130.944000E-06,-402.010053396E-03
-130.936000E-06,-402.010053396E-03
-130.928000E-06,-402.010053396E-03
-130.920000E-06,-402.010053396E-03
-130.912000E-06,-402.010053396E-03
-130.904000E-06,-201.005029777E-03
-130.896000E-06,-402.010050317E-03
-130.888000E-06,-402.010053396E-03
-130.880000E-06,-402.010053396E-03
-130.872000E-06,-402.010053396E-03
-130.864000E-06,-402.010053396E-03
-130.856000E-06,-402.010053396E-03
-130.848000E-06,-402.010053396E-03
-130.840000E-06,-201.005029779E-03
-130.832000E-06,-402.010050315E-03
-130.824000E-06,-402.010053396E-03
-130.816000E-06,-402.010053396E-03
-130.808000E-06,-402.010053396E-03
-130.800000E-06,-402.010053396E-03
-130.792000E-06,-402.010053396E-03
-130.784000E-06,-201.005029781E-03
-130.776000E-06,-402.010050313E-03
-130.768000E-06,-402.010053396E-03
-130.760000E-06,-201.005029782E-03
-130.752000E-06,-402.010050313E-03
-130.744000E-06,-402.010053396E-03
-130.736000E-06,-402.010053396E-03
-130.728000E-06,-402.010053396E-03
-130.720000E-06,-402.010053396E-03
-130.712000E-06,-402.010053396E-03
-130.704000E-06,-402.010053396E-03
-130.696000E-06,-402.010053396E-03
-130.688000E-06,-402.010053396E-03
-130.680000E-06,-201.005029784E-03
-130.672000E-06,-402.010050310E-03
-130.664000E-06,-402.010053396E-03
-130.656000E-06,-402.010053396E-03
-130.648000E-06,-402.010053396E-03
-130.640000E-06,-201.005029785E-03
-130.632000E-06,-402.010050309E-03
-130.624000E-06,-402.010053396E-03
-130.616000E-06,-402.010053396E-03
-130.608000E-06,-402.010053396E-03
-130.600000E-06,-402.010053396E-03
-130.592000E-06,-402.010053396E-03
-130.584000E-06,-402.010053396E-03
-130.576000E-06,-402.010053396E-03
-130.568000E-06,-402.010053396E-03
-130.560000E-06,-402.010053396E-03
-130.552000E-06,-402.010053396E-03
-130.544000E-06,-402.010053396E-03
-130.536000E-06,-402.010053396E-03
-130.528000E-06,-402.010053396E-03
-130.520000E-06,-402.010053396E-03
-130.512000E-06,-402.010053396E-03
-130.504000E-06,-402.010053396E-03
-130.496000E-06,-402.010053396E-03
-130.488000E-06,-402.010053396E-03
-130.480000E-06,-402.010053396E-03
-130.472000E-06,-402.010053396E-03
-130.464000E-06,-402.010053396E-03
-130.456000E-06,-402.010053396E-03
-130.448000E-06,-402.010053396E-03
-130.440000E-06,-402.010053396E-03
-130.432000E-06,-402.010053396E-03
-130.424000E-06,-402.010053396E-03
-130.416000E-06,-201.005029792E-03
-130.408000E-06,-402.010050302E-03
-130.400000E-06,-402.010053396E-03
-130.392000E-06,-402.010053396E-03
-130.384000E-06,-402.010053396E-03
-130.376000E-06,-402.010053396E-03
-130.368000E-06,-402.010053396E-03
-130.360000E-06,-402.010053396E-03
-130.352000E-06,-402.010053396E-03
-130.344000E-06,-402.010053396E-03
-130.336000E-06,-402.010053396E-03
-130.328000E-06,-402.010053396E-03
-130.320000E-06,-402.010053396E-03
-130.312000E-06,-402.010053396E-03
-130.304000E-06,-402.010053396E-03
-130.296000E-06,-402.010053396E-03
-130.288000E-06,-402.010053396E-03
-130.280000E-06,-402.010053396E-03
-130.272000E-06,-402.010053396E-03
-130.264000E-06,-402.010053396E-03
-130.256000E-06,-402.010053396E-03
-130.248000E-06,-402.010053396E-03
-130.240000E-06,-201.005029797E-03
-130.232000E-06,-402.010050297E-03
-130.224000E-06,-402.010053396E-03
-130.216000E-06,-402.010053396E-03
-130.208000E-06,-402.010053396E-03
-130.200000E-06,-402.010053396E-03
-130.192000E-06,-402.010053396E-03
-130.184000E-06,-402.010053396E-03
-130.176000E-06,-402.010053396E-03
-130.168000E-06,-402.010053396E-03
-130.160000E-06,-402.010053396E-03
-130.152000E-06,-402.010053396E-03
-130.144000E-06,-402.010053396E-03
-130.136000E-06,-402.010053396E-03
-130.128000E-06,-402.010053396E-03
-130.120000E-06,-402.010053396E-03
-130.112000E-06,-402.010053396E-03
-130.104000E-06,-402.010053396E-03
-130.096000E-06,-402.010053396E-03
-130.088000E-06,-402.010053396E-03
-130.080000E-06,-201.005029802E-03
-130.072000E-06,-201.005026698E-03
-130.064000E-06,-402.010050292E-03
-130.056000E-06,-402.010053396E-03
-130.048000E-06,-402.010053396E-03
-130.040000E-06,-402.010053396E-03
-130.032000E-06,-402.010053396E-03
-130.024000E-06,-402.010053396E-03
-130.016000E-06,-402.010053396E-03
-130.008000E-06,-402.010053396E-03
-130.000000E-06,-402.010053396E-03
-129.992000E-06,-402.010053396E-03
-129.984000E-06,-402.010053396E-03
-129.976000E-06,-402.010053396E-03
-129.968000E-06,-402.010053396E-03
-129.960000E-06,-402.010053396E-03
-129.952000E-06,-402.010053396E-03
-129.944000E-06,-402.010053396E-03
-129.936000E-06,-402.010053396E-03
-129.928000E-06,-402.010053396E-03
-129.920000E-06,-402.010053396E-03
-129.912000E-06,-402.010053396E-03
-129.904000E-06,-402.010053396E-03
-129.896000E-06,-402.010053396E-03
-129.888000E-06,-402.010053396E-03
-129.880000E-06,-402.010053396E-03
-129.872000E-06,-402.010053396E-03
-129.864000E-06,-402.010053396E-03
-129.856000E-06,-402.010053396E-03
-129.848000E-06,-402.010053396E-03
-129.840000E-06,-402.010053396E-03
-129.832000E-06,-402.010053396E-03
-129.824000E-06,-402.010053396E-03
-129.816000E-06,-402.010053396E-03
-129.808000E-06,-402.010053396E-03
-129.800000E-06,-402.010053396E-03
-129.792000E-06,-402.010053396E-03
-129.784000E-06,-402.010053396E-03
-129.776000E-06,-402.010053396E-03
-129.768000E-06,-402.010053396E-03
-129.760000E-06,-402.010053396E-03
-129.752000E-06,-402.010053396E-03
-129.744000E-06,-402.010053396E-03
-129.736000E-06,-402.010053396E-03
-129.728000E-06,-402.010053396E-03
-129.720000E-06,-402.010053396E-03
-129.712000E-06,-402.010053396E-03
-129.704000E-06,-402.010053396E-03
-129.696000E-06,-603.015076979E-03
-129.688000E-06,-402.010056512E-03
-129.680000E-06,-402.010053396E-03
-129.672000E-06,-402.010053396E-03
-129.664000E-06,-402.010053396E-03
-129.656000E-06,-402.010053396E-03
-129.648000E-06,-402.010053396E-03
-129.640000E-06,-402.010053396E-03
-129.632000E-06,-402.010053396E-03
-129.624000E-06,-402.010053396E-03
-129.616000E-06,-402.010053396E-03
-129.608000E-06,-402.010053396E-03
-129.600000E-06,-402.010053396E-03
-129.592000E-06,-402.010053396E-03
-129.584000E-06,-402.010053396E-03
-129.576000E-06,-402.010053396E-03
-129.568000E-06,-402.010053396E-03
-129.560000E-06,-402.010053396E-03
-129.552000E-06,-402.010053396E-03
-129.544000E-06,-402.010053396E-03
-129.536000E-06,-402.010053396E-03
-129.528000E-06,-402.010053396E-03
-129.520000E-06,-402.010053396E-03
-129.512000E-06,-201.005029819E-03
-129.504000E-06,-402.010050275E-03
-129.496000E-06,-402.010053396E-03
-129.488000E-06,-402.010053396E-03
-129.480000E-06,-402.010053396E-03
-129.472000E-06,-402.010053396E-03
-129.464000E-06,-402.010053396E-03
-129.456000E-06,-603.015076972E-03
-129.448000E-06,-402.010056519E-03
-129.440000E-06,-402.010053396E-03
-129.432000E-06,-402.010053396E-03
-129.424000E-06,-402.010053396E-03
-129.416000E-06,-402.010053396E-03
-129.408000E-06,-402.010053396E-03
-129.400000E-06,-402.010053396E-03
-129.392000E-06,-603.015076970E-03
-129.384000E-06,-402.010056521E-03
-129.376000E-06,-402.010053396E-03
-129.368000E-06,-402.010053396E-03
-129.360000E-06,-402.010053396E-03
-129.352000E-06,-402.010053396E-03
-129.344000E-06,-201.005029824E-03
-129.336000E-06,-402.010050270E-03
-129.328000E-06,-402.010053396E-03
-129.320000E-06,-402.010053396E-03
-129.312000E-06,-402.010053396E-03
-129.304000E-06,-402.010053396E-03
-129.296000E-06,-402.010053396E-03
-129.288000E-06,-402.010053396E-03
-129.280000E-06,-402.010053396E-03
-129.272000E-06,-402.010053396E-03
-129.264000E-06,-402.010053396E-03
-129.256000E-06,-603.015076966E-03
-129.248000E-06,-201.005032956E-03
-129.240000E-06,-402.010050267E-03
-129.232000E-06,-402.010053396E-03
-129.224000E-06,-402.010053396E-03
-129.216000E-06,-402.010053396E-03
-129.208000E-06,-402.010053396E-03
-129.200000E-06,-402.010053396E-03
-129.192000E-06,-201.005029829E-03
-129.184000E-06,-402.010050265E-03
-129.176000E-06,-201.005029829E-03
-129.168000E-06,-201.005026698E-03
-129.160000E-06,-402.010050265E-03
-129.152000E-06,-402.010053396E-03
-129.144000E-06,-402.010053396E-03
-129.136000E-06,-402.010053396E-03
-129.128000E-06,-402.010053396E-03
-129.120000E-06,-402.010053396E-03
-129.112000E-06,-402.010053396E-03
-129.104000E-06,-402.010053396E-03
-129.096000E-06,-201.005029832E-03
-129.088000E-06,-402.010050262E-03
-129.080000E-06,-402.010053396E-03
-129.072000E-06,-402.010053396E-03
-129.064000E-06,-402.010053396E-03
-129.056000E-06,-201.005029833E-03
-129.048000E-06,-201.005026698E-03
-129.040000E-06,-402.010050261E-03
-129.032000E-06,-402.010053396E-03
-129.024000E-06,-402.010053396E-03
-129.016000E-06,-402.010053396E-03
-129.008000E-06,-402.010053396E-03
-129.000000E-06,-402.010053396E-03
-128.992000E-06,-402.010053396E-03
-128.984000E-06,-201.005029835E-03
-128.976000E-06,-402.010050259E-03
-128.968000E-06,-402.010053396E-03
-128.960000E-06,-402.010053396E-03
-128.952000E-06,-402.010053396E-03
-128.944000E-06,-402.010053396E-03
-128.936000E-06,-402.010053396E-03
-128.928000E-06,-402.010053396E-03
-128.920000E-06,-402.010053396E-03
-128.912000E-06,-402.010053396E-03
-128.904000E-06,-402.010053396E-03
-128.896000E-06,-402.010053396E-03
-128.888000E-06,-201.005029838E-03
-128.880000E-06,-402.010050256E-03
-128.872000E-06,-402.010053396E-03
-128.864000E-06,-402.010053396E-03
-128.856000E-06,-402.010053396E-03
-128.848000E-06,-402.010053396E-03
-128.840000E-06,-402.010053396E-03
-128.832000E-06,-402.010053396E-03
-128.824000E-06,-402.010053396E-03
-128.816000E-06,-402.010053396E-03
-128.808000E-06,-201.005029840E-03
-128.800000E-06,-402.010050254E-03
-128.792000E-06,-402.010053396E-03
-128.784000E-06,-402.010053396E-03
-128.776000E-06,-402.010053396E-03
-128.768000E-06,-402.010053396E-03
-128.760000E-06,-402.010053396E-03
-128.752000E-06,-402.010053396E-03
-128.744000E-06,-402.010053396E-03
-128.736000E-06,-402.010053396E-03
-128.728000E-06,-603.015076950E-03
-128.720000E-06,-402.010056541E-03
-128.712000E-06,-402.010053396E-03
-128.704000E-06,-402.010053396E-03
-128.696000E-06,-402.010053396E-03
-128.688000E-06,-402.010053396E-03
-128.680000E-06,-402.010053396E-03
-128.672000E-06,-402.010053396E-03
-128.664000E-06,-402.010053396E-03
-128.656000E-06,-402.010053396E-03
-128.648000E-06,-603.015076947E-03
-128.640000E-06,-402.010056544E-03
-128.632000E-06,-402.010053396E-03
-128.624000E-06,-402.010053396E-03
-128.616000E-06,-402.010053396E-03
-128.608000E-06,-402.010053396E-03
-128.600000E-06,-402.010053396E-03
-128.592000E-06,-402.010053396E-03
-128.584000E-06,-402.010053396E-03
-128.576000E-06,-402.010053396E-03
-128.568000E-06,-402.010053396E-03
-128.560000E-06,-402.010053396E-03
-128.552000E-06,-402.010053396E-03
-128.544000E-06,-402.010053396E-03
-128.536000E-06,-402.010053396E-03
-128.528000E-06,-402.010053396E-03
-128.520000E-06,-402.010053396E-03
-128.512000E-06,-402.010053396E-03
-128.504000E-06,-402.010053396E-03
-128.496000E-06,-402.010053396E-03
-128.488000E-06,-402.010053396E-03
-128.480000E-06,-603.015076942E-03
-128.472000E-06,-402.010056549E-03
-128.464000E-06,-402.010053396E-03
-128.456000E-06,-402.010053396E-03
-128.448000E-06,-402.010053396E-03
-128.440000E-06,-402.010053396E-03
-128.432000E-06,-201.005029852E-03
-128.424000E-06,-402.010050243E-03
-128.416000E-06,-402.010053396E-03
-128.408000E-06,-402.010053396E-03
-128.400000E-06,-603.015076940E-03
-128.392000E-06,-402.010056551E-03
-128.384000E-06,-402.010053396E-03
-128.376000E-06,-402.010053396E-03
-128.368000E-06,-402.010053396E-03
-128.360000E-06,-402.010053396E-03
-128.352000E-06,-402.010053396E-03
-128.344000E-06,-402.010053396E-03
-128.336000E-06,-402.010053396E-03
-128.328000E-06,-402.010053396E-03
-128.320000E-06,-402.010053396E-03
-128.312000E-06,-402.010053396E-03
-128.304000E-06,-402.010053396E-03
-128.296000E-06,-402.010053396E-03
-128.288000E-06,-402.010053396E-03
-128.280000E-06,-402.010053396E-03
-128.272000E-06,-402.010053396E-03
-128.264000E-06,-402.010053396E-03
-128.256000E-06,-402.010053396E-03
-128.248000E-06,-402.010053396E-03
-128.240000E-06,-402.010053396E-03
-128.232000E-06,-402.010053396E-03
-128.224000E-06,-402.010053396E-03
-128.216000E-06,-402.010053396E-03
-128.208000E-06,-402.010053396E-03
-128.200000E-06,-402.010053396E-03
-128.192000E-06,-402.010053396E-03
-128.184000E-06,-402.010053396E-03
-128.176000E-06,-402.010053396E-03
-128.168000E-06,-201.005029860E-03
-128.160000E-06,-402.010050235E-03
-128.152000E-06,-402.010053396E-03
-128.144000E-06,-402.010053396E-03
-128.136000E-06,-402.010053396E-03
-128.128000E-06,-402.010053396E-03
-128.120000E-06,-402.010053396E-03
-128.112000E-06,-402.010053396E-03
-128.104000E-06,-402.010053396E-03
-128.096000E-06,-402.010053396E-03
-128.088000E-06,-402.010053396E-03
-128.080000E-06,-402.010053396E-03
-128.072000E-06,-402.010053396E-03
-128.064000E-06,-402.010053396E-03
-128.056000E-06,-402.010053396E-03
-128.048000E-06,-402.010053396E-03
-128.040000E-06,-402.010053396E-03
-128.032000E-06,-402.010053396E-03
-128.024000E-06,-402.010053396E-03
-128.016000E-06,-402.010053396E-03
-128.008000E-06,-402.010053396E-03
-128.000000E-06,-402.010053396E-03
-127.992000E-06,-402.010053396E-03
-127.984000E-06,-402.010053396E-03
-127.976000E-06,-402.010053396E-03
-127.968000E-06,-402.010053396E-03
-127.960000E-06,-402.010053396E-03
-127.952000E-06,-402.010053396E-03
-127.944000E-06,-402.010053396E-03
-127.936000E-06,-402.010053396E-03
-127.928000E-06,-402.010053396E-03
-127.920000E-06,-402.010053396E-03
-127.912000E-06,-402.010053396E-03
-127.904000E-06,-402.010053396E-03
-127.896000E-06,-402.010053396E-03
-127.888000E-06,-402.010053396E-03
-127.880000E-06,-402.010053396E-03
-127.872000E-06,-402.010053396E-03
-127.864000E-06,-402.010053396E-03
-127.856000E-06,-402.010053396E-03
-127.848000E-06,-402.010053396E-03
-127.840000E-06,-402.010053396E-03
-127.832000E-06,-402.010053396E-03
-127.824000E-06,-402.010053396E-03
-127.816000E-06,-402.010053396E-03
-127.808000E-06,-402.010053396E-03
-127.800000E-06,-402.010053396E-03
-127.792000E-06,-402.010053396E-03
-127.784000E-06,-402.010053396E-03
-127.776000E-06,-402.010053396E-03
-127.768000E-06,-402.010053396E-03
-127.760000E-06,-402.010053396E-03
-127.752000E-06,-402.010053396E-03
-127.744000E-06,-402.010053396E-03
-127.736000E-06,-402.010053396E-03
-127.728000E-06,-402.010053396E-03
-127.720000E-06,-402.010053396E-03
-127.712000E-06,-201.005029873E-03
-127.704000E-06,-402.010050221E-03
-127.696000E-06,-402.010053396E-03
-127.688000E-06,-402.010053396E-03
-127.680000E-06,-402.010053396E-03
-127.672000E-06,-402.010053396E-03
-127.664000E-06,-402.010053396E-03
-127.656000E-06,-402.010053396E-03
-127.648000E-06,-402.010053396E-03
-127.640000E-06,-402.010053396E-03
-127.632000E-06,-402.010053396E-03
-127.624000E-06,-402.010053396E-03
-127.616000E-06,-402.010053396E-03
-127.608000E-06,-402.010053396E-03
-127.600000E-06,-402.010053396E-03
-127.592000E-06,-402.010053396E-03
-127.584000E-06,-402.010053396E-03
-127.576000E-06,-402.010053396E-03
-127.568000E-06,-402.010053396E-03
-127.560000E-06,-402.010053396E-03
-127.552000E-06,-402.010053396E-03
-127.544000E-06,-402.010053396E-03
-127.536000E-06,-402.010053396E-03
-127.528000E-06,-402.010053396E-03
-127.520000E-06,-402.010053396E-03
-127.512000E-06,-402.010053396E-03
-127.504000E-06,-201.005029879E-03
-127.496000E-06,-201.005026698E-03
-127.488000E-06,-402.010050215E-03
-127.480000E-06,-402.010053396E-03
-127.472000E-06,-402.010053396E-03
-127.464000E-06,-402.010053396E-03
-127.456000E-06,-402.010053396E-03
-127.448000E-06,-402.010053396E-03
-127.440000E-06,-402.010053396E-03
-127.432000E-06,-402.010053396E-03
-127.424000E-06,-402.010053396E-03
-127.416000E-06,-402.010053396E-03
-127.408000E-06,-402.010053396E-03
-127.400000E-06,-402.010053396E-03
-127.392000E-06,-402.010053396E-03
-127.384000E-06,-402.010053396E-03
-127.376000E-06,-402.010053396E-03
-127.368000E-06,-402.010053396E-03
-127.360000E-06,-402.010053396E-03
-127.352000E-06,-402.010053396E-03
-127.344000E-06,-402.010053396E-03
-127.336000E-06,-402.010053396E-03
-127.328000E-06,-603.015076908E-03
-127.320000E-06,-402.010056583E-03
-127.312000E-06,-402.010053396E-03
-127.304000E-06,-402.010053396E-03
-127.296000E-06,-201.005029886E-03
-127.288000E-06,-402.010050208E-03
-127.280000E-06,-402.010053396E-03
-127.272000E-06,-402.010053396E-03
-127.264000E-06,-402.010053396E-03
-127.256000E-06,-402.010053396E-03
-127.248000E-06,-402.010053396E-03
-127.240000E-06,-201.005029887E-03
-127.232000E-06,-402.010050207E-03
-127.224000E-06,-201.005029888E-03
-127.216000E-06,-402.010050206E-03
-127.208000E-06,-402.010053396E-03
-127.200000E-06,-402.010053396E-03
-127.192000E-06,-402.010053396E-03
-127.184000E-06,-402.010053396E-03
-127.176000E-06,-402.010053396E-03
-127.168000E-06,-402.010053396E-03
-127.160000E-06,-402.010053396E-03
-127.152000E-06,-402.010053396E-03
-127.144000E-06,-402.010053396E-03
-127.136000E-06,-201.005029890E-03
-127.128000E-06,-402.010050204E-03
-127.120000E-06,-402.010053396E-03
-127.112000E-06,-402.010053396E-03
-127.104000E-06,-402.010053396E-03
-127.096000E-06,-402.010053396E-03
-127.088000E-06,-402.010053396E-03
-127.080000E-06,-402.010053396E-03
-127.072000E-06,-402.010053396E-03
-127.064000E-06,-402.010053396E-03
-127.056000E-06,-402.010053396E-03
-127.048000E-06,-402.010053396E-03
-127.040000E-06,-402.010053396E-03
-127.032000E-06,-402.010053396E-03
-127.024000E-06,-402.010053396E-03
-127.016000E-06,-402.010053396E-03
-127.008000E-06,-201.005029894E-03
-127.000000E-06,-402.010050200E-03
-126.992000E-06,-402.010053396E-03
-126.984000E-06,-201.005029895E-03
-126.976000E-06,-402.010050199E-03
-126.968000E-06,-201.005029896E-03
-126.960000E-06,-402.010050198E-03
-126.952000E-06,-402.010053396E-03
-126.944000E-06,-402.010053396E-03
-126.936000E-06,-603.015076896E-03
-126.928000E-06,-402.010056595E-03
-126.920000E-06,-402.010053396E-03
-126.912000E-06,-402.010053396E-03
-126.904000E-06,-201.005029897E-03
-126.896000E-06,-402.010050197E-03
-126.888000E-06,-402.010053396E-03
-126.880000E-06,-402.010053396E-03
-126.872000E-06,-201.005029898E-03
-126.864000E-06,-201.005026698E-03
-126.856000E-06,-402.010050196E-03
-126.848000E-06,-402.010053396E-03
-126.840000E-06,-201.005029900E-03
-126.832000E-06,-402.010050195E-03
-126.824000E-06,-402.010053396E-03
-126.816000E-06,-402.010053396E-03
-126.808000E-06,-402.010053396E-03
-126.800000E-06,-402.010053396E-03
-126.792000E-06,-402.010053396E-03
-126.784000E-06,-402.010053396E-03
-126.776000E-06,-402.010053396E-03
-126.768000E-06,-402.010053396E-03
-126.760000E-06,-402.010053396E-03
-126.752000E-06,-402.010053396E-03
-126.744000E-06,-402.010053396E-03
-126.736000E-06,-402.010053396E-03
-126.728000E-06,-402.010053396E-03
-126.720000E-06,-402.010053396E-03
-126.712000E-06,-402.010053396E-03
-126.704000E-06,-402.010053396E-03
-126.696000E-06,-402.010053396E-03
-126.688000E-06,-402.010053396E-03
-126.680000E-06,-201.005029904E-03
-126.672000E-06,-402.010050190E-03
-126.664000E-06,-402.010053396E-03
-126.656000E-06,-402.010053396E-03
-126.648000E-06,-402.010053396E-03
-126.640000E-06,-402.010053396E-03
-126.632000E-06,-402.010053396E-03
-126.624000E-06,-201.005029906E-03
-126.616000E-06,-402.010050188E-03
-126.608000E-06,-402.010053396E-03
-126.600000E-06,-402.010053396E-03
-126.592000E-06,-402.010053396E-03
-126.584000E-06,-402.010053396E-03
-126.576000E-06,-402.010053396E-03
-126.568000E-06,-402.010053396E-03
-126.560000E-06,-402.010053396E-03
-126.552000E-06,-402.010053396E-03
-126.544000E-06,-402.010053396E-03
-126.536000E-06,-201.005029909E-03
-126.528000E-06,-402.010050186E-03
-126.520000E-06,-402.010053396E-03
-126.512000E-06,-201.005029909E-03
-126.504000E-06,-402.010050185E-03
-126.496000E-06,-402.010053396E-03
-126.488000E-06,-402.010053396E-03
-126.480000E-06,-402.010053396E-03
-126.472000E-06,-402.010053396E-03
-126.464000E-06,-402.010053396E-03
-126.456000E-06,-402.010053396E-03
-126.448000E-06,-402.010053396E-03
-126.440000E-06,-402.010053396E-03
-126.432000E-06,-402.010053396E-03
-126.424000E-06,-402.010053396E-03
-126.416000E-06,-402.010053396E-03
-126.408000E-06,-402.010053396E-03
-126.400000E-06,-402.010053396E-03
-126.392000E-06,-402.010053396E-03
-126.384000E-06,-402.010053396E-03
-126.376000E-06,-402.010053396E-03
-126.368000E-06,-402.010053396E-03
-126.360000E-06,-402.010053396E-03
-126.352000E-06,-402.010053396E-03
-126.344000E-06,-402.010053396E-03
-126.336000E-06,-402.010053396E-03
-126.328000E-06,-402.010053396E-03
-126.320000E-06,-402.010053396E-03
-126.312000E-06,-402.010053396E-03
-126.304000E-06,-201.005029916E-03
-126.296000E-06,-402.010050179E-03
-126.288000E-06,-402.010053396E-03
-126.280000E-06,-402.010053396E-03
-126.272000E-06,-402.010053396E-03
-126.264000E-06,-402.010053396E-03
-126.256000E-06,-402.010053396E-03
-126.248000E-06,-402.010053396E-03
-126.240000E-06,-402.010053396E-03
-126.232000E-06,-402.010053396E-03
-126.224000E-06,-402.010053396E-03
-126.216000E-06,-402.010053396E-03
-126.208000E-06,-402.010053396E-03
-126.200000E-06,-201.005029919E-03
-126.192000E-06,-402.010050175E-03
-126.184000E-06,-201.005029919E-03
-126.176000E-06,-402.010050175E-03
-126.168000E-06,-402.010053396E-03
-126.160000E-06,-402.010053396E-03
-126.152000E-06,-402.010053396E-03
-126.144000E-06,-402.010053396E-03
-126.136000E-06,-402.010053396E-03
-126.128000E-06,-201.005029921E-03
-126.120000E-06,-402.010050173E-03
-126.112000E-06,-201.005029921E-03
-126.104000E-06,-201.005026698E-03
-126.096000E-06,-402.010050173E-03
-126.088000E-06,-402.010053396E-03
-126.080000E-06,-402.010053396E-03
-126.072000E-06,-201.005029923E-03
-126.064000E-06,-402.010050172E-03
-126.056000E-06,-402.010053396E-03
-126.048000E-06,-402.010053396E-03
-126.040000E-06,-402.010053396E-03
-126.032000E-06,-402.010053396E-03
-126.024000E-06,-402.010053396E-03
-126.016000E-06,-402.010053396E-03
-126.008000E-06,-402.010053396E-03
-126.000000E-06,-402.010053396E-03
-125.992000E-06,-402.010053396E-03
-125.984000E-06,-402.010053396E-03
-125.976000E-06,-402.010053396E-03
-125.968000E-06,-402.010053396E-03
-125.960000E-06,-402.010053396E-03
-125.952000E-06,-402.010053396E-03
-125.944000E-06,-201.005029926E-03
-125.936000E-06,-201.005026698E-03
-125.928000E-06,-402.010050167E-03
-125.920000E-06,-402.010053396E-03
-125.912000E-06,-201.005029927E-03
-125.904000E-06,-402.010050167E-03
-125.896000E-06,-402.010053396E-03
-125.888000E-06,-201.005029928E-03
-125.880000E-06,-402.010050166E-03
-125.872000E-06,-402.010053396E-03
-125.864000E-06,-402.010053396E-03
-125.856000E-06,-402.010053396E-03
-125.848000E-06,-402.010053396E-03
-125.840000E-06,-402.010053396E-03
-125.832000E-06,-402.010053396E-03
-125.824000E-06,-402.010053396E-03
-125.816000E-06,-402.010053396E-03
-125.808000E-06,-402.010053396E-03
-125.800000E-06,-402.010053396E-03
-125.792000E-06,-402.010053396E-03
-125.784000E-06,-402.010053396E-03
-125.776000E-06,-402.010053396E-03
-125.768000E-06,-201.005029932E-03
-125.760000E-06,-402.010050163E-03
-125.752000E-06,-402.010053396E-03
-125.744000E-06,-402.010053396E-03
-125.736000E-06,-201.005029932E-03
-125.728000E-06,-402.010050162E-03
-125.720000E-06,-402.010053396E-03
-125.712000E-06,-402.010053396E-03
-125.704000E-06,-402.010053396E-03
-125.696000E-06,-402.010053396E-03
-125.688000E-06,-402.010053396E-03
-125.680000E-06,-402.010053396E-03
-125.672000E-06,-201.005029935E-03
-125.664000E-06,-402.010050160E-03
-125.656000E-06,-402.010053396E-03
-125.648000E-06,-402.010053396E-03
-125.640000E-06,-402.010053396E-03
-125.632000E-06,-402.010053396E-03
-125.624000E-06,-402.010053396E-03
-125.616000E-06,-402.010053396E-03
-125.608000E-06,-402.010053396E-03
-125.600000E-06,-402.010053396E-03
-125.592000E-06,-402.010053396E-03
-125.584000E-06,-402.010053396E-03
-125.576000E-06,-402.010053396E-03
-125.568000E-06,-201.005029938E-03
-125.560000E-06,-201.005026698E-03
-125.552000E-06,-402.010050156E-03
-125.544000E-06,-402.010053396E-03
-125.536000E-06,-402.010053396E-03
-125.528000E-06,-201.005029939E-03
-125.520000E-06,-402.010050155E-03
-125.512000E-06,-402.010053396E-03
-125.504000E-06,-402.010053396E-03
-125.496000E-06,-201.005029940E-03
-125.488000E-06,-402.010050154E-03
-125.480000E-06,-402.010053396E-03
-125.472000E-06,-402.010053396E-03
-125.464000E-06,-402.010053396E-03
-125.456000E-06,-402.010053396E-03
-125.448000E-06,-402.010053396E-03
-125.440000E-06,-402.010053396E-03
-125.432000E-06,-402.010053396E-03
-125.424000E-06,-402.010053396E-03
-125.416000E-06,-402.010053396E-03
-125.408000E-06,-402.010053396E-03
-125.400000E-06,-402.010053396E-03
-125.392000E-06,-402.010053396E-03
-125.384000E-06,-402.010053396E-03
-125.376000E-06,-402.010053396E-03
-125.368000E-06,-201.005029943E-03
-125.360000E-06,-402.010050151E-03
-125.352000E-06,-402.010053396E-03
-125.344000E-06,-402.010053396E-03
-125.336000E-06,-201.005029945E-03
-125.328000E-06,-402.010050149E-03
-125.320000E-06,-402.010053396E-03
-125.312000E-06,-402.010053396E-03
-125.304000E-06,-402.010053396E-03
-125.296000E-06,-402.010053396E-03
-125.288000E-06,-402.010053396E-03
-125.280000E-06,-402.010053396E-03
-125.272000E-06,-402.010053396E-03
-125.264000E-06,-402.010053396E-03
-125.256000E-06,-402.010053396E-03
-125.248000E-06,-402.010053396E-03
-125.240000E-06,-402.010053396E-03
-125.232000E-06,-402.010053396E-03
-125.224000E-06,-201.005029948E-03
-125.216000E-06,-201.005026698E-03
-125.208000E-06,-402.010050146E-03
-125.200000E-06,-402.010053396E-03
-125.192000E-06,-402.010053396E-03
-125.184000E-06,-402.010053396E-03
-125.176000E-06,-201.005029949E-03
-125.168000E-06,-201.005026698E-03
-125.160000E-06,-402.010050144E-03
-125.152000E-06,-402.010053396E-03
-125.144000E-06,-402.010053396E-03
-125.136000E-06,-402.010053396E-03
-125.128000E-06,-402.010053396E-03
-125.120000E-06,-402.010053396E-03
-125.112000E-06,-402.010053396E-03
-125.104000E-06,-201.005029951E-03
-125.096000E-06,-402.010050143E-03
-125.088000E-06,-402.010053396E-03
-125.080000E-06,-402.010053396E-03
-125.072000E-06,-402.010053396E-03
-125.064000E-06,-201.005029953E-03
-125.056000E-06,-402.010050141E-03
-125.048000E-06,-402.010053396E-03
-125.040000E-06,-402.010053396E-03
-125.032000E-06,-402.010053396E-03
-125.024000E-06,-402.010053396E-03
-125.016000E-06,-402.010053396E-03
-125.008000E-06,-402.010053396E-03
-125.000000E-06,-402.010053396E-03
-124.992000E-06,-201.005029955E-03
-124.984000E-06,-402.010050139E-03
-124.976000E-06,-402.010053396E-03
-124.968000E-06,-402.010053396E-03
-124.960000E-06,-402.010053396E-03
-124.952000E-06,-402.010053396E-03
-124.944000E-06,-402.010053396E-03
-124.936000E-06,-402.010053396E-03
-124.928000E-06,-201.005029957E-03
-124.920000E-06,-201.005026698E-03
-124.912000E-06,-201.005026698E-03
-124.904000E-06,-201.005026698E-03
-124.896000E-06,-201.005026698E-03
-124.888000E-06,-402.010050136E-03
-124.880000E-06,-402.010053396E-03
-124.872000E-06,-201.005029958E-03
-124.864000E-06,-402.010050136E-03
-124.856000E-06,-402.010053396E-03
-124.848000E-06,-402.010053396E-03
-124.840000E-06,-402.010053396E-03
-124.832000E-06,-402.010053396E-03
-124.824000E-06,-402.010053396E-03
-124.816000E-06,-201.005029960E-03
-124.808000E-06,-402.010050134E-03
-124.800000E-06,-402.010053396E-03
-124.792000E-06,-402.010053396E-03
-124.784000E-06,-402.010053396E-03
-124.776000E-06,-201.005029961E-03
-124.768000E-06,-402.010050133E-03
-124.760000E-06,-201.005029962E-03
-124.752000E-06,-402.010050132E-03
-124.744000E-06,-402.010053396E-03
-124.736000E-06,-201.005029962E-03
-124.728000E-06,-402.010050132E-03
-124.720000E-06,-201.005029963E-03
-124.712000E-06,-402.010050131E-03
-124.704000E-06,-402.010053396E-03
-124.696000E-06,-402.010053396E-03
-124.688000E-06,-201.005029964E-03
-124.680000E-06,-201.005026698E-03
-124.672000E-06,-201.005026698E-03
-124.664000E-06,-402.010050130E-03
-124.656000E-06,-402.010053396E-03
-124.648000E-06,-402.010053396E-03
-124.640000E-06,-603.015076827E-03
-124.632000E-06,-402.010056664E-03
-124.624000E-06,-402.010053396E-03
-124.616000E-06,-402.010053396E-03
-124.608000E-06,-402.010053396E-03
-124.600000E-06,-402.010053396E-03
-124.592000E-06,-201.005029967E-03
-124.584000E-06,-402.010050127E-03
-124.576000E-06,-402.010053396E-03
-124.568000E-06,-402.010053396E-03
-124.560000E-06,-402.010053396E-03
-124.552000E-06,-201.005029968E-03
-124.544000E-06,-402.010050126E-03
-124.536000E-06,-402.010053396E-03
-124.528000E-06,-402.010053396E-03
-124.520000E-06,-402.010053396E-03
-124.512000E-06,-402.010053396E-03
-124.504000E-06,-201.005029969E-03
-124.496000E-06,-201.005026698E-03
-124.488000E-06,-201.005026698E-03
-124.480000E-06,-201.005026698E-03
-124.472000E-06,-201.005026698E-03
-124.464000E-06,-402.010050124E-03
-124.456000E-06,-402.010053396E-03
-124.448000E-06,-402.010053396E-03
-124.440000E-06,-402.010053396E-03
-124.432000E-06,-402.010053396E-03
-124.424000E-06,-402.010053396E-03
-124.416000E-06,-201.005029972E-03
-124.408000E-06,-402.010050122E-03
-124.400000E-06,-402.010053396E-03
-124.392000E-06,-201.005029973E-03
-124.384000E-06,-402.010050121E-03
-124.376000E-06,-402.010053396E-03
-124.368000E-06,-402.010053396E-03
-124.360000E-06,-402.010053396E-03
-124.352000E-06,-201.005029974E-03
-124.344000E-06,-402.010050120E-03
-124.336000E-06,-402.010053396E-03
-124.328000E-06,-201.005029975E-03
-124.320000E-06,-201.005026698E-03
-124.312000E-06,-201.005026698E-03
-124.304000E-06,-201.005026698E-03
-124.296000E-06,-402.010050118E-03
-124.288000E-06,-402.010053396E-03
-124.280000E-06,-402.010053396E-03
-124.272000E-06,-402.010053396E-03
-124.264000E-06,-402.010053396E-03
-124.256000E-06,-201.005029977E-03
-124.248000E-06,-201.005026698E-03
-124.240000E-06,-201.005026698E-03
-124.232000E-06,-402.010050117E-03
-124.224000E-06,-402.010053396E-03
-124.216000E-06,-402.010053396E-03
-124.208000E-06,-201.005029979E-03
-124.200000E-06,-201.005026698E-03
-124.192000E-06,-201.005026698E-03
-124.184000E-06,-201.005026698E-03
-124.176000E-06,-201.005026698E-03
-124.168000E-06,-402.010050115E-03
-124.160000E-06,-201.005029980E-03
-124.152000E-06,-402.010050114E-03
-124.144000E-06,-402.010053396E-03
-124.136000E-06,-402.010053396E-03
-124.128000E-06,-402.010053396E-03
-124.120000E-06,-201.005029981E-03
-124.112000E-06,-402.010050113E-03
-124.104000E-06,-402.010053396E-03
-124.096000E-06,-402.010053396E-03
-124.088000E-06,-402.010053396E-03
-124.080000E-06,-201.005029982E-03
-124.072000E-06,-402.010050112E-03
-124.064000E-06,-201.005029983E-03
-124.056000E-06,-402.010050111E-03
-124.048000E-06,-201.005029983E-03
-124.040000E-06,-402.010050111E-03
-124.032000E-06,-402.010053396E-03
-124.024000E-06,-402.010053396E-03
-124.016000E-06,-402.010053396E-03
-124.008000E-06,-201.005029984E-03
-124.000000E-06,-201.005026698E-03
-123.992000E-06,-201.005026698E-03
-123.984000E-06,-201.005026698E-03
-123.976000E-06,-201.005026698E-03
-123.968000E-06,-402.010050109E-03
-123.960000E-06,-402.010053396E-03
-123.952000E-06,-402.010053396E-03
-123.944000E-06,-402.010053396E-03
-123.936000E-06,-402.010053396E-03
-123.928000E-06,-402.010053396E-03
-123.920000E-06,-201.005029987E-03
-123.912000E-06,-402.010050107E-03
-123.904000E-06,-402.010053396E-03
-123.896000E-06,-603.015076805E-03
-123.888000E-06,-201.005033278E-03
-123.880000E-06,-402.010050106E-03
-123.872000E-06,-402.010053396E-03
-123.864000E-06,-402.010053396E-03
-123.856000E-06,-201.005029989E-03
-123.848000E-06,-201.005026698E-03
-123.840000E-06,-402.010050105E-03
-123.832000E-06,-402.010053396E-03
-123.824000E-06,-402.010053396E-03
-123.816000E-06,-402.010053396E-03
-123.808000E-06,-402.010053396E-03
-123.800000E-06,-402.010053396E-03
-123.792000E-06,-201.005029991E-03
-123.784000E-06,-402.010050103E-03
-123.776000E-06,-402.010053396E-03
-123.768000E-06,-402.010053396E-03
-123.760000E-06,-201.005029992E-03
-123.752000E-06,-201.005026698E-03
-123.744000E-06,-201.005026698E-03
-123.736000E-06,-402.010050102E-03
-123.728000E-06,-201.005029993E-03
-123.720000E-06,-201.005026698E-03
-123.712000E-06,-402.010050101E-03
-123.704000E-06,-201.005029994E-03
-123.696000E-06,-402.010050100E-03
-123.688000E-06,-402.010053396E-03
-123.680000E-06,-201.005029994E-03
-123.672000E-06,-402.010050100E-03
-123.664000E-06,-402.010053396E-03
-123.656000E-06,-201.005029995E-03
-123.648000E-06,-201.005026698E-03
-123.640000E-06,-402.010050099E-03
-123.632000E-06,-402.010053396E-03
-123.624000E-06,-201.005029996E-03
-123.616000E-06,-201.005026698E-03
-123.608000E-06,-402.010050098E-03
-123.600000E-06,-402.010053396E-03
-123.592000E-06,-201.005029997E-03
-123.584000E-06,-402.010050097E-03
-123.576000E-06,-402.010053396E-03
-123.568000E-06,-402.010053396E-03
-123.560000E-06,-402.010053396E-03
-123.552000E-06,-201.005029998E-03
-123.544000E-06,-201.005026698E-03
-123.536000E-06,-201.005026698E-03
-123.528000E-06,-201.005026698E-03
-123.520000E-06,-201.005026698E-03
-123.512000E-06,-402.010050095E-03
-123.504000E-06,-201.005030000E-03
-123.496000E-06,-201.005026698E-03
-123.488000E-06,-402.010050094E-03
-123.480000E-06,-402.010053396E-03
-123.472000E-06,-201.005030000E-03
-123.464000E-06,-201.005026698E-03
-123.456000E-06,-201.005026698E-03
-123.448000E-06,-402.010050093E-03
-123.440000E-06,-402.010053396E-03
-123.432000E-06,-402.010053396E-03
-123.424000E-06,-402.010053396E-03
-123.416000E-06,-402.010053396E-03
-123.408000E-06,-201.005030002E-03
-123.400000E-06,-402.010050092E-03
-123.392000E-06,-402.010053396E-03
-123.384000E-06,-201.005030003E-03
-123.376000E-06,-402.010050091E-03
-123.368000E-06,-201.005030004E-03
-123.360000E-06,-402.010050091E-03
-123.352000E-06,-402.010053396E-03
-123.344000E-06,-402.010053396E-03
-123.336000E-06,-402.010053396E-03
-123.328000E-06,-402.010053396E-03
-123.320000E-06,-201.005030005E-03
-123.312000E-06,-402.010050089E-03
-123.304000E-06,-201.005030006E-03
-123.296000E-06,-201.005026698E-03
-123.288000E-06,-402.010050088E-03
-123.280000E-06,-402.010053396E-03
-123.272000E-06,-201.005030007E-03
-123.264000E-06,-201.005026698E-03
-123.256000E-06,-201.005026698E-03
-123.248000E-06,-402.010050087E-03
-123.240000E-06,-201.005030007E-03
-123.232000E-06,-201.005026698E-03
-123.224000E-06,-402.010050086E-03
-123.216000E-06,-201.005030008E-03
-123.208000E-06,-201.005026698E-03
-123.200000E-06,-201.005026698E-03
-123.192000E-06,-402.010050085E-03
-123.184000E-06,-402.010053396E-03
-123.176000E-06,-402.010053396E-03
-123.168000E-06,-402.010053396E-03
-123.160000E-06,-201.005030010E-03
-123.152000E-06,-402.010050084E-03
-123.144000E-06,-402.010053396E-03
-123.136000E-06,-201.005030011E-03
-123.128000E-06,-402.010050084E-03
-123.120000E-06,-402.010053396E-03
-123.112000E-06,-402.010053396E-03
-123.104000E-06,-402.010053396E-03
-123.096000E-06,-402.010053396E-03
-123.088000E-06,-402.010053396E-03
-123.080000E-06,-402.010053396E-03
-123.072000E-06,-402.010053396E-03
-123.064000E-06,-201.005030013E-03
-123.056000E-06,-201.005026698E-03
-123.048000E-06,-201.005026698E-03
-123.040000E-06,-402.010050081E-03
-123.032000E-06,-201.005030014E-03
-123.024000E-06,-402.010050080E-03
-123.016000E-06,-402.010053396E-03
-123.008000E-06,-201.005030014E-03
-123.000000E-06,-201.005026698E-03
-122.992000E-06,-402.010050079E-03
-122.984000E-06,-201.005030015E-03
-122.976000E-06,-402.010050079E-03
-122.968000E-06,-402.010053396E-03
-122.960000E-06,-402.010053396E-03
-122.952000E-06,-201.005030016E-03
-122.944000E-06,-402.010050078E-03
-122.936000E-06,-402.010053396E-03
-122.928000E-06,-402.010053396E-03
-122.920000E-06,-201.005030017E-03
-122.912000E-06,-201.005026698E-03
-122.904000E-06,-402.010050077E-03
-122.896000E-06,-402.010053396E-03
-122.888000E-06,-201.005030018E-03
-122.880000E-06,-402.010050076E-03
-122.872000E-06,-201.005030019E-03
-122.864000E-06,-201.005026698E-03
-122.856000E-06,-402.010050075E-03
-122.848000E-06,-201.005030019E-03
-122.840000E-06,-201.005026698E-03
-122.832000E-06,-402.010050075E-03
-122.824000E-06,-201.005030020E-03
-122.816000E-06,-201.005026698E-03
-122.808000E-06,-402.010050074E-03
-122.800000E-06,-402.010053396E-03
-122.792000E-06,-201.005030021E-03
-122.784000E-06,-402.010050073E-03
-122.776000E-06,-201.005030021E-03
-122.768000E-06,-201.005026698E-03
-122.760000E-06,-402.010050072E-03
-122.752000E-06,-201.005030022E-03
-122.744000E-06,-201.005026698E-03
-122.736000E-06,-402.010050072E-03
-122.728000E-06,-402.010053396E-03
-122.720000E-06,-201.005030023E-03
-122.712000E-06,-402.010050071E-03
-122.704000E-06,-402.010053396E-03
-122.696000E-06,-402.010053396E-03
-122.688000E-06,-201.005030024E-03
-122.680000E-06,-201.005026698E-03
-122.672000E-06,-402.010050070E-03
-122.664000E-06,-402.010053396E-03
-122.656000E-06,-402.010053396E-03
-122.648000E-06,-201.005030025E-03
-122.640000E-06,-402.010050069E-03
-122.632000E-06,-201.005030026E-03
-122.624000E-06,-402.010050068E-03
-122.616000E-06,-201.005030026E-03
-122.608000E-06,-402.010050068E-03
-122.600000E-06,-201.005030027E-03
-122.592000E-06,-402.010050067E-03
-122.584000E-06,-402.010053396E-03
-122.576000E-06,-201.005030028E-03
-122.568000E-06,-201.005026698E-03
-122.560000E-06,-201.005026698E-03
-122.552000E-06,-402.010050066E-03
-122.544000E-06,-402.010053396E-03
-122.536000E-06,-201.005030029E-03
-122.528000E-06,-201.005026698E-03
-122.520000E-06,-402.010050065E-03
-122.512000E-06,-201.005030029E-03
-122.504000E-06,-402.010050065E-03
-122.496000E-06,-402.010053396E-03
-122.488000E-06,-402.010053396E-03
-122.480000E-06,-402.010053396E-03
-122.472000E-06,-402.010053396E-03
-122.464000E-06,-402.010053396E-03
-122.456000E-06,-201.005030031E-03
-122.448000E-06,-402.010050063E-03
-122.440000E-06,-402.010053396E-03
-122.432000E-06,-402.010053396E-03
-122.424000E-06,-402.010053396E-03
-122.416000E-06,-201.005030032E-03
-122.408000E-06,-402.010050062E-03
-122.400000E-06,-402.010053396E-03
-122.392000E-06,-402.010053396E-03
-122.384000E-06,-201.005030033E-03
-122.376000E-06,-402.010050061E-03
-122.368000E-06,-402.010053396E-03
-122.360000E-06,-201.005030034E-03
-122.352000E-06,-201.005026698E-03
-122.344000E-06,-402.010050060E-03
-122.336000E-06,-201.005030035E-03
-122.328000E-06,-402.010050060E-03
-122.320000E-06,-201.005030035E-03
-122.312000E-06,-201.005026698E-03
-122.304000E-06,-201.005026698E-03
-122.296000E-06,-201.005026698E-03
-122.288000E-06,-402.010050058E-03
-122.280000E-06,-402.010053396E-03
-122.272000E-06,-201.005030037E-03
-122.264000E-06,-402.010050058E-03
-122.256000E-06,-201.005030037E-03
-122.248000E-06,-201.005026698E-03
-122.240000E-06,-201.005026698E-03
-122.232000E-06,-201.005026698E-03
-122.224000E-06,-402.010050056E-03
-122.216000E-06,-402.010053396E-03
-122.208000E-06,-201.005030038E-03
-122.200000E-06,-201.005026698E-03
-122.192000E-06,-402.010050056E-03
-122.184000E-06,-402.010053396E-03
-122.176000E-06,-402.010053396E-03
-122.168000E-06,-402.010053396E-03
-122.160000E-06,-402.010053396E-03
-122.152000E-06,-201.005030040E-03
-122.144000E-06,-201.005026698E-03
-122.136000E-06,-201.005026698E-03
-122.128000E-06,-402.010050053E-03
-122.120000E-06,-402.010053396E-03
-122.112000E-06,-402.010053396E-03
-122.104000E-06,-402.010053396E-03
-122.096000E-06,-201.005030042E-03
-122.088000E-06,-402.010050052E-03
-122.080000E-06,-402.010053396E-03
-122.072000E-06,-402.010053396E-03
-122.064000E-06,-402.010053396E-03
-122.056000E-06,-201.005030042E-03
-122.048000E-06,-402.010050052E-03
-122.040000E-06,-402.010053396E-03
-122.032000E-06,-201.005030042E-03
-122.024000E-06,-201.005026698E-03
-122.016000E-06,-201.005026698E-03
-122.008000E-06,-402.010050053E-03
-122.000000E-06,-402.010053396E-03
-121.992000E-06,-402.010053396E-03
-121.984000E-06,-402.010053396E-03
-121.976000E-06,-201.005030041E-03
-121.968000E-06,-201.005026698E-03
-121.960000E-06,-402.010050053E-03
-121.952000E-06,-402.010053396E-03
-121.944000E-06,-201.005030041E-03
-121.936000E-06,-201.005026698E-03
-121.928000E-06,-402.010050054E-03
-121.920000E-06,-402.010053396E-03
-121.912000E-06,-201.005030041E-03
-121.904000E-06,-402.010050054E-03
-121.896000E-06,-201.005030040E-03
-121.888000E-06,-402.010050054E-03
-121.880000E-06,-201.005030040E-03
-121.872000E-06,-402.010050054E-03
-121.864000E-06,-402.010053396E-03
-121.856000E-06,-402.010053396E-03
-121.848000E-06,-402.010053396E-03
-121.840000E-06,-201.005030040E-03
-121.832000E-06,-201.005026698E-03
-121.824000E-06,-402.010050055E-03
-121.816000E-06,-201.005030039E-03
-121.808000E-06,-402.010050055E-03
-121.800000E-06,-402.010053396E-03
-121.792000E-06,-201.005030039E-03
-121.784000E-06,-402.010050056E-03
-121.776000E-06,-201.005030039E-03
-121.768000E-06,-402.010050056E-03
-121.760000E-06,-402.010053396E-03
-121.752000E-06,-201.005030038E-03
-121.744000E-06,-201.005026698E-03
-121.736000E-06,-201.005026698E-03
-121.728000E-06,-201.005026698E-03
-121.720000E-06,-402.010050056E-03
-121.712000E-06,-201.005030038E-03
-121.704000E-06,-402.010050056E-03
-121.696000E-06,-402.010053396E-03
-121.688000E-06,-201.005030038E-03
-121.680000E-06,-402.010050057E-03
-121.672000E-06,-402.010053396E-03
-121.664000E-06,-402.010053396E-03
-121.656000E-06,-402.010053396E-03
-121.648000E-06,-402.010053396E-03
-121.640000E-06,-402.010053396E-03
-121.632000E-06,-201.005030037E-03
-121.624000E-06,-201.005026698E-03
-121.616000E-06,-201.005026698E-03
-121.608000E-06,-402.010050058E-03
-121.600000E-06,-402.010053396E-03
-121.592000E-06,-201.005030037E-03
-121.584000E-06,-201.005026698E-03
-121.576000E-06,-402.010050058E-03
-121.568000E-06,-402.010053396E-03
-121.560000E-06,-201.005030036E-03
-121.552000E-06,-402.010050058E-03
-121.544000E-06,-201.005030036E-03
-121.536000E-06,-402.010050058E-03
-121.528000E-06,-201.005030036E-03
-121.520000E-06,-402.010050059E-03
-121.512000E-06,-201.005030036E-03
-121.504000E-06,-201.005026698E-03
-121.496000E-06,-201.005026698E-03
-121.488000E-06,-201.005026698E-03
-121.480000E-06,-201.005026698E-03
-121.472000E-06,-201.005026698E-03
-121.464000E-06,-402.010050060E-03
-121.456000E-06,-402.010053396E-03
-121.448000E-06,-402.010053396E-03
-121.440000E-06,-201.005030035E-03
-121.432000E-06,-201.005026698E-03
-121.424000E-06,-201.005026698E-03
-121.416000E-06,-201.005026698E-03
-121.408000E-06,-402.010050060E-03
-121.400000E-06,-402.010053396E-03
-121.392000E-06,-201.005030034E-03
-121.384000E-06,-402.010050060E-03
-121.376000E-06,-402.010053396E-03
-121.368000E-06,-402.010053396E-03
-121.360000E-06,-402.010053396E-03
-121.352000E-06,-402.010053396E-03
-121.344000E-06,-402.010053396E-03
-121.336000E-06,-201.005030033E-03
-121.328000E-06,-201.005026698E-03
-121.320000E-06,-201.005026698E-03
-121.312000E-06,-201.005026698E-03
-121.304000E-06,-402.010050061E-03
-121.296000E-06,-402.010053396E-03
-121.288000E-06,-402.010053396E-03
-121.280000E-06,-201.005030033E-03
-121.272000E-06,-201.005026698E-03
-121.264000E-06,-201.005026698E-03
-121.256000E-06,-402.010050062E-03
-121.248000E-06,-402.010053396E-03
-121.240000E-06,-201.005030032E-03
-121.232000E-06,-402.010050062E-03
-121.224000E-06,-402.010053396E-03
-121.216000E-06,-402.010053396E-03
-121.208000E-06,-402.010053396E-03
-121.200000E-06,-402.010053396E-03
-121.192000E-06,-201.005030032E-03
-121.184000E-06,-402.010050063E-03
-121.176000E-06,-402.010053396E-03
-121.168000E-06,-402.010053396E-03
-121.160000E-06,-201.005030031E-03
-121.152000E-06,-201.005026698E-03
-121.144000E-06,-402.010050064E-03
-121.136000E-06,-402.010053396E-03
-121.128000E-06,-402.010053396E-03
-121.120000E-06,-402.010053396E-03
-121.112000E-06,-402.010053396E-03
-121.104000E-06,-402.010053396E-03
-121.096000E-06,-402.010053396E-03
-121.088000E-06,-201.005030030E-03
-121.080000E-06,-201.005026698E-03
-121.072000E-06,-402.010050064E-03
-121.064000E-06,-402.010053396E-03
-121.056000E-06,-201.005030030E-03
-121.048000E-06,-402.010050065E-03
-121.040000E-06,-402.010053396E-03
-121.032000E-06,-201.005030030E-03
-121.024000E-06,-402.010050065E-03
-121.016000E-06,-402.010053396E-03
-121.008000E-06,-201.005030029E-03
-121.000000E-06,-402.010050065E-03
-120.992000E-06,-402.010053396E-03
-120.984000E-06,-402.010053396E-03
-120.976000E-06,-201.005030029E-03
-120.968000E-06,-201.005026698E-03
-120.960000E-06,-402.010050066E-03
-120.952000E-06,-402.010053396E-03
-120.944000E-06,-402.010053396E-03
-120.936000E-06,-402.010053396E-03
-120.928000E-06,-201.005030028E-03
-120.920000E-06,-402.010050066E-03
-120.912000E-06,-201.005030028E-03
-120.904000E-06,-201.005026698E-03
-120.896000E-06,-402.010050066E-03
-120.888000E-06,-402.010053396E-03
-120.880000E-06,-402.010053396E-03
-120.872000E-06,-402.010053396E-03
-120.864000E-06,-402.010053396E-03
-120.856000E-06,-201.005030028E-03
-120.848000E-06,-402.010050067E-03
-120.840000E-06,-201.005030027E-03
-120.832000E-06,-402.010050067E-03
-120.824000E-06,-402.010053396E-03
-120.816000E-06,-201.005030027E-03
-120.808000E-06,-201.005026698E-03
-120.800000E-06,-402.010050068E-03
-120.792000E-06,-402.010053396E-03
-120.784000E-06,-201.005030026E-03
-120.776000E-06,-201.005026698E-03
-120.768000E-06,-402.010050068E-03
-120.760000E-06,-201.005030026E-03
-120.752000E-06,-201.005026698E-03
-120.744000E-06,-201.005026698E-03
-120.736000E-06,-402.010050069E-03
-120.728000E-06,-402.010053396E-03
-120.720000E-06,-402.010053396E-03
-120.712000E-06,-201.005030026E-03
-120.704000E-06,-201.005026698E-03
-120.696000E-06,-201.005026698E-03
-120.688000E-06,-402.010050069E-03
-120.680000E-06,-402.010053396E-03
-120.672000E-06,-201.005030025E-03
-120.664000E-06,-402.010050069E-03
-120.656000E-06,-402.010053396E-03
-120.648000E-06,-201.005030025E-03
-120.640000E-06,-402.010050070E-03
-120.632000E-06,-402.010053396E-03
-120.624000E-06,-402.010053396E-03
-120.616000E-06,-201.005030024E-03
-120.608000E-06,-402.010050070E-03
-120.600000E-06,-402.010053396E-03
-120.592000E-06,-402.010053396E-03
-120.584000E-06,-201.005030024E-03
-120.576000E-06,-402.010050070E-03
-120.568000E-06,-201.005030024E-03
-120.560000E-06,-201.005026698E-03
-120.552000E-06,-201.005026698E-03
-120.544000E-06,-402.010050071E-03
-120.536000E-06,-402.010053396E-03
-120.528000E-06,-201.005030023E-03
-120.520000E-06,-402.010050071E-03
-120.512000E-06,-402.010053396E-03
-120.504000E-06,-201.005030023E-03
-120.496000E-06,-201.005026698E-03
-120.488000E-06,-201.005026698E-03
-120.480000E-06,-402.010050072E-03
-120.472000E-06,-402.010053396E-03
-120.464000E-06,-201.005030022E-03
-120.456000E-06,-402.010050072E-03
-120.448000E-06,-603.015076770E-03
-120.440000E-06,-402.010056720E-03
-120.432000E-06,-402.010053396E-03
-120.424000E-06,-201.005030022E-03
-120.416000E-06,-402.010050073E-03
-120.408000E-06,-201.005030022E-03
-120.400000E-06,-201.005026698E-03
-120.392000E-06,-402.010050073E-03
-120.384000E-06,-402.010053396E-03
-120.376000E-06,-201.005030021E-03
-120.368000E-06,-402.010050073E-03
-120.360000E-06,-402.010053396E-03
-120.352000E-06,-402.010053396E-03
-120.344000E-06,-402.010053396E-03
-120.336000E-06,-402.010053396E-03
-120.328000E-06,-402.010053396E-03
-120.320000E-06,-201.005030021E-03
-120.312000E-06,-201.005026698E-03
-120.304000E-06,-201.005026698E-03
-120.296000E-06,-402.010050074E-03
-120.288000E-06,-402.010053396E-03
-120.280000E-06,-402.010053396E-03
-120.272000E-06,-201.005030020E-03
-120.264000E-06,-201.005026698E-03
-120.256000E-06,-402.010050075E-03
-120.248000E-06,-402.010053396E-03
-120.240000E-06,-201.005030019E-03
-120.232000E-06,-402.010050075E-03
-120.224000E-06,-402.010053396E-03
-120.216000E-06,-402.010053396E-03
-120.208000E-06,-201.005030019E-03
-120.200000E-06,-402.010050075E-03
-120.192000E-06,-201.005030019E-03
-120.184000E-06,-402.010050075E-03
-120.176000E-06,-201.005030019E-03
-120.168000E-06,-402.010050076E-03
-120.160000E-06,-201.005030019E-03
-120.152000E-06,-402.010050076E-03
-120.144000E-06,-402.010053396E-03
-120.136000E-06,-402.010053396E-03
-120.128000E-06,-402.010053396E-03
-120.120000E-06,-402.010053396E-03
-120.112000E-06,-201.005030018E-03
-120.104000E-06,-402.010050076E-03
-120.096000E-06,-201.005030018E-03
-120.088000E-06,-402.010050077E-03
-120.080000E-06,-201.005030018E-03
-120.072000E-06,-201.005026698E-03
-120.064000E-06,-402.010050077E-03
-120.056000E-06,-201.005030017E-03
-120.048000E-06,-402.010050077E-03
-120.040000E-06,-402.010053396E-03
-120.032000E-06,-402.010053396E-03
-120.024000E-06,-402.010053396E-03
-120.016000E-06,-402.010053396E-03
-120.008000E-06,-402.010053396E-03
-120.000000E-06,-402.010053396E-03
-119.992000E-06,-402.010053396E-03
-119.984000E-06,-402.010053396E-03
-119.976000E-06,-402.010053396E-03
-119.968000E-06,-402.010053396E-03
-119.960000E-06,-201.005030016E-03
-119.952000E-06,-201.005026698E-03
-119.944000E-06,-402.010050079E-03
-119.936000E-06,-402.010053396E-03
-119.928000E-06,-201.005030016E-03
-119.920000E-06,-402.010050079E-03
-119.912000E-06,-402.010053396E-03
-119.904000E-06,-402.010053396E-03
-119.896000E-06,-402.010053396E-03
-119.888000E-06,-402.010053396E-03
-119.880000E-06,-201.005030015E-03
-119.872000E-06,-201.005026698E-03
-119.864000E-06,-402.010050079E-03
-119.856000E-06,-402.010053396E-03
-119.848000E-06,-402.010053396E-03
-119.840000E-06,-201.005030015E-03
-119.832000E-06,-201.005026698E-03
-119.824000E-06,-201.005026698E-03
-119.816000E-06,-402.010050080E-03
-119.808000E-06,-201.005030014E-03
-119.800000E-06,-201.005026698E-03
-119.792000E-06,-402.010050080E-03
-119.784000E-06,-402.010053396E-03
-119.776000E-06,-402.010053396E-03
-119.768000E-06,-402.010053396E-03
-119.760000E-06,-201.005030014E-03
-119.752000E-06,-402.010050081E-03
-119.744000E-06,-402.010053396E-03
-119.736000E-06,-201.005030013E-03
-119.728000E-06,-402.010050081E-03
-119.720000E-06,-402.010053396E-03
-119.712000E-06,-201.005030013E-03
-119.704000E-06,-201.005026698E-03
-119.696000E-06,-201.005026698E-03
-119.688000E-06,-402.010050081E-03
-119.680000E-06,-402.010053396E-03
-119.672000E-06,-402.010053396E-03
-119.664000E-06,-402.010053396E-03
-119.656000E-06,-201.005030012E-03
-119.648000E-06,-402.010050082E-03
-119.640000E-06,-402.010053396E-03
-119.632000E-06,-201.005030012E-03
-119.624000E-06,-201.005026698E-03
-119.616000E-06,-402.010050083E-03
-119.608000E-06,-402.010053396E-03
-119.600000E-06,-201.005030011E-03
-119.592000E-06,-201.005026698E-03
-119.584000E-06,-201.005026698E-03
-119.576000E-06,-402.010050083E-03
-119.568000E-06,-402.010053396E-03
-119.560000E-06,-402.010053396E-03
-119.552000E-06,-402.010053396E-03
-119.544000E-06,-402.010053396E-03
-119.536000E-06,-402.010053396E-03
-119.528000E-06,-201.005030011E-03
-119.520000E-06,-201.005026698E-03
-119.512000E-06,-201.005026698E-03
-119.504000E-06,-402.010050084E-03
-119.496000E-06,-402.010053396E-03
-119.488000E-06,-201.005030010E-03
-119.480000E-06,-201.005026698E-03
-119.472000E-06,-402.010050084E-03
-119.464000E-06,-402.010053396E-03
-119.456000E-06,-402.010053396E-03
-119.448000E-06,-201.005030010E-03
-119.440000E-06,-402.010050085E-03
-119.432000E-06,-402.010053396E-03
-119.424000E-06,-402.010053396E-03
-119.416000E-06,-402.010053396E-03
-119.408000E-06,-402.010053396E-03
-119.400000E-06,-402.010053396E-03
-119.392000E-06,-402.010053396E-03
-119.384000E-06,-402.010053396E-03
-119.376000E-06,-402.010053396E-03
-119.368000E-06,-402.010053396E-03
-119.360000E-06,-402.010053396E-03
-119.352000E-06,-402.010053396E-03
-119.344000E-06,-402.010053396E-03
-119.336000E-06,-201.005030008E-03
-119.328000E-06,-201.005026698E-03
-119.320000E-06,-201.005026698E-03
-119.312000E-06,-402.010050086E-03
-119.304000E-06,-402.010053396E-03
-119.296000E-06,-402.010053396E-03
-119.288000E-06,-201.005030008E-03
-119.280000E-06,-402.010050087E-03
-119.272000E-06,-402.010053396E-03
-119.264000E-06,-402.010053396E-03
-119.256000E-06,-402.010053396E-03
-119.248000E-06,-201.005030007E-03
-119.240000E-06,-402.010050087E-03
-119.232000E-06,-402.010053396E-03
-119.224000E-06,-402.010053396E-03
-119.216000E-06,-402.010053396E-03
-119.208000E-06,-402.010053396E-03
-119.200000E-06,-402.010053396E-03
-119.192000E-06,-402.010053396E-03
-119.184000E-06,-402.010053396E-03
-119.176000E-06,-402.010053396E-03
-119.168000E-06,-402.010053396E-03
-119.160000E-06,-402.010053396E-03
-119.152000E-06,-201.005030006E-03
-119.144000E-06,-402.010050088E-03
-119.136000E-06,-402.010053396E-03
-119.128000E-06,-402.010053396E-03
-119.120000E-06,-402.010053396E-03
-119.112000E-06,-402.010053396E-03
-119.104000E-06,-402.010053396E-03
-119.096000E-06,-402.010053396E-03
-119.088000E-06,-402.010053396E-03
-119.080000E-06,-402.010053396E-03
-119.072000E-06,-402.010053396E-03
-119.064000E-06,-201.005030005E-03
-119.056000E-06,-402.010050090E-03
-119.048000E-06,-402.010053396E-03
-119.040000E-06,-402.010053396E-03
-119.032000E-06,-402.010053396E-03
-119.024000E-06,-402.010053396E-03
-119.016000E-06,-402.010053396E-03
-119.008000E-06,-402.010053396E-03
-119.000000E-06,-201.005030004E-03
-118.992000E-06,-402.010050090E-03
-118.984000E-06,-402.010053396E-03
-118.976000E-06,-201.005030004E-03
-118.968000E-06,-402.010050091E-03
-118.960000E-06,-402.010053396E-03
-118.952000E-06,-402.010053396E-03
-118.944000E-06,-402.010053396E-03
-118.936000E-06,-402.010053396E-03
-118.928000E-06,-402.010053396E-03
-118.920000E-06,-402.010053396E-03
-118.912000E-06,-402.010053396E-03
-118.904000E-06,-402.010053396E-03
-118.896000E-06,-402.010053396E-03
-118.888000E-06,-402.010053396E-03
-118.880000E-06,-402.010053396E-03
-118.872000E-06,-402.010053396E-03
-118.864000E-06,-402.010053396E-03
-118.856000E-06,-201.005030002E-03
-118.848000E-06,-402.010050092E-03
-118.840000E-06,-402.010053396E-03
-118.832000E-06,-402.010053396E-03
-118.824000E-06,-402.010053396E-03
-118.816000E-06,-402.010053396E-03
-118.808000E-06,-402.010053396E-03
-118.800000E-06,-201.005030002E-03
-118.792000E-06,-402.010050092E-03
-118.784000E-06,-402.010053396E-03
-118.776000E-06,-201.005030001E-03
-118.768000E-06,-402.010050093E-03
-118.760000E-06,-402.010053396E-03
-118.752000E-06,-402.010053396E-03
-118.744000E-06,-402.010053396E-03
-118.736000E-06,-402.010053396E-03
-118.728000E-06,-402.010053396E-03
-118.720000E-06,-402.010053396E-03
-118.712000E-06,-402.010053396E-03
-118.704000E-06,-402.010053396E-03
-118.696000E-06,-402.010053396E-03
-118.688000E-06,-402.010053396E-03
-118.680000E-06,-402.010053396E-03
-118.672000E-06,-402.010053396E-03
-118.664000E-06,-201.005030000E-03
-118.656000E-06,-402.010050095E-03
-118.648000E-06,-402.010053396E-03
-118.640000E-06,-201.005030000E-03
-118.632000E-06,-402.010050095E-03
-118.624000E-06,-402.010053396E-03
-118.616000E-06,-402.010053396E-03
-118.608000E-06,-402.010053396E-03
-118.600000E-06,-402.010053396E-03
-118.592000E-06,-402.010053396E-03
-118.584000E-06,-402.010053396E-03
-118.576000E-06,-402.010053396E-03
-118.568000E-06,-402.010053396E-03
-118.560000E-06,-402.010053396E-03
-118.552000E-06,-402.010053396E-03
-118.544000E-06,-402.010053396E-03
-118.536000E-06,-402.010053396E-03
-118.528000E-06,-402.010053396E-03
-118.520000E-06,-402.010053396E-03
-118.512000E-06,-402.010053396E-03
-118.504000E-06,-402.010053396E-03
-118.496000E-06,-402.010053396E-03
-118.488000E-06,-402.010053396E-03
-118.480000E-06,-402.010053396E-03
-118.472000E-06,-402.010053396E-03
-118.464000E-06,-402.010053396E-03
-118.456000E-06,-402.010053396E-03
-118.448000E-06,-603.015076795E-03
-118.440000E-06,-201.005033297E-03
-118.432000E-06,-402.010050098E-03
-118.424000E-06,-402.010053396E-03
-118.416000E-06,-402.010053396E-03
-118.408000E-06,-402.010053396E-03
-118.400000E-06,-402.010053396E-03
-118.392000E-06,-402.010053396E-03
-118.384000E-06,-402.010053396E-03
-118.376000E-06,-402.010053396E-03
-118.368000E-06,-402.010053396E-03
-118.360000E-06,-402.010053396E-03
-118.352000E-06,-402.010053396E-03
-118.344000E-06,-402.010053396E-03
-118.336000E-06,-402.010053396E-03
-118.328000E-06,-402.010053396E-03
-118.320000E-06,-402.010053396E-03
-118.312000E-06,-402.010053396E-03
-118.304000E-06,-402.010053396E-03
-118.296000E-06,-402.010053396E-03
-118.288000E-06,-402.010053396E-03
-118.280000E-06,-402.010053396E-03
-118.272000E-06,-201.005029995E-03
-118.264000E-06,-402.010050100E-03
-118.256000E-06,-402.010053396E-03
-118.248000E-06,-402.010053396E-03
-118.240000E-06,-402.010053396E-03
-118.232000E-06,-402.010053396E-03
-118.224000E-06,-402.010053396E-03
-118.216000E-06,-402.010053396E-03
-118.208000E-06,-402.010053396E-03
-118.200000E-06,-201.005029995E-03
-118.192000E-06,-402.010050100E-03
-118.184000E-06,-402.010053396E-03
-118.176000E-06,-402.010053396E-03
-118.168000E-06,-402.010053396E-03
-118.160000E-06,-201.005029993E-03
-118.152000E-06,-402.010050101E-03
-118.144000E-06,-402.010053396E-03
-118.136000E-06,-402.010053396E-03
-118.128000E-06,-402.010053396E-03
-118.120000E-06,-402.010053396E-03
-118.112000E-06,-402.010053396E-03
-118.104000E-06,-402.010053396E-03
-118.096000E-06,-402.010053396E-03
-118.088000E-06,-402.010053396E-03
-118.080000E-06,-402.010053396E-03
-118.072000E-06,-402.010053396E-03
-118.064000E-06,-402.010053396E-03
-118.056000E-06,-402.010053396E-03
-118.048000E-06,-402.010053396E-03
-118.040000E-06,-402.010053396E-03
-118.032000E-06,-402.010053396E-03
-118.024000E-06,-402.010053396E-03
-118.016000E-06,-402.010053396E-03
-118.008000E-06,-402.010053396E-03
-118.000000E-06,-402.010053396E-03
-117.992000E-06,-402.010053396E-03
-117.984000E-06,-402.010053396E-03
-117.976000E-06,-402.010053396E-03
-117.968000E-06,-402.010053396E-03
-117.960000E-06,-402.010053396E-03
-117.952000E-06,-402.010053396E-03
-117.944000E-06,-402.010053396E-03
-117.936000E-06,-402.010053396E-03
-117.928000E-06,-402.010053396E-03
-117.920000E-06,-402.010053396E-03
-117.912000E-06,-402.010053396E-03
-117.904000E-06,-402.010053396E-03
-117.896000E-06,-402.010053396E-03
-117.888000E-06,-402.010053396E-03
-117.880000E-06,-402.010053396E-03
-117.872000E-06,-402.010053396E-03
-117.864000E-06,-402.010053396E-03
-117.856000E-06,-201.005029990E-03
-117.848000E-06,-402.010050105E-03
-117.840000E-06,-402.010053396E-03
-117.832000E-06,-402.010053396E-03
-117.824000E-06,-402.010053396E-03
-117.816000E-06,-402.010053396E-03
-117.808000E-06,-402.010053396E-03
-117.800000E-06,-402.010053396E-03
-117.792000E-06,-201.005029989E-03
-117.784000E-06,-402.010050106E-03
-117.776000E-06,-603.015076804E-03
-117.768000E-06,-402.010056687E-03
-117.760000E-06,-402.010053396E-03
-117.752000E-06,-402.010053396E-03
-117.744000E-06,-402.010053396E-03
-117.736000E-06,-402.010053396E-03
-117.728000E-06,-402.010053396E-03
-117.720000E-06,-402.010053396E-03
-117.712000E-06,-402.010053396E-03
-117.704000E-06,-402.010053396E-03
-117.696000E-06,-402.010053396E-03
-117.688000E-06,-402.010053396E-03
-117.680000E-06,-402.010053396E-03
-117.672000E-06,-402.010053396E-03
-117.664000E-06,-402.010053396E-03
-117.656000E-06,-402.010053396E-03
-117.648000E-06,-402.010053396E-03
-117.640000E-06,-402.010053396E-03
-117.632000E-06,-402.010053396E-03
-117.624000E-06,-402.010053396E-03
-117.616000E-06,-201.005029987E-03
-117.608000E-06,-402.010050108E-03
-117.600000E-06,-201.005029987E-03
-117.592000E-06,-402.010050108E-03
-117.584000E-06,-402.010053396E-03
-117.576000E-06,-402.010053396E-03
-117.568000E-06,-402.010053396E-03
-117.560000E-06,-402.010053396E-03
-117.552000E-06,-603.015076807E-03
-117.544000E-06,-402.010056684E-03
-117.536000E-06,-402.010053396E-03
-117.528000E-06,-402.010053396E-03
-117.520000E-06,-402.010053396E-03
-117.512000E-06,-402.010053396E-03
-117.504000E-06,-402.010053396E-03
-117.496000E-06,-402.010053396E-03
-117.488000E-06,-402.010053396E-03
-117.480000E-06,-201.005029985E-03
-117.472000E-06,-402.010050109E-03
-117.464000E-06,-402.010053396E-03
-117.456000E-06,-402.010053396E-03
-117.448000E-06,-402.010053396E-03
-117.440000E-06,-402.010053396E-03
-117.432000E-06,-402.010053396E-03
-117.424000E-06,-402.010053396E-03
-117.416000E-06,-402.010053396E-03
-117.408000E-06,-402.010053396E-03
-117.400000E-06,-201.005029984E-03
-117.392000E-06,-402.010050110E-03
-117.384000E-06,-402.010053396E-03
-117.376000E-06,-402.010053396E-03
-117.368000E-06,-402.010053396E-03
-117.360000E-06,-402.010053396E-03
-117.352000E-06,-603.015076810E-03
-117.344000E-06,-402.010056681E-03
-117.336000E-06,-402.010053396E-03
-117.328000E-06,-603.015076810E-03
-117.320000E-06,-402.010056681E-03
-117.312000E-06,-402.010053396E-03
-117.304000E-06,-402.010053396E-03
-117.296000E-06,-402.010053396E-03
-117.288000E-06,-402.010053396E-03
-117.280000E-06,-402.010053396E-03
-117.272000E-06,-201.005029983E-03
-117.264000E-06,-402.010050112E-03
-117.256000E-06,-402.010053396E-03
-117.248000E-06,-201.005029982E-03
-117.240000E-06,-402.010050112E-03
-117.232000E-06,-402.010053396E-03
-117.224000E-06,-402.010053396E-03
-117.216000E-06,-402.010053396E-03
-117.208000E-06,-402.010053396E-03
-117.200000E-06,-402.010053396E-03
-117.192000E-06,-402.010053396E-03
-117.184000E-06,-402.010053396E-03
-117.176000E-06,-402.010053396E-03
-117.168000E-06,-402.010053396E-03
-117.160000E-06,-402.010053396E-03
-117.152000E-06,-402.010053396E-03
-117.144000E-06,-201.005029981E-03
-117.136000E-06,-402.010050114E-03
-117.128000E-06,-402.010053396E-03
-117.120000E-06,-402.010053396E-03
-117.112000E-06,-402.010053396E-03
-117.104000E-06,-402.010053396E-03
-117.096000E-06,-402.010053396E-03
-117.088000E-06,-402.010053396E-03
-117.080000E-06,-402.010053396E-03
-117.072000E-06,-603.015076812E-03
-117.064000E-06,-402.010056678E-03
-117.056000E-06,-402.010053396E-03
-117.048000E-06,-402.010053396E-03
-117.040000E-06,-402.010053396E-03
-117.032000E-06,-402.010053396E-03
-117.024000E-06,-402.010053396E-03
-117.016000E-06,-402.010053396E-03
-117.008000E-06,-402.010053396E-03
-117.000000E-06,-402.010053396E-03
-116.992000E-06,-402.010053396E-03
-116.984000E-06,-402.010053396E-03
-116.976000E-06,-402.010053396E-03
-116.968000E-06,-402.010053396E-03
-116.960000E-06,-402.010053396E-03
-116.952000E-06,-402.010053396E-03
-116.944000E-06,-402.010053396E-03
-116.936000E-06,-402.010053396E-03
-116.928000E-06,-603.015076814E-03
-116.920000E-06,-402.010056677E-03
-116.912000E-06,-402.010053396E-03
-116.904000E-06,-402.010053396E-03
-116.896000E-06,-402.010053396E-03
-116.888000E-06,-603.015076815E-03
-116.880000E-06,-402.010056675E-03
-116.872000E-06,-402.010053396E-03
-116.864000E-06,-402.010053396E-03
-116.856000E-06,-402.010053396E-03
-116.848000E-06,-402.010053396E-03
-116.840000E-06,-402.010053396E-03
-116.832000E-06,-402.010053396E-03
-116.824000E-06,-402.010053396E-03
-116.816000E-06,-402.010053396E-03
-116.808000E-06,-402.010053396E-03
-116.800000E-06,-402.010053396E-03
-116.792000E-06,-402.010053396E-03
-116.784000E-06,-201.005029976E-03
-116.776000E-06,-603.015073538E-03
-116.768000E-06,-402.010056674E-03
-116.760000E-06,-402.010053396E-03
-116.752000E-06,-402.010053396E-03
-116.744000E-06,-402.010053396E-03
-116.736000E-06,-402.010053396E-03
-116.728000E-06,-402.010053396E-03
-116.720000E-06,-402.010053396E-03
-116.712000E-06,-402.010053396E-03
-116.704000E-06,-402.010053396E-03
-116.696000E-06,-402.010053396E-03
-116.688000E-06,-402.010053396E-03
-116.680000E-06,-402.010053396E-03
-116.672000E-06,-402.010053396E-03
-116.664000E-06,-402.010053396E-03
-116.656000E-06,-402.010053396E-03
-116.648000E-06,-402.010053396E-03
-116.640000E-06,-402.010053396E-03
-116.632000E-06,-402.010053396E-03
-116.624000E-06,-402.010053396E-03
-116.616000E-06,-402.010053396E-03
-116.608000E-06,-402.010053396E-03
-116.600000E-06,-402.010053396E-03
-116.592000E-06,-402.010053396E-03
-116.584000E-06,-402.010053396E-03
-116.576000E-06,-402.010053396E-03
-116.568000E-06,-402.010053396E-03
-116.560000E-06,-402.010053396E-03
-116.552000E-06,-402.010053396E-03
-116.544000E-06,-402.010053396E-03
-116.536000E-06,-402.010053396E-03
-116.528000E-06,-402.010053396E-03
-116.520000E-06,-402.010053396E-03
-116.512000E-06,-402.010053396E-03
-116.504000E-06,-402.010053396E-03
-116.496000E-06,-402.010053396E-03
-116.488000E-06,-402.010053396E-03
-116.480000E-06,-402.010053396E-03
-116.472000E-06,-402.010053396E-03
-116.464000E-06,-402.010053396E-03
-116.456000E-06,-402.010053396E-03
-116.448000E-06,-603.015076821E-03
-116.440000E-06,-402.010056670E-03
-116.432000E-06,-402.010053396E-03
-116.424000E-06,-402.010053396E-03
-116.416000E-06,-402.010053396E-03
-116.408000E-06,-402.010053396E-03
-116.400000E-06,-402.010053396E-03
-116.392000E-06,-402.010053396E-03
-116.384000E-06,-402.010053396E-03
-116.376000E-06,-402.010053396E-03
-116.368000E-06,-402.010053396E-03
-116.360000E-06,-402.010053396E-03
-116.352000E-06,-402.010053396E-03
-116.344000E-06,-402.010053396E-03
-116.336000E-06,-603.015076821E-03
-116.328000E-06,-402.010056669E-03
-116.320000E-06,-402.010053396E-03
-116.312000E-06,-402.010053396E-03
-116.304000E-06,-402.010053396E-03
-116.296000E-06,-402.010053396E-03
-116.288000E-06,-402.010053396E-03
-116.280000E-06,-603.015076823E-03
-116.272000E-06,-402.010056668E-03
-116.264000E-06,-402.010053396E-03
-116.256000E-06,-402.010053396E-03
-116.248000E-06,-402.010053396E-03
-116.240000E-06,-402.010053396E-03
-116.232000E-06,-402.010053396E-03
-116.224000E-06,-402.010053396E-03
-116.216000E-06,-402.010053396E-03
-116.208000E-06,-402.010053396E-03
-116.200000E-06,-402.010053396E-03
-116.192000E-06,-402.010053396E-03
-116.184000E-06,-402.010053396E-03
-116.176000E-06,-402.010053396E-03
-116.168000E-06,-402.010053396E-03
-116.160000E-06,-402.010053396E-03
-116.152000E-06,-402.010053396E-03
-116.144000E-06,-402.010053396E-03
-116.136000E-06,-402.010053396E-03
-116.128000E-06,-402.010053396E-03
-116.120000E-06,-402.010053396E-03
-116.112000E-06,-402.010053396E-03
-116.104000E-06,-402.010053396E-03
-116.096000E-06,-402.010053396E-03
-116.088000E-06,-402.010053396E-03
-116.080000E-06,-201.005029968E-03
-116.072000E-06,-402.010050127E-03
-116.064000E-06,-402.010053396E-03
-116.056000E-06,-402.010053396E-03
-116.048000E-06,-402.010053396E-03
-116.040000E-06,-402.010053396E-03
-116.032000E-06,-402.010053396E-03
-116.024000E-06,-402.010053396E-03
-116.016000E-06,-402.010053396E-03
-116.008000E-06,-402.010053396E-03
-116.000000E-06,-402.010053396E-03
-115.992000E-06,-402.010053396E-03
-115.984000E-06,-402.010053396E-03
-115.976000E-06,-402.010053396E-03
-115.968000E-06,-402.010053396E-03
-115.960000E-06,-402.010053396E-03
-115.952000E-06,-603.015076827E-03
-115.944000E-06,-402.010056663E-03
-115.936000E-06,-402.010053396E-03
-115.928000E-06,-402.010053396E-03
-115.920000E-06,-402.010053396E-03
-115.912000E-06,-402.010053396E-03
-115.904000E-06,-402.010053396E-03
-115.896000E-06,-402.010053396E-03
-115.888000E-06,-402.010053396E-03
-115.880000E-06,-402.010053396E-03
-115.872000E-06,-402.010053396E-03
-115.864000E-06,-402.010053396E-03
-115.856000E-06,-402.010053396E-03
-115.848000E-06,-402.010053396E-03
-115.840000E-06,-402.010053396E-03
-115.832000E-06,-402.010053396E-03
-115.824000E-06,-402.010053396E-03
-115.816000E-06,-402.010053396E-03
-115.808000E-06,-402.010053396E-03
-115.800000E-06,-402.010053396E-03
-115.792000E-06,-402.010053396E-03
-115.784000E-06,-402.010053396E-03
-115.776000E-06,-402.010053396E-03
-115.768000E-06,-402.010053396E-03
-115.760000E-06,-402.010053396E-03
-115.752000E-06,-402.010053396E-03
-115.744000E-06,-402.010053396E-03
-115.736000E-06,-402.010053396E-03
-115.728000E-06,-402.010053396E-03
-115.720000E-06,-402.010053396E-03
-115.712000E-06,-402.010053396E-03
-115.704000E-06,-603.015076830E-03
-115.696000E-06,-402.010056661E-03
-115.688000E-06,-603.015076830E-03
-115.680000E-06,-402.010056661E-03
-115.672000E-06,-402.010053396E-03
-115.664000E-06,-402.010053396E-03
-115.656000E-06,-603.015076830E-03
-115.648000E-06,-402.010056661E-03
-115.640000E-06,-402.010053396E-03
-115.632000E-06,-402.010053396E-03
-115.624000E-06,-402.010053396E-03
-115.616000E-06,-402.010053396E-03
-115.608000E-06,-402.010053396E-03
-115.600000E-06,-402.010053396E-03
-115.592000E-06,-402.010053396E-03
-115.584000E-06,-402.010053396E-03
-115.576000E-06,-402.010053396E-03
-115.568000E-06,-402.010053396E-03
-115.560000E-06,-402.010053396E-03
-115.552000E-06,-402.010053396E-03
-115.544000E-06,-402.010053396E-03
-115.536000E-06,-603.015076831E-03
-115.528000E-06,-402.010056659E-03
-115.520000E-06,-402.010053396E-03
-115.512000E-06,-402.010053396E-03
-115.504000E-06,-603.015076832E-03
-115.496000E-06,-603.015080094E-03
-115.488000E-06,-402.010056658E-03
-115.480000E-06,-402.010053396E-03
-115.472000E-06,-402.010053396E-03
-115.464000E-06,-402.010053396E-03
-115.456000E-06,-402.010053396E-03
-115.448000E-06,-402.010053396E-03
-115.440000E-06,-402.010053396E-03
-115.432000E-06,-603.015076833E-03
-115.424000E-06,-402.010056658E-03
-115.416000E-06,-402.010053396E-03
-115.408000E-06,-402.010053396E-03
-115.400000E-06,-402.010053396E-03
-115.392000E-06,-402.010053396E-03
-115.384000E-06,-402.010053396E-03
-115.376000E-06,-402.010053396E-03
-115.368000E-06,-402.010053396E-03
-115.360000E-06,-402.010053396E-03
-115.352000E-06,-402.010053396E-03
-115.344000E-06,-402.010053396E-03
-115.336000E-06,-402.010053396E-03
-115.328000E-06,-402.010053396E-03
-115.320000E-06,-402.010053396E-03
-115.312000E-06,-201.005029958E-03
-115.304000E-06,-402.010050136E-03
-115.296000E-06,-402.010053396E-03
-115.288000E-06,-402.010053396E-03
-115.280000E-06,-402.010053396E-03
-115.272000E-06,-402.010053396E-03
-115.264000E-06,-402.010053396E-03
-115.256000E-06,-402.010053396E-03
-115.248000E-06,-603.015076836E-03
-115.240000E-06,-402.010056655E-03
-115.232000E-06,-402.010053396E-03
-115.224000E-06,-402.010053396E-03
-115.216000E-06,-402.010053396E-03
-115.208000E-06,-402.010053396E-03
-115.200000E-06,-402.010053396E-03
-115.192000E-06,-402.010053396E-03
-115.184000E-06,-603.015076836E-03
-115.176000E-06,-402.010056655E-03
-115.168000E-06,-402.010053396E-03
-115.160000E-06,-402.010053396E-03
-115.152000E-06,-402.010053396E-03
-115.144000E-06,-603.015076837E-03
-115.136000E-06,-402.010056653E-03
-115.128000E-06,-402.010053396E-03
-115.120000E-06,-402.010053396E-03
-115.112000E-06,-402.010053396E-03
-115.104000E-06,-402.010053396E-03
-115.096000E-06,-402.010053396E-03
-115.088000E-06,-402.010053396E-03
-115.080000E-06,-402.010053396E-03
-115.072000E-06,-402.010053396E-03
-115.064000E-06,-402.010053396E-03
-115.056000E-06,-402.010053396E-03
-115.048000E-06,-402.010053396E-03
-115.040000E-06,-402.010053396E-03
-115.032000E-06,-402.010053396E-03
-115.024000E-06,-402.010053396E-03
-115.016000E-06,-402.010053396E-03
-115.008000E-06,-402.010053396E-03
-115.000000E-06,-402.010053396E-03
-114.992000E-06,-402.010053396E-03
-114.984000E-06,-402.010053396E-03
-114.976000E-06,-402.010053396E-03
-114.968000E-06,-402.010053396E-03
-114.960000E-06,-402.010053396E-03
-114.952000E-06,-402.010053396E-03
-114.944000E-06,-603.015076839E-03
-114.936000E-06,-402.010056652E-03
-114.928000E-06,-402.010053396E-03
-114.920000E-06,-402.010053396E-03
-114.912000E-06,-402.010053396E-03
-114.904000E-06,-402.010053396E-03
-114.896000E-06,-402.010053396E-03
-114.888000E-06,-402.010053396E-03
-114.880000E-06,-402.010053396E-03
-114.872000E-06,-402.010053396E-03
-114.864000E-06,-402.010053396E-03
-114.856000E-06,-402.010053396E-03
-114.848000E-06,-402.010053396E-03
-114.840000E-06,-603.015076840E-03
-114.832000E-06,-402.010056650E-03
-114.824000E-06,-402.010053396E-03
-114.816000E-06,-402.010053396E-03
-114.808000E-06,-402.010053396E-03
-114.800000E-06,-402.010053396E-03
-114.792000E-06,-402.010053396E-03
-114.784000E-06,-603.015076842E-03
-114.776000E-06,-402.010056649E-03
-114.768000E-06,-402.010053396E-03
-114.760000E-06,-402.010053396E-03
-114.752000E-06,-402.010053396E-03
-114.744000E-06,-402.010053396E-03
-114.736000E-06,-402.010053396E-03
-114.728000E-06,-402.010053396E-03
-114.720000E-06,-603.015076842E-03
-114.712000E-06,-402.010056649E-03
-114.704000E-06,-402.010053396E-03
-114.696000E-06,-402.010053396E-03
-114.688000E-06,-402.010053396E-03
-114.680000E-06,-402.010053396E-03
-114.672000E-06,-402.010053396E-03
-114.664000E-06,-402.010053396E-03
-114.656000E-06,-402.010053396E-03
-114.648000E-06,-402.010053396E-03
-114.640000E-06,-603.015076843E-03
-114.632000E-06,-402.010056647E-03
-114.624000E-06,-402.010053396E-03
-114.616000E-06,-402.010053396E-03
-114.608000E-06,-201.005029949E-03
-114.600000E-06,-201.005026698E-03
-114.592000E-06,-402.010050145E-03
-114.584000E-06,-603.015076843E-03
-114.576000E-06,-402.010056647E-03
-114.568000E-06,-402.010053396E-03
-114.560000E-06,-402.010053396E-03
-114.552000E-06,-402.010053396E-03
-114.544000E-06,-402.010053396E-03
-114.536000E-06,-402.010053396E-03
-114.528000E-06,-402.010053396E-03
-114.520000E-06,-402.010053396E-03
-114.512000E-06,-402.010053396E-03
-114.504000E-06,-402.010053396E-03
-114.496000E-06,-402.010053396E-03
-114.488000E-06,-402.010053396E-03
-114.480000E-06,-402.010053396E-03
-114.472000E-06,-402.010053396E-03
-114.464000E-06,-402.010053396E-03
-114.456000E-06,-402.010053396E-03
-114.448000E-06,-402.010053396E-03
-114.440000E-06,-402.010053396E-03
-114.432000E-06,-402.010053396E-03
-114.424000E-06,-402.010053396E-03
-114.416000E-06,-402.010053396E-03
-114.408000E-06,-603.015076846E-03
-114.400000E-06,-402.010056644E-03
-114.392000E-06,-402.010053396E-03
-114.384000E-06,-402.010053396E-03
-114.376000E-06,-402.010053396E-03
-114.368000E-06,-402.010053396E-03
-114.360000E-06,-402.010053396E-03
-114.352000E-06,-402.010053396E-03
-114.344000E-06,-402.010053396E-03
-114.336000E-06,-402.010053396E-03
-114.328000E-06,-402.010053396E-03
-114.320000E-06,-402.010053396E-03
-114.312000E-06,-402.010053396E-03
-114.304000E-06,-402.010053396E-03
-114.296000E-06,-402.010053396E-03
-114.288000E-06,-402.010053396E-03
-114.280000E-06,-402.010053396E-03
-114.272000E-06,-402.010053396E-03
-114.264000E-06,-402.010053396E-03
-114.256000E-06,-402.010053396E-03
-114.248000E-06,-402.010053396E-03
-114.240000E-06,-402.010053396E-03
-114.232000E-06,-402.010053396E-03
-114.224000E-06,-402.010053396E-03
-114.216000E-06,-402.010053396E-03
-114.208000E-06,-402.010053396E-03
-114.200000E-06,-402.010053396E-03
-114.192000E-06,-402.010053396E-03
-114.184000E-06,-402.010053396E-03
-114.176000E-06,-402.010053396E-03
-114.168000E-06,-402.010053396E-03
-114.160000E-06,-402.010053396E-03
-114.152000E-06,-402.010053396E-03
-114.144000E-06,-402.010053396E-03
-114.136000E-06,-201.005029943E-03
-114.128000E-06,-402.010050151E-03
-114.120000E-06,-402.010053396E-03
-114.112000E-06,-402.010053396E-03
-114.104000E-06,-402.010053396E-03
-114.096000E-06,-402.010053396E-03
-114.088000E-06,-402.010053396E-03
-114.080000E-06,-603.015076851E-03
-114.072000E-06,-402.010056640E-03
-114.064000E-06,-402.010053396E-03
-114.056000E-06,-402.010053396E-03
-114.048000E-06,-402.010053396E-03
-114.040000E-06,-402.010053396E-03
-114.032000E-06,-402.010053396E-03
-114.024000E-06,-402.010053396E-03
-114.016000E-06,-402.010053396E-03
-114.008000E-06,-402.010053396E-03
-114.000000E-06,-402.010053396E-03
-113.992000E-06,-402.010053396E-03
-113.984000E-06,-402.010053396E-03
-113.976000E-06,-402.010053396E-03
-113.968000E-06,-402.010053396E-03
-113.960000E-06,-402.010053396E-03
-113.952000E-06,-402.010053396E-03
-113.944000E-06,-402.010053396E-03
-113.936000E-06,-402.010053396E-03
-113.928000E-06,-402.010053396E-03
-113.920000E-06,-402.010053396E-03
-113.912000E-06,-402.010053396E-03
-113.904000E-06,-402.010053396E-03
-113.896000E-06,-402.010053396E-03
-113.888000E-06,-402.010053396E-03
-113.880000E-06,-402.010053396E-03
-113.872000E-06,-201.005029940E-03
-113.864000E-06,-402.010050155E-03
-113.856000E-06,-402.010053396E-03
-113.848000E-06,-603.015076853E-03
-113.840000E-06,-402.010056637E-03
-113.832000E-06,-603.015076853E-03
-113.824000E-06,-402.010056637E-03
-113.816000E-06,-402.010053396E-03
-113.808000E-06,-402.010053396E-03
-113.800000E-06,-402.010053396E-03
-113.792000E-06,-402.010053396E-03
-113.784000E-06,-402.010053396E-03
-113.776000E-06,-402.010053396E-03
-113.768000E-06,-402.010053396E-03
-113.760000E-06,-402.010053396E-03
-113.752000E-06,-402.010053396E-03
-113.744000E-06,-402.010053396E-03
-113.736000E-06,-402.010053396E-03
-113.728000E-06,-402.010053396E-03
-113.720000E-06,-402.010053396E-03
-113.712000E-06,-402.010053396E-03
-113.704000E-06,-402.010053396E-03
-113.696000E-06,-402.010053396E-03
-113.688000E-06,-402.010053396E-03
-113.680000E-06,-402.010053396E-03
-113.672000E-06,-402.010053396E-03
-113.664000E-06,-402.010053396E-03
-113.656000E-06,-402.010053396E-03
-113.648000E-06,-402.010053396E-03
-113.640000E-06,-402.010053396E-03
-113.632000E-06,-402.010053396E-03
-113.624000E-06,-402.010053396E-03
-113.616000E-06,-402.010053396E-03
-113.608000E-06,-402.010053396E-03
-113.600000E-06,-402.010053396E-03
-113.592000E-06,-402.010053396E-03
-113.584000E-06,-402.010053396E-03
-113.576000E-06,-402.010053396E-03
-113.568000E-06,-402.010053396E-03
-113.560000E-06,-402.010053396E-03
-113.552000E-06,-402.010053396E-03
-113.544000E-06,-402.010053396E-03
-113.536000E-06,-603.015076856E-03
-113.528000E-06,-402.010056633E-03
-113.520000E-06,-402.010053396E-03
-113.512000E-06,-402.010053396E-03
-113.504000E-06,-402.010053396E-03
-113.496000E-06,-402.010053396E-03
-113.488000E-06,-402.010053396E-03
-113.480000E-06,-402.010053396E-03
-113.472000E-06,-402.010053396E-03
-113.464000E-06,-402.010053396E-03
-113.456000E-06,-402.010053396E-03
-113.448000E-06,-402.010053396E-03
-113.440000E-06,-402.010053396E-03
-113.432000E-06,-402.010053396E-03
-113.424000E-06,-402.010053396E-03
-113.416000E-06,-402.010053396E-03
-113.408000E-06,-402.010053396E-03
-113.400000E-06,-402.010053396E-03
-113.392000E-06,-402.010053396E-03
-113.384000E-06,-402.010053396E-03
-113.376000E-06,-402.010053396E-03
-113.368000E-06,-402.010053396E-03
-113.360000E-06,-402.010053396E-03
-113.352000E-06,-402.010053396E-03
-113.344000E-06,-201.005029933E-03
-113.336000E-06,-402.010050161E-03
-113.328000E-06,-402.010053396E-03
-113.320000E-06,-402.010053396E-03
-113.312000E-06,-402.010053396E-03
-113.304000E-06,-402.010053396E-03
-113.296000E-06,-402.010053396E-03
-113.288000E-06,-402.010053396E-03
-113.280000E-06,-402.010053396E-03
-113.272000E-06,-402.010053396E-03
-113.264000E-06,-402.010053396E-03
-113.256000E-06,-402.010053396E-03
-113.248000E-06,-402.010053396E-03
-113.240000E-06,-402.010053396E-03
-113.232000E-06,-402.010053396E-03
-113.224000E-06,-402.010053396E-03
-113.216000E-06,-402.010053396E-03
-113.208000E-06,-402.010053396E-03
-113.200000E-06,-402.010053396E-03
-113.192000E-06,-402.010053396E-03
-113.184000E-06,-603.015076861E-03
-113.176000E-06,-603.015080094E-03
-113.168000E-06,-402.010056629E-03
-113.160000E-06,-201.005029931E-03
-113.152000E-06,-402.010050164E-03
-113.144000E-06,-402.010053396E-03
-113.136000E-06,-402.010053396E-03
-113.128000E-06,-402.010053396E-03
-113.120000E-06,-402.010053396E-03
-113.112000E-06,-402.010053396E-03
-113.104000E-06,-402.010053396E-03
-113.096000E-06,-402.010053396E-03
-113.088000E-06,-402.010053396E-03
-113.080000E-06,-402.010053396E-03
-113.072000E-06,-402.010053396E-03
-113.064000E-06,-402.010053396E-03
-113.056000E-06,-402.010053396E-03
-113.048000E-06,-201.005029930E-03
-113.040000E-06,-402.010050165E-03
-113.032000E-06,-201.005029929E-03
-113.024000E-06,-402.010050166E-03
-113.016000E-06,-201.005029929E-03
-113.008000E-06,-402.010050166E-03
-113.000000E-06,-201.005029929E-03
-112.992000E-06,-402.010050166E-03
-112.984000E-06,-402.010053396E-03
-112.976000E-06,-201.005029929E-03
-112.968000E-06,-402.010050166E-03
-112.960000E-06,-402.010053396E-03
-112.952000E-06,-402.010053396E-03
-112.944000E-06,-402.010053396E-03
-112.936000E-06,-402.010053396E-03
-112.928000E-06,-402.010053396E-03
-112.920000E-06,-201.005029928E-03
-112.912000E-06,-402.010050167E-03
-112.904000E-06,-402.010053396E-03
-112.896000E-06,-402.010053396E-03
-112.888000E-06,-402.010053396E-03
-112.880000E-06,-402.010053396E-03
-112.872000E-06,-402.010053396E-03
-112.864000E-06,-402.010053396E-03
-112.856000E-06,-402.010053396E-03
-112.848000E-06,-402.010053396E-03
-112.840000E-06,-402.010053396E-03
-112.832000E-06,-201.005029927E-03
-112.824000E-06,-402.010050168E-03
-112.816000E-06,-201.005029927E-03
-112.808000E-06,-402.010050168E-03
-112.800000E-06,-402.010053396E-03
-112.792000E-06,-402.010053396E-03
-112.784000E-06,-402.010053396E-03
-112.776000E-06,-201.005029926E-03
-112.768000E-06,-402.010050168E-03
-112.760000E-06,-402.010053396E-03
-112.752000E-06,-402.010053396E-03
-112.744000E-06,-402.010053396E-03
-112.736000E-06,-402.010053396E-03
-112.728000E-06,-402.010053396E-03
-112.720000E-06,-402.010053396E-03
-112.712000E-06,-402.010053396E-03
-112.704000E-06,-402.010053396E-03
-112.696000E-06,-201.005029925E-03
-112.688000E-06,-201.005026698E-03
-112.680000E-06,-201.005026698E-03
-112.672000E-06,-402.010050170E-03
-112.664000E-06,-402.010053396E-03
-112.656000E-06,-201.005029924E-03
-112.648000E-06,-402.010050170E-03
-112.640000E-06,-402.010053396E-03
-112.632000E-06,-402.010053396E-03
-112.624000E-06,-201.005029924E-03
-112.616000E-06,-402.010050170E-03
-112.608000E-06,-402.010053396E-03
-112.600000E-06,-402.010053396E-03
-112.592000E-06,-402.010053396E-03
-112.584000E-06,-402.010053396E-03
-112.576000E-06,-402.010053396E-03
-112.568000E-06,-402.010053396E-03
-112.560000E-06,-201.005029923E-03
-112.552000E-06,-402.010050171E-03
-112.544000E-06,-402.010053396E-03
-112.536000E-06,-402.010053396E-03
-112.528000E-06,-402.010053396E-03
-112.520000E-06,-402.010053396E-03
-112.512000E-06,-402.010053396E-03
-112.504000E-06,-201.005029923E-03
-112.496000E-06,-402.010050171E-03
-112.488000E-06,-402.010053396E-03
-112.480000E-06,-402.010053396E-03
-112.472000E-06,-402.010053396E-03
-112.464000E-06,-402.010053396E-03
-112.456000E-06,-201.005029922E-03
-112.448000E-06,-402.010050173E-03
-112.440000E-06,-402.010053396E-03
-112.432000E-06,-402.010053396E-03
-112.424000E-06,-402.010053396E-03
-112.416000E-06,-402.010053396E-03
-112.408000E-06,-201.005029921E-03
-112.400000E-06,-402.010050173E-03
-112.392000E-06,-402.010053396E-03
-112.384000E-06,-201.005029921E-03
-112.376000E-06,-201.005026698E-03
-112.368000E-06,-402.010050173E-03
-112.360000E-06,-402.010053396E-03
-112.352000E-06,-402.010053396E-03
-112.344000E-06,-402.010053396E-03
-112.336000E-06,-402.010053396E-03
-112.328000E-06,-402.010053396E-03
-112.320000E-06,-402.010053396E-03
-112.312000E-06,-402.010053396E-03
-112.304000E-06,-402.010053396E-03
-112.296000E-06,-402.010053396E-03
-112.288000E-06,-402.010053396E-03
-112.280000E-06,-402.010053396E-03
-112.272000E-06,-402.010053396E-03
-112.264000E-06,-402.010053396E-03
-112.256000E-06,-201.005029920E-03
-112.248000E-06,-402.010050175E-03
-112.240000E-06,-402.010053396E-03
-112.232000E-06,-402.010053396E-03
-112.224000E-06,-402.010053396E-03
-112.216000E-06,-402.010053396E-03
-112.208000E-06,-402.010053396E-03
-112.200000E-06,-402.010053396E-03
-112.192000E-06,-402.010053396E-03
-112.184000E-06,-402.010053396E-03
-112.176000E-06,-201.005029919E-03
-112.168000E-06,-402.010050176E-03
-112.160000E-06,-402.010053396E-03
-112.152000E-06,-402.010053396E-03
-112.144000E-06,-402.010053396E-03
-112.136000E-06,-402.010053396E-03
-112.128000E-06,-402.010053396E-03
-112.120000E-06,-402.010053396E-03
-112.112000E-06,-402.010053396E-03
-112.104000E-06,-402.010053396E-03
-112.096000E-06,-402.010053396E-03
-112.088000E-06,-201.005029917E-03
-112.080000E-06,-402.010050177E-03
-112.072000E-06,-201.005029917E-03
-112.064000E-06,-402.010050177E-03
-112.056000E-06,-402.010053396E-03
-112.048000E-06,-402.010053396E-03
-112.040000E-06,-201.005029917E-03
-112.032000E-06,-402.010050177E-03
-112.024000E-06,-201.005029917E-03
-112.016000E-06,-402.010050177E-03
-112.008000E-06,-201.005029916E-03
-112.000000E-06,-402.010050178E-03
-111.992000E-06,-201.005029916E-03
-111.984000E-06,-201.005026698E-03
-111.976000E-06,-402.010050179E-03
-111.968000E-06,-402.010053396E-03
-111.960000E-06,-402.010053396E-03
-111.952000E-06,-402.010053396E-03
-111.944000E-06,-402.010053396E-03
-111.936000E-06,-201.005029916E-03
-111.928000E-06,-201.005026698E-03
-111.920000E-06,-201.005026698E-03
-111.912000E-06,-201.005026698E-03
-111.904000E-06,-402.010050179E-03
-111.896000E-06,-402.010053396E-03
-111.888000E-06,-402.010053396E-03
-111.880000E-06,-201.005029915E-03
-111.872000E-06,-201.005026698E-03
-111.864000E-06,-402.010050180E-03
-111.856000E-06,-402.010053396E-03
-111.848000E-06,-201.005029914E-03
-111.840000E-06,-402.010050180E-03
-111.832000E-06,-402.010053396E-03
-111.824000E-06,-402.010053396E-03
-111.816000E-06,-201.005029914E-03
-111.808000E-06,-201.005026698E-03
-111.800000E-06,-402.010050180E-03
-111.792000E-06,-201.005029914E-03
-111.784000E-06,-402.010050180E-03
-111.776000E-06,-402.010053396E-03
-111.768000E-06,-402.010053396E-03
-111.760000E-06,-402.010053396E-03
-111.752000E-06,-402.010053396E-03
-111.744000E-06,-201.005029913E-03
-111.736000E-06,-201.005026698E-03
-111.728000E-06,-201.005026698E-03
-111.720000E-06,-402.010050182E-03
-111.712000E-06,-402.010053396E-03
-111.704000E-06,-201.005029913E-03
-111.696000E-06,-402.010050182E-03
-111.688000E-06,-402.010053396E-03
-111.680000E-06,-402.010053396E-03
-111.672000E-06,-201.005029913E-03
-111.664000E-06,-201.005026698E-03
-111.656000E-06,-201.005026698E-03
-111.648000E-06,-402.010050182E-03
-111.640000E-06,-402.010053396E-03
-111.632000E-06,-201.005029911E-03
-111.624000E-06,-201.005026698E-03
-111.616000E-06,-201.005026698E-03
-111.608000E-06,-201.005026698E-03
-111.600000E-06,-402.010050183E-03
-111.592000E-06,-201.005029911E-03
-111.584000E-06,-201.005026698E-03
-111.576000E-06,-201.005026698E-03
-111.568000E-06,-201.005026698E-03
-111.560000E-06,-402.010050183E-03
-111.552000E-06,-201.005029911E-03
-111.544000E-06,-402.010050184E-03
-111.536000E-06,-201.005029911E-03
-111.528000E-06,-402.010050184E-03
-111.520000E-06,-201.005029911E-03
-111.512000E-06,-201.005026698E-03
-111.504000E-06,-201.005026698E-03
-111.496000E-06,-201.005026698E-03
-111.488000E-06,-402.010050185E-03
-111.480000E-06,-201.005029910E-03
-111.472000E-06,-201.005026698E-03
-111.464000E-06,-201.005026698E-03
-111.456000E-06,-402.010050185E-03
-111.448000E-06,-201.005029910E-03
-111.440000E-06,-201.005026698E-03
-111.432000E-06,-201.005026698E-03
-111.424000E-06,-201.005026698E-03
-111.416000E-06,-201.005026698E-03
-111.408000E-06,-201.005026698E-03
-111.400000E-06,-201.005026698E-03
-111.392000E-06,-201.005026698E-03
-111.384000E-06,-402.010050186E-03
-111.376000E-06,-402.010053396E-03
-111.368000E-06,-402.010053396E-03
-111.360000E-06,-402.010053396E-03
-111.352000E-06,-201.005029908E-03
-111.344000E-06,-201.005026698E-03
-111.336000E-06,-402.010050186E-03
-111.328000E-06,-402.010053396E-03
-111.320000E-06,-402.010053396E-03
-111.312000E-06,-201.005029908E-03
-111.304000E-06,-201.005026698E-03
-111.296000E-06,-402.010050187E-03
-111.288000E-06,-402.010053396E-03
-111.280000E-06,-201.005029907E-03
-111.272000E-06,-201.005026698E-03
-111.264000E-06,-201.005026698E-03
-111.256000E-06,-201.005026698E-03
-111.248000E-06,-201.005026698E-03
-111.240000E-06,-201.005026698E-03
-111.232000E-06,-201.005026698E-03
-111.224000E-06,-201.005026698E-03
-111.216000E-06,-201.005026698E-03
-111.208000E-06,-402.010050187E-03
-111.200000E-06,-201.005029907E-03
-111.192000E-06,-402.010050188E-03
-111.184000E-06,-201.005029906E-03
-111.176000E-06,-201.005026698E-03
-111.168000E-06,-402.010050189E-03
-111.160000E-06,-402.010053396E-03
-111.152000E-06,-201.005029905E-03
-111.144000E-06,-201.005026698E-03
-111.136000E-06,-402.010050189E-03
-111.128000E-06,-201.005029905E-03
-111.120000E-06,-201.005026698E-03
-111.112000E-06,-402.010050189E-03
-111.104000E-06,-201.005029905E-03
-111.096000E-06,-201.005026698E-03
-111.088000E-06,-201.005026698E-03
-111.080000E-06,-402.010050190E-03
-111.072000E-06,-201.005029905E-03
-111.064000E-06,-201.005026698E-03
-111.056000E-06,-201.005026698E-03
-111.048000E-06,-201.005026698E-03
-111.040000E-06,-402.010050190E-03
-111.032000E-06,-402.010053396E-03
-111.024000E-06,-402.010053396E-03
-111.016000E-06,-201.005029904E-03
-111.008000E-06,-201.005026698E-03
-111.000000E-06,-201.005026698E-03
-110.992000E-06,-201.005026698E-03
-110.984000E-06,-201.005026698E-03
-110.976000E-06,-201.005026698E-03
-110.968000E-06,-201.005026698E-03
-110.960000E-06,-201.005026698E-03
-110.952000E-06,-201.005026698E-03
-110.944000E-06,-201.005026698E-03
-110.936000E-06,-201.005026698E-03
-110.928000E-06,-201.005026698E-03
-110.920000E-06,-201.005026698E-03
-110.912000E-06,-201.005026698E-03
-110.904000E-06,-201.005026698E-03
-110.896000E-06,-201.005026698E-03
-110.888000E-06,-402.010050192E-03
-110.880000E-06,-201.005029902E-03
-110.872000E-06,-201.005026698E-03
-110.864000E-06,-201.005026698E-03
-110.856000E-06,-201.005026698E-03
-110.848000E-06,-201.005026698E-03
-110.840000E-06,-201.005026698E-03
-110.832000E-06,-402.010050193E-03
-110.824000E-06,-201.005029902E-03
-110.816000E-06,-201.005026698E-03
-110.808000E-06,-201.005026698E-03
-110.800000E-06,-201.005026698E-03
-110.792000E-06,-201.005026698E-03
-110.784000E-06,-201.005026698E-03
-110.776000E-06,-201.005026698E-03
-110.768000E-06,-402.010050193E-03
-110.760000E-06,-201.005029901E-03
-110.752000E-06,-201.005026698E-03
-110.744000E-06,-201.005026698E-03
-110.736000E-06,-201.005026698E-03
-110.728000E-06,-201.005026698E-03
-110.720000E-06,-201.005026698E-03
-110.712000E-06,-402.010050194E-03
-110.704000E-06,-201.005029900E-03
-110.696000E-06,-201.005026698E-03
-110.688000E-06,-201.005026698E-03
-110.680000E-06,-201.005026698E-03
-110.672000E-06,-402.010050195E-03
-110.664000E-06,-402.010053396E-03
-110.656000E-06,-201.005029900E-03
-110.648000E-06,-201.005026698E-03
-110.640000E-06,-201.005026698E-03
-110.632000E-06,-201.005026698E-03
-110.624000E-06,-402.010050195E-03
-110.616000E-06,-201.005029900E-03
-110.608000E-06,-201.005026698E-03
-110.600000E-06,-201.005026698E-03
-110.592000E-06,-402.010050196E-03
-110.584000E-06,-201.005029898E-03
-110.576000E-06,-201.005026698E-03
-110.568000E-06,-201.005026698E-03
-110.560000E-06,-201.005026698E-03
-110.552000E-06,-201.005026698E-03
-110.544000E-06,-201.005026698E-03
-110.536000E-06,-201.005026698E-03
-110.528000E-06,-201.005026698E-03
-110.520000E-06,-201.005026698E-03
-110.512000E-06,-201.005026698E-03
-110.504000E-06,-201.005026698E-03
-110.496000E-06,-201.005026698E-03
-110.488000E-06,-402.010050197E-03
-110.480000E-06,-201.005029897E-03
-110.472000E-06,-201.005026698E-03
-110.464000E-06,-201.005026698E-03
-110.456000E-06,-201.005026698E-03
-110.448000E-06,-201.005026698E-03
-110.440000E-06,-402.010050198E-03
-110.432000E-06,-6.397E-09
-110.424000E-06,-201.005023500E-03
-110.416000E-06,-201.005026698E-03
-110.408000E-06,-201.005026698E-03
-110.400000E-06,-201.005026698E-03
-110.392000E-06,-201.005026698E-03
-110.384000E-06,-201.005026698E-03
-110.376000E-06,-201.005026698E-03
-110.368000E-06,-201.005026698E-03
-110.360000E-06,-201.005026698E-03
-110.352000E-06,-201.005026698E-03
-110.344000E-06,-201.005026698E-03
-110.336000E-06,-201.005026698E-03
-110.328000E-06,-201.005026698E-03
-110.320000E-06,-201.005026698E-03
-110.312000E-06,-201.005026698E-03
-110.304000E-06,-402.010050199E-03
-110.296000E-06,-402.010053396E-03
-110.288000E-06,-201.005029895E-03
-110.280000E-06,-201.005026698E-03
-110.272000E-06,-201.005026698E-03
-110.264000E-06,-402.010050200E-03
-110.256000E-06,-201.005029894E-03
-110.248000E-06,-201.005026698E-03
-110.240000E-06,-201.005026698E-03
-110.232000E-06,-201.005026698E-03
-110.224000E-06,-201.005026698E-03
-110.216000E-06,-201.005026698E-03
-110.208000E-06,-201.005026698E-03
-110.200000E-06,-201.005026698E-03
-110.192000E-06,-201.005026698E-03
-110.184000E-06,-201.005026698E-03
-110.176000E-06,-201.005026698E-03
-110.168000E-06,-201.005026698E-03
-110.160000E-06,-201.005026698E-03
-110.152000E-06,-201.005026698E-03
-110.144000E-06,-201.005026698E-03
-110.136000E-06,-201.005026698E-03
-110.128000E-06,-201.005026698E-03
-110.120000E-06,-201.005026698E-03
-110.112000E-06,-201.005026698E-03
-110.104000E-06,-201.005026698E-03
-110.096000E-06,-201.005026698E-03
-110.088000E-06,-201.005026698E-03
-110.080000E-06,-402.010050202E-03
-110.072000E-06,-402.010053396E-03
-110.064000E-06,-201.005029892E-03
-110.056000E-06,-201.005026698E-03
-110.048000E-06,-201.005026698E-03
-110.040000E-06,-201.005026698E-03
-110.032000E-06,-201.005026698E-03
-110.024000E-06,-402.010050203E-03
-110.016000E-06,-402.010053396E-03
-110.008000E-06,-201.005029891E-03
-110.000000E-06,-201.005026698E-03
-109.992000E-06,-201.005026698E-03
-109.984000E-06,-201.005026698E-03
-109.976000E-06,-201.005026698E-03
-109.968000E-06,-201.005026698E-03
-109.960000E-06,-201.005026698E-03
-109.952000E-06,-201.005026698E-03
-109.944000E-06,-201.005026698E-03
-109.936000E-06,-201.005026698E-03
-109.928000E-06,-201.005026698E-03
-109.920000E-06,-201.005026698E-03
-109.912000E-06,-201.005026698E-03
-109.904000E-06,-402.010050204E-03
-109.896000E-06,-201.005029890E-03
-109.888000E-06,-201.005026698E-03
-109.880000E-06,-201.005026698E-03
-109.872000E-06,-3.191E-09
-109.864000E-06,-201.005023507E-03
-109.856000E-06,-201.005026698E-03
-109.848000E-06,-201.005026698E-03
-109.840000E-06,-201.005026698E-03
-109.832000E-06,-201.005026698E-03
-109.824000E-06,-201.005026698E-03
-109.816000E-06,-201.005026698E-03
-109.808000E-06,-201.005026698E-03
-109.800000E-06,-201.005026698E-03
-109.792000E-06,-201.005026698E-03
-109.784000E-06,-402.010050206E-03
-109.776000E-06,-201.005029889E-03
-109.768000E-06,-201.005026698E-03
-109.760000E-06,-201.005026698E-03
-109.752000E-06,-201.005026698E-03
-109.744000E-06,-201.005026698E-03
-109.736000E-06,-201.005026698E-03
-109.728000E-06,-201.005026698E-03
-109.720000E-06,-201.005026698E-03
-109.712000E-06,-201.005026698E-03
-109.704000E-06,-201.005026698E-03
-109.696000E-06,-201.005026698E-03
-109.688000E-06,-3.190E-09
-109.680000E-06,-201.005023509E-03
-109.672000E-06,-402.010050207E-03
-109.664000E-06,-201.005029887E-03
-109.656000E-06,-201.005026698E-03
-109.648000E-06,-201.005026698E-03
-109.640000E-06,-201.005026698E-03
-109.632000E-06,-201.005026698E-03
-109.624000E-06,-201.005026698E-03
-109.616000E-06,-201.005026698E-03
-109.608000E-06,-201.005026698E-03
-109.600000E-06,-201.005026698E-03
-109.592000E-06,-201.005026698E-03
-109.584000E-06,-201.005026698E-03
-109.576000E-06,-201.005026698E-03
-109.568000E-06,-201.005026698E-03
-109.560000E-06,-201.005026698E-03
-109.552000E-06,-201.005026698E-03
-109.544000E-06,-201.005026698E-03
-109.536000E-06,-201.005026698E-03
-109.528000E-06,-201.005026698E-03
-109.520000E-06,-201.005026698E-03
-109.512000E-06,-201.005026698E-03
-109.504000E-06,-201.005026698E-03
-109.496000E-06,-201.005026698E-03
-109.488000E-06,-201.005026698E-03
-109.480000E-06,-201.005026698E-03
-109.472000E-06,-201.005026698E-03
-109.464000E-06,-201.005026698E-03
-109.456000E-06,-201.005026698E-03
-109.448000E-06,-201.005026698E-03
-109.440000E-06,-201.005026698E-03
-109.432000E-06,-201.005026698E-03
-109.424000E-06,-201.005026698E-03
-109.416000E-06,-201.005026698E-03
-109.408000E-06,-201.005026698E-03
-109.400000E-06,-201.005026698E-03
-109.392000E-06,-201.005026698E-03
-109.384000E-06,-201.005026698E-03
-109.376000E-06,-201.005026698E-03
-109.368000E-06,-201.005026698E-03
-109.360000E-06,-201.005026698E-03
-109.352000E-06,-201.005026698E-03
-109.344000E-06,-201.005026698E-03
-109.336000E-06,-201.005026698E-03
-109.328000E-06,-201.005026698E-03
-109.320000E-06,-201.005026698E-03
-109.312000E-06,-201.005026698E-03
-109.304000E-06,-3.185E-09
-109.296000E-06,+0.0E+00
-109.288000E-06,-201.005023514E-03
-109.280000E-06,-201.005026698E-03
-109.272000E-06,-201.005026698E-03
-109.264000E-06,-201.005026698E-03
-109.256000E-06,-201.005026698E-03
-109.248000E-06,-201.005026698E-03
-109.240000E-06,-201.005026698E-03
-109.232000E-06,-201.005026698E-03
-109.224000E-06,-201.005026698E-03
-109.216000E-06,-201.005026698E-03
-109.208000E-06,-201.005026698E-03
-109.200000E-06,-201.005026698E-03
-109.192000E-06,-201.005026698E-03
-109.184000E-06,-201.005026698E-03
-109.176000E-06,-201.005026698E-03
-109.168000E-06,-201.005026698E-03
-109.160000E-06,-201.005026698E-03
-109.152000E-06,-201.005026698E-03
-109.144000E-06,-201.005026698E-03
-109.136000E-06,-201.005026698E-03
-109.128000E-06,-3.182E-09
-109.120000E-06,+0.0E+00
-109.112000E-06,-201.005023516E-03
-109.104000E-06,-201.005026698E-03
-109.096000E-06,-201.005026698E-03
-109.088000E-06,-201.005026698E-03
-109.080000E-06,-201.005026698E-03
-109.072000E-06,-201.005026698E-03
-109.064000E-06,-201.005026698E-03
-109.056000E-06,-201.005026698E-03
-109.048000E-06,-201.005026698E-03
-109.040000E-06,-201.005026698E-03
-109.032000E-06,-201.005026698E-03
-109.024000E-06,-201.005026698E-03
-109.016000E-06,-201.005026698E-03
-109.008000E-06,-201.005026698E-03
-109.000000E-06,-201.005026698E-03
-108.992000E-06,-201.005026698E-03
-108.984000E-06,-201.005026698E-03
-108.976000E-06,-201.005026698E-03
-108.968000E-06,-201.005026698E-03
-108.960000E-06,-201.005026698E-03
-108.952000E-06,-201.005026698E-03
-108.944000E-06,-201.005026698E-03
-108.936000E-06,-201.005026698E-03
-108.928000E-06,-201.005026698E-03
-108.920000E-06,-201.005026698E-03
-108.912000E-06,-201.005026698E-03
-108.904000E-06,-201.005026698E-03
-108.896000E-06,-3.179E-09
-108.888000E-06,+0.0E+00
-108.880000E-06,-201.005023519E-03
-108.872000E-06,-201.005026698E-03
-108.864000E-06,-201.005026698E-03
-108.856000E-06,-201.005026698E-03
-108.848000E-06,-201.005026698E-03
-108.840000E-06,-201.005026698E-03
-108.832000E-06,-3.178E-09
-108.824000E-06,-201.005023520E-03
-108.816000E-06,-201.005026698E-03
-108.808000E-06,-3.178E-09
-108.800000E-06,-201.005023520E-03
-108.792000E-06,-201.005026698E-03
-108.784000E-06,-3.178E-09
-108.776000E-06,-201.005023520E-03
-108.768000E-06,-201.005026698E-03
-108.760000E-06,-201.005026698E-03
-108.752000E-06,-3.178E-09
-108.744000E-06,-201.005023521E-03
-108.736000E-06,-201.005026698E-03
-108.728000E-06,-201.005026698E-03
-108.720000E-06,-201.005026698E-03
-108.712000E-06,-201.005026698E-03
-108.704000E-06,-201.005026698E-03
-108.696000E-06,-201.005026698E-03
-108.688000E-06,-201.005026698E-03
-108.680000E-06,-201.005026698E-03
-108.672000E-06,-201.005026698E-03
-108.664000E-06,-201.005026698E-03
-108.656000E-06,-201.005026698E-03
-108.648000E-06,-3.177E-09
-108.640000E-06,+0.0E+00
-108.632000E-06,-201.005023522E-03
-108.624000E-06,-3.176E-09
-108.616000E-06,-201.005023522E-03
-108.608000E-06,-201.005026698E-03
-108.600000E-06,-201.005026698E-03
-108.592000E-06,-3.175E-09
-108.584000E-06,-201.005023523E-03
-108.576000E-06,-201.005026698E-03
-108.568000E-06,-201.005026698E-03
-108.560000E-06,-201.005026698E-03
-108.552000E-06,-201.005026698E-03
-108.544000E-06,-3.175E-09
-108.536000E-06,-201.005023523E-03
-108.528000E-06,-201.005026698E-03
-108.520000E-06,-201.005026698E-03
-108.512000E-06,-201.005026698E-03
-108.504000E-06,-201.005026698E-03
-108.496000E-06,-201.005026698E-03
-108.488000E-06,-3.174E-09
-108.480000E-06,+0.0E+00
-108.472000E-06,-201.005023524E-03
-108.464000E-06,-201.005026698E-03
-108.456000E-06,-201.005026698E-03
-108.448000E-06,-201.005026698E-03
-108.440000E-06,-3.174E-09
-108.432000E-06,-201.005023524E-03
-108.424000E-06,-201.005026698E-03
-108.416000E-06,-201.005026698E-03
-108.408000E-06,-201.005026698E-03
-108.400000E-06,-3.174E-09
-108.392000E-06,-201.005023525E-03
-108.384000E-06,-201.005026698E-03
-108.376000E-06,-3.173E-09
-108.368000E-06,-201.005023525E-03
-108.360000E-06,-201.005026698E-03
-108.352000E-06,-201.005026698E-03
-108.344000E-06,-201.005026698E-03
-108.336000E-06,-201.005026698E-03
-108.328000E-06,-3.172E-09
-108.320000E-06,-201.005023526E-03
-108.312000E-06,-201.005026698E-03
-108.304000E-06,-201.005026698E-03
-108.296000E-06,-201.005026698E-03
-108.288000E-06,-201.005026698E-03
-108.280000E-06,-3.171E-09
-108.272000E-06,-201.005023527E-03
-108.264000E-06,-201.005026698E-03
-108.256000E-06,-201.005026698E-03
-108.248000E-06,-201.005026698E-03
-108.240000E-06,-3.171E-09
-108.232000E-06,-201.005023527E-03
-108.224000E-06,-201.005026698E-03
-108.216000E-06,-3.171E-09
-108.208000E-06,+0.0E+00
-108.200000E-06,+0.0E+00
-108.192000E-06,-201.005023527E-03
-108.184000E-06,-201.005026698E-03
-108.176000E-06,-3.171E-09
-108.168000E-06,-201.005023527E-03
-108.160000E-06,-201.005026698E-03
-108.152000E-06,-3.170E-09
-108.144000E-06,+0.0E+00
-108.136000E-06,-201.005023528E-03
-108.128000E-06,-201.005026698E-03
-108.120000E-06,-201.005026698E-03
-108.112000E-06,-201.005026698E-03
-108.104000E-06,-201.005026698E-03
-108.096000E-06,-201.005026698E-03
-108.088000E-06,-3.169E-09
-108.080000E-06,+0.0E+00
-108.072000E-06,-201.005023529E-03
-108.064000E-06,-3.169E-09
-108.056000E-06,-201.005023529E-03
-108.048000E-06,-201.005026698E-03
-108.040000E-06,-201.005026698E-03
-108.032000E-06,-3.169E-09
-108.024000E-06,-201.005023530E-03
-108.016000E-06,-201.005026698E-03
-108.008000E-06,-3.168E-09
-108.000000E-06,-201.005023530E-03
-107.992000E-06,-201.005026698E-03
-107.984000E-06,-201.005026698E-03
-107.976000E-06,-201.005026698E-03
-107.968000E-06,-3.168E-09
-107.960000E-06,+0.0E+00
-107.952000E-06,+0.0E+00
-107.944000E-06,+0.0E+00
-107.936000E-06,-201.005023530E-03
-107.928000E-06,-201.005026698E-03
-107.920000E-06,-3.167E-09
-107.912000E-06,+0.0E+00
-107.904000E-06,-201.005023531E-03
-107.896000E-06,-201.005026698E-03
-107.888000E-06,-201.005026698E-03
-107.880000E-06,-201.005026698E-03
-107.872000E-06,-201.005026698E-03
-107.864000E-06,-3.166E-09
-107.856000E-06,+0.0E+00
-107.848000E-06,+0.0E+00
-107.840000E-06,-201.005023532E-03
-107.832000E-06,-201.005026698E-03
-107.824000E-06,-201.005026698E-03
-107.816000E-06,-3.166E-09
-107.808000E-06,+0.0E+00
-107.800000E-06,-201.005023533E-03
-107.792000E-06,-201.005026698E-03
-107.784000E-06,-3.165E-09
-107.776000E-06,-201.005023533E-03
-107.768000E-06,-201.005026698E-03
-107.760000E-06,-3.165E-09
-107.752000E-06,-201.005023533E-03
-107.744000E-06,-3.165E-09
-107.736000E-06,-201.005023533E-03
-107.728000E-06,-3.165E-09
-107.720000E-06,+0.0E+00
-107.712000E-06,+0.0E+00
-107.704000E-06,+0.0E+00
-107.696000E-06,-201.005023534E-03
-107.688000E-06,-201.005026698E-03
-107.680000E-06,-201.005026698E-03
-107.672000E-06,-3.164E-09
-107.664000E-06,+0.0E+00
-107.656000E-06,+0.0E+00
-107.648000E-06,+0.0E+00
-107.640000E-06,+0.0E+00
-107.632000E-06,-201.005023535E-03
-107.624000E-06,-3.163E-09
-107.616000E-06,+0.0E+00
-107.608000E-06,+0.0E+00
-107.600000E-06,-201.005023535E-03
-107.592000E-06,-3.163E-09
-107.584000E-06,-201.005023535E-03
-107.576000E-06,-3.163E-09
-107.568000E-06,-201.005023535E-03
-107.560000E-06,-201.005026698E-03
-107.552000E-06,-201.005026698E-03
-107.544000E-06,-201.005026698E-03
-107.536000E-06,-3.162E-09
-107.528000E-06,+0.0E+00
-107.520000E-06,+0.0E+00
-107.512000E-06,+0.0E+00
-107.504000E-06,-201.005023536E-03
-107.496000E-06,-201.005026698E-03
-107.488000E-06,-201.005026698E-03
-107.480000E-06,-201.005026698E-03
-107.472000E-06,-201.005026698E-03
-107.464000E-06,-201.005026698E-03
-107.456000E-06,-201.005026698E-03
-107.448000E-06,-201.005026698E-03
-107.440000E-06,-3.161E-09
-107.432000E-06,-201.005023538E-03
-107.424000E-06,-201.005026698E-03
-107.416000E-06,-3.160E-09
-107.408000E-06,-201.005023538E-03
-107.400000E-06,-201.005026698E-03
-107.392000E-06,-3.160E-09
-107.384000E-06,-201.005023538E-03
-107.376000E-06,-201.005026698E-03
-107.368000E-06,-201.005026698E-03
-107.360000E-06,-3.160E-09
-107.352000E-06,+0.0E+00
-107.344000E-06,+0.0E+00
-107.336000E-06,-201.005023538E-03
-107.328000E-06,-201.005026698E-03
-107.320000E-06,-201.005026698E-03
-107.312000E-06,-3.159E-09
-107.304000E-06,+0.0E+00
-107.296000E-06,+0.0E+00
-107.288000E-06,+0.0E+00
-107.280000E-06,+0.0E+00
-107.272000E-06,-201.005023539E-03
-107.264000E-06,-201.005026698E-03
-107.256000E-06,-201.005026698E-03
-107.248000E-06,-201.005026698E-03
-107.240000E-06,-201.005026698E-03
-107.232000E-06,-201.005026698E-03
-107.224000E-06,-201.005026698E-03
-107.216000E-06,-3.158E-09
-107.208000E-06,-201.005023540E-03
-107.200000E-06,-3.158E-09
-107.192000E-06,-201.005023541E-03
-107.184000E-06,-3.158E-09
-107.176000E-06,+0.0E+00
-107.168000E-06,-201.005023541E-03
-107.160000E-06,-201.005026698E-03
-107.152000E-06,-3.158E-09
-107.144000E-06,+0.0E+00
-107.136000E-06,+0.0E+00
-107.128000E-06,+0.0E+00
-107.120000E-06,+0.0E+00
-107.112000E-06,-201.005023541E-03
-107.104000E-06,-201.005026698E-03
-107.096000E-06,-3.157E-09
-107.088000E-06,+0.0E+00
-107.080000E-06,+0.0E+00
-107.072000E-06,-201.005023542E-03
-107.064000E-06,-201.005026698E-03
-107.056000E-06,-3.156E-09
-107.048000E-06,-201.005023542E-03
-107.040000E-06,-201.005026698E-03
-107.032000E-06,-3.156E-09
-107.024000E-06,+0.0E+00
-107.016000E-06,+0.0E+00
-107.008000E-06,-201.005023542E-03
-107.000000E-06,-201.005026698E-03
-106.992000E-06,-3.155E-09
-106.984000E-06,-201.005023543E-03
-106.976000E-06,-3.155E-09
-106.968000E-06,-201.005023543E-03
-106.960000E-06,-201.005026698E-03
-106.952000E-06,-3.155E-09
-106.944000E-06,-201.005023543E-03
-106.936000E-06,-201.005026698E-03
-106.928000E-06,-201.005026698E-03
-106.920000E-06,-201.005026698E-03
-106.912000E-06,-3.155E-09
-106.904000E-06,+0.0E+00
-106.896000E-06,+0.0E+00
-106.888000E-06,-201.005023543E-03
-106.880000E-06,-3.154E-09
-106.872000E-06,+0.0E+00
-106.864000E-06,+0.0E+00
-106.856000E-06,-201.005023544E-03
-106.848000E-06,-201.005026698E-03
-106.840000E-06,-201.005026698E-03
-106.832000E-06,-3.153E-09
-106.824000E-06,-201.005023545E-03
-106.816000E-06,-201.005026698E-03
-106.808000E-06,-201.005026698E-03
-106.800000E-06,-201.005026698E-03
-106.792000E-06,-201.005026698E-03
-106.784000E-06,-201.005026698E-03
-106.776000E-06,-3.153E-09
-106.768000E-06,+0.0E+00
-106.760000E-06,+0.0E+00
-106.752000E-06,-201.005023546E-03
-106.744000E-06,-201.005026698E-03
-106.736000E-06,-3.152E-09
-106.728000E-06,+0.0E+00
-106.720000E-06,+0.0E+00
-106.712000E-06,+0.0E+00
-106.704000E-06,+0.0E+00
-106.696000E-06,+0.0E+00
-106.688000E-06,+0.0E+00
-106.680000E-06,-201.005023546E-03
-106.672000E-06,-201.005026698E-03
-106.664000E-06,-201.005026698E-03
-106.656000E-06,-201.005026698E-03
-106.648000E-06,-201.005026698E-03
-106.640000E-06,-3.151E-09
-106.632000E-06,+0.0E+00
-106.624000E-06,-201.005023547E-03
-106.616000E-06,-201.005026698E-03
-106.608000E-06,-201.005026698E-03
-106.600000E-06,-3.150E-09
-106.592000E-06,+0.0E+00
-106.584000E-06,-201.005023548E-03
-106.576000E-06,-201.005026698E-03
-106.568000E-06,-201.005026698E-03
-106.560000E-06,-3.150E-09
-106.552000E-06,-201.005023548E-03
-106.544000E-06,-201.005026698E-03
-106.536000E-06,-3.150E-09
-106.528000E-06,-201.005023549E-03
-106.520000E-06,-3.150E-09
-106.512000E-06,+0.0E+00
-106.504000E-06,+0.0E+00
-106.496000E-06,+0.0E+00
-106.488000E-06,+0.0E+00
-106.480000E-06,+0.0E+00
-106.472000E-06,+0.0E+00
-106.464000E-06,+0.0E+00
-106.456000E-06,-201.005023549E-03
-106.448000E-06,-3.149E-09
-106.440000E-06,+0.0E+00
-106.432000E-06,+0.0E+00
-106.424000E-06,-201.005023549E-03
-106.416000E-06,-201.005026698E-03
-106.408000E-06,-201.005026698E-03
-106.400000E-06,-3.148E-09
-106.392000E-06,+0.0E+00
-106.384000E-06,-201.005023551E-03
-106.376000E-06,-3.147E-09
-106.368000E-06,+0.0E+00
-106.360000E-06,+0.0E+00
-106.352000E-06,-201.005023551E-03
-106.344000E-06,-201.005026698E-03
-106.336000E-06,-201.005026698E-03
-106.328000E-06,-201.005026698E-03
-106.320000E-06,-3.147E-09
-106.312000E-06,-201.005023551E-03
-106.304000E-06,-3.147E-09
-106.296000E-06,+0.0E+00
-106.288000E-06,-201.005023552E-03
-106.280000E-06,-201.005026698E-03
-106.272000E-06,-201.005026698E-03
-106.264000E-06,-3.146E-09
-106.256000E-06,+0.0E+00
-106.248000E-06,-201.005023552E-03
-106.240000E-06,-201.005026698E-03
-106.232000E-06,-3.146E-09
-106.224000E-06,+0.0E+00
-106.216000E-06,-201.005023552E-03
-106.208000E-06,-201.005026698E-03
-106.200000E-06,-3.146E-09
-106.192000E-06,+0.0E+00
-106.184000E-06,+0.0E+00
-106.176000E-06,-201.005023553E-03
-106.168000E-06,-3.145E-09
-106.160000E-06,-201.005023553E-03
-106.152000E-06,-201.005026698E-03
-106.144000E-06,-3.144E-09
-106.136000E-06,+0.0E+00
-106.128000E-06,-201.005023554E-03
-106.120000E-06,-3.144E-09
-106.112000E-06,-201.005023554E-03
-106.104000E-06,-3.144E-09
-106.096000E-06,-201.005023554E-03
-106.088000E-06,-3.144E-09
-106.080000E-06,+0.0E+00
-106.072000E-06,+0.0E+00
-106.064000E-06,-201.005023554E-03
-106.056000E-06,-3.144E-09
-106.048000E-06,+0.0E+00
-106.040000E-06,-201.005023554E-03
-106.032000E-06,-201.005026698E-03
-106.024000E-06,-201.005026698E-03
-106.016000E-06,-201.005026698E-03
-106.008000E-06,-3.143E-09
-106.000000E-06,-201.005023555E-03
-105.992000E-06,-201.005026698E-03
-105.984000E-06,-201.005026698E-03
-105.976000E-06,-3.143E-09
-105.968000E-06,+0.0E+00
-105.960000E-06,+0.0E+00
-105.952000E-06,+0.0E+00
-105.944000E-06,-201.005023556E-03
-105.936000E-06,-3.142E-09
-105.928000E-06,-201.005023556E-03
-105.920000E-06,-3.142E-09
-105.912000E-06,-201.005023557E-03
-105.904000E-06,-3.141E-09
-105.896000E-06,+0.0E+00
-105.888000E-06,-201.005023557E-03
-105.880000E-06,-201.005026698E-03
-105.872000E-06,-3.141E-09
-105.864000E-06,+0.0E+00
-105.856000E-06,+0.0E+00
-105.848000E-06,+0.0E+00
-105.840000E-06,+0.0E+00
-105.832000E-06,-201.005023557E-03
-105.824000E-06,-201.005026698E-03
-105.816000E-06,-201.005026698E-03
-105.808000E-06,-3.141E-09
-105.800000E-06,-201.005023558E-03
-105.792000E-06,-201.005026698E-03
-105.784000E-06,-3.140E-09
-105.776000E-06,-201.005023558E-03
-105.768000E-06,-201.005026698E-03
-105.760000E-06,-3.140E-09
-105.752000E-06,-201.005023558E-03
-105.744000E-06,-3.140E-09
-105.736000E-06,+0.0E+00
-105.728000E-06,-201.005023558E-03
-105.720000E-06,-3.140E-09
-105.712000E-06,+0.0E+00
-105.704000E-06,-201.005023559E-03
-105.696000E-06,-201.005026698E-03
-105.688000E-06,-201.005026698E-03
-105.680000E-06,-201.005026698E-03
-105.672000E-06,-201.005026698E-03
-105.664000E-06,-3.139E-09
-105.656000E-06,-201.005023560E-03
-105.648000E-06,-201.005026698E-03
-105.640000E-06,-201.005026698E-03
-105.632000E-06,-3.139E-09
-105.624000E-06,-201.005023560E-03
-105.616000E-06,-201.005026698E-03
-105.608000E-06,-201.005026698E-03
-105.600000E-06,-201.005026698E-03
-105.592000E-06,-3.138E-09
-105.584000E-06,-201.005023560E-03
-105.576000E-06,-3.138E-09
-105.568000E-06,+0.0E+00
-105.560000E-06,+0.0E+00
-105.552000E-06,-201.005023561E-03
-105.544000E-06,-201.005026698E-03
-105.536000E-06,-201.005026698E-03
-105.528000E-06,-3.137E-09
-105.520000E-06,-201.005023561E-03
-105.512000E-06,-201.005026698E-03
-105.504000E-06,-201.005026698E-03
-105.496000E-06,-3.137E-09
-105.488000E-06,-201.005023561E-03
-105.480000E-06,-201.005026698E-03
-105.472000E-06,-201.005026698E-03
-105.464000E-06,-3.136E-09
-105.456000E-06,+0.0E+00
-105.448000E-06,-201.005023563E-03
-105.440000E-06,-3.136E-09
-105.432000E-06,-201.005023563E-03
-105.424000E-06,-201.005026698E-03
-105.416000E-06,-3.136E-09
-105.408000E-06,-201.005023563E-03
-105.400000E-06,-3.136E-09
-105.392000E-06,-201.005023563E-03
-105.384000E-06,-3.136E-09
-105.376000E-06,+0.0E+00
-105.368000E-06,-201.005023563E-03
-105.360000E-06,-3.135E-09
-105.352000E-06,+0.0E+00
-105.344000E-06,-201.005023563E-03
-105.336000E-06,-3.135E-09
-105.328000E-06,-201.005023564E-03
-105.320000E-06,-201.005026698E-03
-105.312000E-06,-201.005026698E-03
-105.304000E-06,-201.005026698E-03
-105.296000E-06,-201.005026698E-03
-105.288000E-06,-3.134E-09
-105.280000E-06,+0.0E+00
-105.272000E-06,-201.005023564E-03
-105.264000E-06,-201.005026698E-03
-105.256000E-06,-201.005026698E-03
-105.248000E-06,-201.005026698E-03
-105.240000E-06,-3.133E-09
-105.232000E-06,+0.0E+00
-105.224000E-06,-201.005023565E-03
-105.216000E-06,-3.133E-09
-105.208000E-06,+0.0E+00
-105.200000E-06,+0.0E+00
-105.192000E-06,-201.005023565E-03
-105.184000E-06,-201.005026698E-03
-105.176000E-06,-201.005026698E-03
-105.168000E-06,-201.005026698E-03
-105.160000E-06,-201.005026698E-03
-105.152000E-06,-201.005026698E-03
-105.144000E-06,-201.005026698E-03
-105.136000E-06,-201.005026698E-03
-105.128000E-06,-3.132E-09
-105.120000E-06,+0.0E+00
-105.112000E-06,-201.005023566E-03
-105.104000E-06,-201.005026698E-03
-105.096000E-06,-3.131E-09
-105.088000E-06,+0.0E+00
-105.080000E-06,-201.005023567E-03
-105.072000E-06,-201.005026698E-03
-105.064000E-06,-3.131E-09
-105.056000E-06,+0.0E+00
-105.048000E-06,-201.005023567E-03
-105.040000E-06,-201.005026698E-03
-105.032000E-06,-201.005026698E-03
-105.024000E-06,-201.005026698E-03
-105.016000E-06,-201.005026698E-03
-105.008000E-06,-201.005026698E-03
-105.000000E-06,-201.005026698E-03
-104.992000E-06,-201.005026698E-03
-104.984000E-06,-201.005026698E-03
-104.976000E-06,-201.005026698E-03
-104.968000E-06,-201.005026698E-03
-104.960000E-06,-3.130E-09
-104.952000E-06,+0.0E+00
-104.944000E-06,-201.005023568E-03
-104.936000E-06,-201.005026698E-03
-104.928000E-06,-3.130E-09
-104.920000E-06,-201.005023568E-03
-104.912000E-06,-201.005026698E-03
-104.904000E-06,-3.130E-09
-104.896000E-06,+0.0E+00
-104.888000E-06,-201.005023569E-03
-104.880000E-06,-3.129E-09
-104.872000E-06,+0.0E+00
-104.864000E-06,-201.005023570E-03
-104.856000E-06,-3.128E-09
-104.848000E-06,-201.005023570E-03
-104.840000E-06,-201.005026698E-03
-104.832000E-06,-201.005026698E-03
-104.824000E-06,-3.128E-09
-104.816000E-06,-201.005023570E-03
-104.808000E-06,-201.005026698E-03
-104.800000E-06,-3.128E-09
-104.792000E-06,-201.005023570E-03
-104.784000E-06,-201.005026698E-03
-104.776000E-06,-201.005026698E-03
-104.768000E-06,-201.005026698E-03
-104.760000E-06,-3.128E-09
-104.752000E-06,-201.005023571E-03
-104.744000E-06,-201.005026698E-03
-104.736000E-06,-3.127E-09
-104.728000E-06,-201.005023571E-03
-104.720000E-06,-201.005026698E-03
-104.712000E-06,-201.005026698E-03
-104.704000E-06,-201.005026698E-03
-104.696000E-06,-201.005026698E-03
-104.688000E-06,-201.005026698E-03
-104.680000E-06,-201.005026698E-03
-104.672000E-06,-201.005026698E-03
-104.664000E-06,-3.127E-09
-104.656000E-06,+0.0E+00
-104.648000E-06,-201.005023572E-03
-104.640000E-06,-201.005026698E-03
-104.632000E-06,-201.005026698E-03
-104.624000E-06,-201.005026698E-03
-104.616000E-06,-201.005026698E-03
-104.608000E-06,-3.125E-09
-104.600000E-06,-201.005023573E-03
-104.592000E-06,-201.005026698E-03
-104.584000E-06,-201.005026698E-03
-104.576000E-06,-201.005026698E-03
-104.568000E-06,-201.005026698E-03
-104.560000E-06,-201.005026698E-03
-104.552000E-06,-3.125E-09
-104.544000E-06,-201.005023573E-03
-104.536000E-06,-201.005026698E-03
-104.528000E-06,-402.010050272E-03
-104.520000E-06,-201.005029823E-03
-104.512000E-06,-3.124E-09
-104.504000E-06,-201.005023574E-03
-104.496000E-06,-201.005026698E-03
-104.488000E-06,-201.005026698E-03
-104.480000E-06,-201.005026698E-03
-104.472000E-06,-3.124E-09
-104.464000E-06,+0.0E+00
-104.456000E-06,-201.005023574E-03
-104.448000E-06,-201.005026698E-03
-104.440000E-06,-201.005026698E-03
-104.432000E-06,-201.005026698E-03
-104.424000E-06,-201.005026698E-03
-104.416000E-06,-201.005026698E-03
-104.408000E-06,-201.005026698E-03
-104.400000E-06,-201.005026698E-03
-104.392000E-06,-201.005026698E-03
-104.384000E-06,-201.005026698E-03
-104.376000E-06,-201.005026698E-03
-104.368000E-06,-201.005026698E-03
-104.360000E-06,-201.005026698E-03
-104.352000E-06,-3.122E-09
-104.344000E-06,-201.005023576E-03
-104.336000E-06,-201.005026698E-03
-104.328000E-06,-201.005026698E-03
-104.320000E-06,-3.122E-09
-104.312000E-06,-201.005023576E-03
-104.304000E-06,-201.005026698E-03
-104.296000E-06,-201.005026698E-03
-104.288000E-06,-201.005026698E-03
-104.280000E-06,-201.005026698E-03
-104.272000E-06,-201.005026698E-03
-104.264000E-06,-201.005026698E-03
-104.256000E-06,-201.005026698E-03
-104.248000E-06,-201.005026698E-03
-104.240000E-06,-201.005026698E-03
-104.232000E-06,-201.005026698E-03
-104.224000E-06,-201.005026698E-03
-104.216000E-06,-201.005026698E-03
-104.208000E-06,-3.121E-09
-104.200000E-06,-201.005023577E-03
-104.192000E-06,-201.005026698E-03
-104.184000E-06,-201.005026698E-03
-104.176000E-06,-201.005026698E-03
-104.168000E-06,-201.005026698E-03
-104.160000E-06,-201.005026698E-03
-104.152000E-06,-3.120E-09
-104.144000E-06,-201.005023579E-03
-104.136000E-06,-201.005026698E-03
-104.128000E-06,-201.005026698E-03
-104.120000E-06,-201.005026698E-03
-104.112000E-06,-201.005026698E-03
-104.104000E-06,-201.005026698E-03
-104.096000E-06,-201.005026698E-03
-104.088000E-06,-201.005026698E-03
-104.080000E-06,-201.005026698E-03
-104.072000E-06,-201.005026698E-03
-104.064000E-06,-201.005026698E-03
-104.056000E-06,-201.005026698E-03
-104.048000E-06,-3.118E-09
-104.040000E-06,-402.010047160E-03
-104.032000E-06,-201.005029816E-03
-104.024000E-06,-201.005026698E-03
-104.016000E-06,-201.005026698E-03
-104.008000E-06,-201.005026698E-03
-104.000000E-06,-201.005026698E-03
-103.992000E-06,-402.010050278E-03
-103.984000E-06,-201.005029816E-03
-103.976000E-06,-201.005026698E-03
-103.968000E-06,-201.005026698E-03
-103.960000E-06,-201.005026698E-03
-103.952000E-06,-201.005026698E-03
-103.944000E-06,-201.005026698E-03
-103.936000E-06,-201.005026698E-03
-103.928000E-06,-201.005026698E-03
-103.920000E-06,-201.005026698E-03
-103.912000E-06,-201.005026698E-03
-103.904000E-06,-201.005026698E-03
-103.896000E-06,-201.005026698E-03
-103.888000E-06,-201.005026698E-03
-103.880000E-06,-201.005026698E-03
-103.872000E-06,-201.005026698E-03
-103.864000E-06,-201.005026698E-03
-103.856000E-06,-201.005026698E-03
-103.848000E-06,-201.005026698E-03
-103.840000E-06,-201.005026698E-03
-103.832000E-06,-201.005026698E-03
-103.824000E-06,-201.005026698E-03
-103.816000E-06,-201.005026698E-03
-103.808000E-06,-201.005026698E-03
-103.800000E-06,-201.005026698E-03
-103.792000E-06,-201.005026698E-03
-103.784000E-06,-201.005026698E-03
-103.776000E-06,-201.005026698E-03
-103.768000E-06,-201.005026698E-03
-103.760000E-06,-201.005026698E-03
-103.752000E-06,-201.005026698E-03
-103.744000E-06,-3.115E-09
-103.736000E-06,-201.005023583E-03
-103.728000E-06,-201.005026698E-03
-103.720000E-06,-201.005026698E-03
-103.712000E-06,-201.005026698E-03
-103.704000E-06,-201.005026698E-03
-103.696000E-06,-201.005026698E-03
-103.688000E-06,-201.005026698E-03
-103.680000E-06,-201.005026698E-03
-103.672000E-06,-201.005026698E-03
-103.664000E-06,-201.005026698E-03
-103.656000E-06,-201.005026698E-03
-103.648000E-06,-201.005026698E-03
-103.640000E-06,-3.114E-09
-103.632000E-06,-201.005023584E-03
-103.624000E-06,-3.114E-09
-103.616000E-06,-201.005023584E-03
-103.608000E-06,-201.005026698E-03
-103.600000E-06,-201.005026698E-03
-103.592000E-06,-201.005026698E-03
-103.584000E-06,-201.005026698E-03
-103.576000E-06,-201.005026698E-03
-103.568000E-06,-201.005026698E-03
-103.560000E-06,-402.010050284E-03
-103.552000E-06,-201.005029810E-03
-103.544000E-06,-201.005026698E-03
-103.536000E-06,-201.005026698E-03
-103.528000E-06,-201.005026698E-03
-103.520000E-06,-201.005026698E-03
-103.512000E-06,-201.005026698E-03
-103.504000E-06,-201.005026698E-03
-103.496000E-06,-201.005026698E-03
-103.488000E-06,-201.005026698E-03
-103.480000E-06,-201.005026698E-03
-103.472000E-06,-201.005026698E-03
-103.464000E-06,-201.005026698E-03
-103.456000E-06,-201.005026698E-03
-103.448000E-06,-201.005026698E-03
-103.440000E-06,-201.005026698E-03
-103.432000E-06,-201.005026698E-03
-103.424000E-06,-3.111E-09
-103.416000E-06,-201.005023587E-03
-103.408000E-06,-201.005026698E-03
-103.400000E-06,-201.005026698E-03
-103.392000E-06,-201.005026698E-03
-103.384000E-06,-201.005026698E-03
-103.376000E-06,-201.005026698E-03
-103.368000E-06,-201.005026698E-03
-103.360000E-06,-201.005026698E-03
-103.352000E-06,-201.005026698E-03
-103.344000E-06,-201.005026698E-03
-103.336000E-06,-201.005026698E-03
-103.328000E-06,-201.005026698E-03
-103.320000E-06,-201.005026698E-03
-103.312000E-06,-201.005026698E-03
-103.304000E-06,-201.005026698E-03
-103.296000E-06,-201.005026698E-03
-103.288000E-06,-201.005026698E-03
-103.280000E-06,-201.005026698E-03
-103.272000E-06,-201.005026698E-03
-103.264000E-06,-201.005026698E-03
-103.256000E-06,-201.005026698E-03
-103.248000E-06,-201.005026698E-03
-103.240000E-06,-201.005026698E-03
-103.232000E-06,-201.005026698E-03
-103.224000E-06,-201.005026698E-03
-103.216000E-06,-201.005026698E-03
-103.208000E-06,-3.108E-09
-103.200000E-06,-201.005023590E-03
-103.192000E-06,-201.005026698E-03
-103.184000E-06,-201.005026698E-03
-103.176000E-06,-201.005026698E-03
-103.168000E-06,-201.005026698E-03
-103.160000E-06,-201.005026698E-03
-103.152000E-06,-201.005026698E-03
-103.144000E-06,-201.005026698E-03
-103.136000E-06,-201.005026698E-03
-103.128000E-06,-201.005026698E-03
-103.120000E-06,-201.005026698E-03
-103.112000E-06,-201.005026698E-03
-103.104000E-06,-201.005026698E-03
-103.096000E-06,-201.005026698E-03
-103.088000E-06,-201.005026698E-03
-103.080000E-06,-201.005026698E-03
-103.072000E-06,-201.005026698E-03
-103.064000E-06,-201.005026698E-03
-103.056000E-06,-402.010050290E-03
-103.048000E-06,-402.010053396E-03
-103.040000E-06,-201.005029804E-03
-103.032000E-06,-201.005026698E-03
-103.024000E-06,-201.005026698E-03
-103.016000E-06,-201.005026698E-03
-103.008000E-06,-201.005026698E-03
-103.000000E-06,-201.005026698E-03
-102.992000E-06,-201.005026698E-03
-102.984000E-06,-201.005026698E-03
-102.976000E-06,-201.005026698E-03
-102.968000E-06,-201.005026698E-03
-102.960000E-06,-201.005026698E-03
-102.952000E-06,-201.005026698E-03
-102.944000E-06,-402.010050291E-03
-102.936000E-06,-201.005029803E-03
-102.928000E-06,-201.005026698E-03
-102.920000E-06,-201.005026698E-03
-102.912000E-06,-201.005026698E-03
-102.904000E-06,-201.005026698E-03
-102.896000E-06,-201.005026698E-03
-102.888000E-06,-201.005026698E-03
-102.880000E-06,-201.005026698E-03
-102.872000E-06,-201.005026698E-03
-102.864000E-06,-201.005026698E-03
-102.856000E-06,-201.005026698E-03
-102.848000E-06,-201.005026698E-03
-102.840000E-06,-402.010050293E-03
-102.832000E-06,-201.005029802E-03
-102.824000E-06,-201.005026698E-03
-102.816000E-06,-201.005026698E-03
-102.808000E-06,-201.005026698E-03
-102.800000E-06,-201.005026698E-03
-102.792000E-06,-201.005026698E-03
-102.784000E-06,-402.010050294E-03
-102.776000E-06,-201.005029801E-03
-102.768000E-06,-201.005026698E-03
-102.760000E-06,-201.005026698E-03
-102.752000E-06,-201.005026698E-03
-102.744000E-06,-201.005026698E-03
-102.736000E-06,-201.005026698E-03
-102.728000E-06,-201.005026698E-03
-102.720000E-06,-201.005026698E-03
-102.712000E-06,-201.005026698E-03
-102.704000E-06,-201.005026698E-03
-102.696000E-06,-201.005026698E-03
-102.688000E-06,-402.010050294E-03
-102.680000E-06,-201.005029800E-03
-102.672000E-06,-201.005026698E-03
-102.664000E-06,-201.005026698E-03
-102.656000E-06,-201.005026698E-03
-102.648000E-06,-201.005026698E-03
-102.640000E-06,-402.010050296E-03
-102.632000E-06,-201.005029799E-03
-102.624000E-06,-201.005026698E-03
-102.616000E-06,-201.005026698E-03
-102.608000E-06,-201.005026698E-03
-102.600000E-06,-201.005026698E-03
-102.592000E-06,-201.005026698E-03
-102.584000E-06,-402.010050296E-03
-102.576000E-06,-201.005029799E-03
-102.568000E-06,-402.010050296E-03
-102.560000E-06,-402.010053396E-03
-102.552000E-06,-402.010053396E-03
-102.544000E-06,-201.005029798E-03
-102.536000E-06,-402.010050296E-03
-102.528000E-06,-201.005029797E-03
-102.520000E-06,-201.005026698E-03
-102.512000E-06,-402.010050297E-03
-102.504000E-06,-201.005029797E-03
-102.496000E-06,-201.005026698E-03
-102.488000E-06,-201.005026698E-03
-102.480000E-06,-402.010050297E-03
-102.472000E-06,-201.005029797E-03
-102.464000E-06,-402.010050297E-03
-102.456000E-06,-201.005029797E-03
-102.448000E-06,-201.005026698E-03
-102.440000E-06,-402.010050298E-03
-102.432000E-06,-201.005029796E-03
-102.424000E-06,-201.005026698E-03
-102.416000E-06,-201.005026698E-03
-102.408000E-06,-402.010050299E-03
-102.400000E-06,-201.005029796E-03
-102.392000E-06,-201.005026698E-03
-102.384000E-06,-402.010050299E-03
-102.376000E-06,-402.010053396E-03
-102.368000E-06,-201.005029796E-03
-102.360000E-06,-201.005026698E-03
-102.352000E-06,-201.005026698E-03
-102.344000E-06,-201.005026698E-03
-102.336000E-06,-402.010050299E-03
-102.328000E-06,-201.005029795E-03
-102.320000E-06,-201.005026698E-03
-102.312000E-06,-402.010050299E-03
-102.304000E-06,-402.010053396E-03
-102.296000E-06,-201.005029794E-03
-102.288000E-06,-201.005026698E-03
-102.280000E-06,-402.010050300E-03
-102.272000E-06,-201.005029794E-03
-102.264000E-06,-201.005026698E-03
-102.256000E-06,-402.010050300E-03
-102.248000E-06,-402.010053396E-03
-102.240000E-06,-201.005029794E-03
-102.232000E-06,-201.005026698E-03
-102.224000E-06,-402.010050300E-03
-102.216000E-06,-402.010053396E-03
-102.208000E-06,-402.010053396E-03
-102.200000E-06,-402.010053396E-03
-102.192000E-06,-402.010053396E-03
-102.184000E-06,-201.005029794E-03
-102.176000E-06,-201.005026698E-03
-102.168000E-06,-201.005026698E-03
-102.160000E-06,-402.010050302E-03
-102.152000E-06,-201.005029793E-03
-102.144000E-06,-201.005026698E-03
-102.136000E-06,-201.005026698E-03
-102.128000E-06,-402.010050302E-03
-102.120000E-06,-201.005029793E-03
-102.112000E-06,-402.010050302E-03
-102.104000E-06,-201.005029793E-03
-102.096000E-06,-201.005026698E-03
-102.088000E-06,-402.010050302E-03
-102.080000E-06,-402.010053396E-03
-102.072000E-06,-402.010053396E-03
-102.064000E-06,-201.005029791E-03
-102.056000E-06,-201.005026698E-03
-102.048000E-06,-402.010050303E-03
-102.040000E-06,-402.010053396E-03
-102.032000E-06,-402.010053396E-03
-102.024000E-06,-402.010053396E-03
-102.016000E-06,-201.005029791E-03
-102.008000E-06,-201.005026698E-03
-102.000000E-06,-201.005026698E-03
-101.992000E-06,-201.005026698E-03
-101.984000E-06,-402.010050303E-03
-101.976000E-06,-402.010053396E-03
-101.968000E-06,-201.005029791E-03
-101.960000E-06,-201.005026698E-03
-101.952000E-06,-402.010050304E-03
-101.944000E-06,-402.010053396E-03
-101.936000E-06,-201.005029790E-03
-101.928000E-06,-201.005026698E-03
-101.920000E-06,-201.005026698E-03
-101.912000E-06,-402.010050304E-03
-101.904000E-06,-402.010053396E-03
-101.896000E-06,-402.010053396E-03
-101.888000E-06,-201.005029790E-03
-101.880000E-06,-402.010050304E-03
-101.872000E-06,-201.005029790E-03
-101.864000E-06,-402.010050304E-03
-101.856000E-06,-402.010053396E-03
-101.848000E-06,-201.005029789E-03
-101.840000E-06,-402.010050305E-03
-101.832000E-06,-402.010053396E-03
-101.824000E-06,-201.005029788E-03
-101.816000E-06,-201.005026698E-03
-101.808000E-06,-402.010050306E-03
-101.800000E-06,-402.010053396E-03
-101.792000E-06,-402.010053396E-03
-101.784000E-06,-201.005029788E-03
-101.776000E-06,-201.005026698E-03
-101.768000E-06,-402.010050306E-03
-101.760000E-06,-402.010053396E-03
-101.752000E-06,-201.005029788E-03
-101.744000E-06,-201.005026698E-03
-101.736000E-06,-402.010050307E-03
-101.728000E-06,-402.010053396E-03
-101.720000E-06,-402.010053396E-03
-101.712000E-06,-201.005029787E-03
-101.704000E-06,-402.010050307E-03
-101.696000E-06,-201.005029787E-03
-101.688000E-06,-201.005026698E-03
-101.680000E-06,-201.005026698E-03
-101.672000E-06,-402.010050307E-03
-101.664000E-06,-402.010053396E-03
-101.656000E-06,-402.010053396E-03
-101.648000E-06,-402.010053396E-03
-101.640000E-06,-402.010053396E-03
-101.632000E-06,-201.005029787E-03
-101.624000E-06,-201.005026698E-03
-101.616000E-06,-201.005026698E-03
-101.608000E-06,-402.010050308E-03
-101.600000E-06,-402.010053396E-03
-101.592000E-06,-402.010053396E-03
-101.584000E-06,-201.005029785E-03
-101.576000E-06,-201.005026698E-03
-101.568000E-06,-402.010050309E-03
-101.560000E-06,-402.010053396E-03
-101.552000E-06,-402.010053396E-03
-101.544000E-06,-402.010053396E-03
-101.536000E-06,-402.010053396E-03
-101.528000E-06,-402.010053396E-03
-101.520000E-06,-402.010053396E-03
-101.512000E-06,-402.010053396E-03
-101.504000E-06,-402.010053396E-03
-101.496000E-06,-201.005029785E-03
-101.488000E-06,-402.010050310E-03
-101.480000E-06,-201.005029784E-03
-101.472000E-06,-201.005026698E-03
-101.464000E-06,-402.010050310E-03
-101.456000E-06,-201.005029784E-03
-101.448000E-06,-402.010050310E-03
-101.440000E-06,-402.010053396E-03
-101.432000E-06,-402.010053396E-03
-101.424000E-06,-402.010053396E-03
-101.416000E-06,-201.005029784E-03
-101.408000E-06,-201.005026698E-03
-101.400000E-06,-201.005026698E-03
-101.392000E-06,-201.005026698E-03
-101.384000E-06,-201.005026698E-03
-101.376000E-06,-402.010050311E-03
-101.368000E-06,-402.010053396E-03
-101.360000E-06,-402.010053396E-03
-101.352000E-06,-201.005029783E-03
-101.344000E-06,-402.010050312E-03
-101.336000E-06,-402.010053396E-03
-101.328000E-06,-402.010053396E-03
-101.320000E-06,-402.010053396E-03
-101.312000E-06,-402.010053396E-03
-101.304000E-06,-402.010053396E-03
-101.296000E-06,-402.010053396E-03
-101.288000E-06,-402.010053396E-03
-101.280000E-06,-402.010053396E-03
-101.272000E-06,-201.005029782E-03
-101.264000E-06,-201.005026698E-03
-101.256000E-06,-402.010050313E-03
-101.248000E-06,-402.010053396E-03
-101.240000E-06,-201.005029781E-03
-101.232000E-06,-402.010050313E-03
-101.224000E-06,-201.005029781E-03
-101.216000E-06,-402.010050313E-03
-101.208000E-06,-402.010053396E-03
-101.200000E-06,-402.010053396E-03
-101.192000E-06,-402.010053396E-03
-101.184000E-06,-402.010053396E-03
-101.176000E-06,-402.010053396E-03
-101.168000E-06,-402.010053396E-03
-101.160000E-06,-201.005029780E-03
-101.152000E-06,-201.005026698E-03
-101.144000E-06,-402.010050314E-03
-101.136000E-06,-201.005029780E-03
-101.128000E-06,-402.010050315E-03
-101.120000E-06,-402.010053396E-03
-101.112000E-06,-402.010053396E-03
-101.104000E-06,-201.005029780E-03
-101.096000E-06,-402.010050315E-03
-101.088000E-06,-402.010053396E-03
-101.080000E-06,-402.010053396E-03
-101.072000E-06,-402.010053396E-03
-101.064000E-06,-402.010053396E-03
-101.056000E-06,-402.010053396E-03
-101.048000E-06,-402.010053396E-03
-101.040000E-06,-402.010053396E-03
-101.032000E-06,-402.010053396E-03
-101.024000E-06,-402.010053396E-03
-101.016000E-06,-402.010053396E-03
-101.008000E-06,-402.010053396E-03
-101.000000E-06,-402.010053396E-03
-100.992000E-06,-402.010053396E-03
-100.984000E-06,-402.010053396E-03
-100.976000E-06,-402.010053396E-03
-100.968000E-06,-201.005029778E-03
-100.960000E-06,-402.010050316E-03
-100.952000E-06,-402.010053396E-03
-100.944000E-06,-201.005029778E-03
-100.936000E-06,-402.010050316E-03
-100.928000E-06,-402.010053396E-03
-100.920000E-06,-402.010053396E-03
-100.912000E-06,-402.010053396E-03
-100.904000E-06,-402.010053396E-03
-100.896000E-06,-201.005029777E-03
-100.888000E-06,-402.010050318E-03
-100.880000E-06,-201.005029777E-03
-100.872000E-06,-402.010050318E-03
-100.864000E-06,-402.010053396E-03
-100.856000E-06,-201.005029777E-03
-100.848000E-06,-402.010050318E-03
-100.840000E-06,-402.010053396E-03
-100.832000E-06,-402.010053396E-03
-100.824000E-06,-402.010053396E-03
-100.816000E-06,-402.010053396E-03
-100.808000E-06,-603.015077016E-03
-100.800000E-06,-402.010056474E-03
-100.792000E-06,-402.010053396E-03
-100.784000E-06,-402.010053396E-03
-100.776000E-06,-603.015077017E-03
-100.768000E-06,-402.010056473E-03
-100.760000E-06,-402.010053396E-03
-100.752000E-06,-201.005029775E-03
-100.744000E-06,-402.010050319E-03
-100.736000E-06,-402.010053396E-03
-100.728000E-06,-402.010053396E-03
-100.720000E-06,-201.005029775E-03
-100.712000E-06,-402.010050319E-03
-100.704000E-06,-402.010053396E-03
-100.696000E-06,-402.010053396E-03
-100.688000E-06,-402.010053396E-03
-100.680000E-06,-402.010053396E-03
-100.672000E-06,-402.010053396E-03
-100.664000E-06,-402.010053396E-03
-100.656000E-06,-402.010053396E-03
-100.648000E-06,-402.010053396E-03
-100.640000E-06,-402.010053396E-03
-100.632000E-06,-402.010053396E-03
-100.624000E-06,-402.010053396E-03
-100.616000E-06,-402.010053396E-03
-100.608000E-06,-201.005029774E-03
-100.600000E-06,-201.005026698E-03
-100.592000E-06,-402.010050321E-03
-100.584000E-06,-402.010053396E-03
-100.576000E-06,-402.010053396E-03
-100.568000E-06,-402.010053396E-03
-100.560000E-06,-402.010053396E-03
-100.552000E-06,-402.010053396E-03
-100.544000E-06,-402.010053396E-03
-100.536000E-06,-402.010053396E-03
-100.528000E-06,-402.010053396E-03
-100.520000E-06,-402.010053396E-03
-100.512000E-06,-402.010053396E-03
-100.504000E-06,-402.010053396E-03
-100.496000E-06,-402.010053396E-03
-100.488000E-06,-402.010053396E-03
-100.480000E-06,-402.010053396E-03
-100.472000E-06,-402.010053396E-03
-100.464000E-06,-402.010053396E-03
-100.456000E-06,-402.010053396E-03
-100.448000E-06,-402.010053396E-03
-100.440000E-06,-201.005029772E-03
-100.432000E-06,-402.010050324E-03
-100.424000E-06,-402.010053396E-03
-100.416000E-06,-402.010053396E-03
-100.408000E-06,-402.010053396E-03
-100.400000E-06,-402.010053396E-03
-100.392000E-06,-402.010053396E-03
-100.384000E-06,-402.010053396E-03
-100.376000E-06,-402.010053396E-03
-100.368000E-06,-402.010053396E-03
-100.360000E-06,-402.010053396E-03
-100.352000E-06,-402.010053396E-03
-100.344000E-06,-402.010053396E-03
-100.336000E-06,-402.010053396E-03
-100.328000E-06,-402.010053396E-03
-100.320000E-06,-402.010053396E-03
-100.312000E-06,-402.010053396E-03
-100.304000E-06,-402.010053396E-03
-100.296000E-06,-402.010053396E-03
-100.288000E-06,-402.010053396E-03
-100.280000E-06,-402.010053396E-03
-100.272000E-06,-402.010053396E-03
-100.264000E-06,-402.010053396E-03
-100.256000E-06,-402.010053396E-03
-100.248000E-06,-402.010053396E-03
-100.240000E-06,-402.010053396E-03
-100.232000E-06,-402.010053396E-03
-100.224000E-06,-402.010053396E-03
-100.216000E-06,-402.010053396E-03
-100.208000E-06,-402.010053396E-03
-100.200000E-06,-201.005029769E-03
-100.192000E-06,-603.015073955E-03
-100.184000E-06,-402.010056466E-03
-100.176000E-06,-402.010053396E-03
-100.168000E-06,-402.010053396E-03
-100.160000E-06,-402.010053396E-03
-100.152000E-06,-402.010053396E-03
-100.144000E-06,-402.010053396E-03
-100.136000E-06,-402.010053396E-03
-100.128000E-06,-402.010053396E-03
-100.120000E-06,-402.010053396E-03
-100.112000E-06,-402.010053396E-03
-100.104000E-06,-402.010053396E-03
-100.096000E-06,-402.010053396E-03
-100.088000E-06,-402.010053396E-03
-100.080000E-06,-402.010053396E-03
-100.072000E-06,-402.010053396E-03
-100.064000E-06,-402.010053396E-03
-100.056000E-06,-402.010053396E-03
-100.048000E-06,-402.010053396E-03
-100.040000E-06,-402.010053396E-03
-100.032000E-06,-201.005029766E-03
-100.024000E-06,-402.010050328E-03
-100.016000E-06,-402.010053396E-03
-100.008000E-06,-402.010053396E-03
-100.000000E-06,-402.010053396E-03
-99.992000E-06,-402.010053396E-03
-99.984000E-06,-402.010053396E-03
-99.976000E-06,-201.005029766E-03
-99.968000E-06,-402.010050329E-03
-99.960000E-06,-402.010053396E-03
-99.952000E-06,-402.010053396E-03
-99.944000E-06,-402.010053396E-03
-99.936000E-06,-402.010053396E-03
-99.928000E-06,-402.010053396E-03
-99.920000E-06,-402.010053396E-03
-99.912000E-06,-402.010053396E-03
-99.904000E-06,-402.010053396E-03
-99.896000E-06,-402.010053396E-03
-99.888000E-06,-402.010053396E-03
-99.880000E-06,-603.015077027E-03
-99.872000E-06,-402.010056462E-03
-99.864000E-06,-402.010053396E-03
-99.856000E-06,-402.010053396E-03
-99.848000E-06,-402.010053396E-03
-99.840000E-06,-402.010053396E-03
-99.832000E-06,-402.010053396E-03
-99.824000E-06,-402.010053396E-03
-99.816000E-06,-402.010053396E-03
-99.808000E-06,-402.010053396E-03
-99.800000E-06,-402.010053396E-03
-99.792000E-06,-402.010053396E-03
-99.784000E-06,-402.010053396E-03
-99.776000E-06,-603.015077029E-03
-99.768000E-06,-402.010056462E-03
-99.760000E-06,-402.010053396E-03
-99.752000E-06,-402.010053396E-03
-99.744000E-06,-402.010053396E-03
-99.736000E-06,-402.010053396E-03
-99.728000E-06,-603.015077030E-03
-99.720000E-06,-402.010056460E-03
-99.712000E-06,-402.010053396E-03
-99.704000E-06,-402.010053396E-03
-99.696000E-06,-402.010053396E-03
-99.688000E-06,-201.005029762E-03
-99.680000E-06,-402.010050332E-03
-99.672000E-06,-402.010053396E-03
-99.664000E-06,-402.010053396E-03
-99.656000E-06,-402.010053396E-03
-99.648000E-06,-402.010053396E-03
-99.640000E-06,-402.010053396E-03
-99.632000E-06,-402.010053396E-03
-99.624000E-06,-402.010053396E-03
-99.616000E-06,-402.010053396E-03
-99.608000E-06,-402.010053396E-03
-99.600000E-06,-402.010053396E-03
-99.592000E-06,-402.010053396E-03
-99.584000E-06,-402.010053396E-03
-99.576000E-06,-402.010053396E-03
-99.568000E-06,-201.005029761E-03
-99.560000E-06,-402.010050334E-03
-99.552000E-06,-402.010053396E-03
-99.544000E-06,-402.010053396E-03
-99.536000E-06,-402.010053396E-03
-99.528000E-06,-402.010053396E-03
-99.520000E-06,-402.010053396E-03
-99.512000E-06,-402.010053396E-03
-99.504000E-06,-402.010053396E-03
-99.496000E-06,-402.010053396E-03
-99.488000E-06,-402.010053396E-03
-99.480000E-06,-402.010053396E-03
-99.472000E-06,-402.010053396E-03
-99.464000E-06,-402.010053396E-03
-99.456000E-06,-402.010053396E-03
-99.448000E-06,-603.015077033E-03
-99.440000E-06,-402.010056457E-03
-99.432000E-06,-402.010053396E-03
-99.424000E-06,-402.010053396E-03
-99.416000E-06,-402.010053396E-03
-99.408000E-06,-402.010053396E-03
-99.400000E-06,-402.010053396E-03
-99.392000E-06,-402.010053396E-03
-99.384000E-06,-402.010053396E-03
-99.376000E-06,-402.010053396E-03
-99.368000E-06,-402.010053396E-03
-99.360000E-06,-402.010053396E-03
-99.352000E-06,-402.010053396E-03
-99.344000E-06,-402.010053396E-03
-99.336000E-06,-402.010053396E-03
-99.328000E-06,-402.010053396E-03
-99.320000E-06,-402.010053396E-03
-99.312000E-06,-402.010053396E-03
-99.304000E-06,-402.010053396E-03
-99.296000E-06,-402.010053396E-03
-99.288000E-06,-402.010053396E-03
-99.280000E-06,-402.010053396E-03
-99.272000E-06,-402.010053396E-03
-99.264000E-06,-402.010053396E-03
-99.256000E-06,-402.010053396E-03
-99.248000E-06,-402.010053396E-03
-99.240000E-06,-402.010053396E-03
-99.232000E-06,-402.010053396E-03
-99.224000E-06,-402.010053396E-03
-99.216000E-06,-402.010053396E-03
-99.208000E-06,-201.005029756E-03
-99.200000E-06,-402.010050338E-03
-99.192000E-06,-603.015077036E-03
-99.184000E-06,-402.010056454E-03
-99.176000E-06,-603.015077037E-03
-99.168000E-06,-402.010056454E-03
-99.160000E-06,-402.010053396E-03
-99.152000E-06,-402.010053396E-03
-99.144000E-06,-402.010053396E-03
-99.136000E-06,-402.010053396E-03
-99.128000E-06,-402.010053396E-03
-99.120000E-06,-402.010053396E-03
-99.112000E-06,-402.010053396E-03
-99.104000E-06,-402.010053396E-03
-99.096000E-06,-402.010053396E-03
-99.088000E-06,-402.010053396E-03
-99.080000E-06,-402.010053396E-03
-99.072000E-06,-402.010053396E-03
-99.064000E-06,-402.010053396E-03
-99.056000E-06,-402.010053396E-03
-99.048000E-06,-402.010053396E-03
-99.040000E-06,-402.010053396E-03
-99.032000E-06,-603.015077039E-03
-99.024000E-06,-402.010056451E-03
-99.016000E-06,-201.005029753E-03
-99.008000E-06,-402.010050341E-03
-99.000000E-06,-402.010053396E-03
-98.992000E-06,-603.015077039E-03
-98.984000E-06,-402.010056451E-03
-98.976000E-06,-402.010053396E-03
-98.968000E-06,-402.010053396E-03
-98.960000E-06,-402.010053396E-03
-98.952000E-06,-603.015077039E-03
-98.944000E-06,-402.010056451E-03
-98.936000E-06,-402.010053396E-03
-98.928000E-06,-402.010053396E-03
-98.920000E-06,-402.010053396E-03
-98.912000E-06,-402.010053396E-03
-98.904000E-06,-603.015077041E-03
-98.896000E-06,-402.010056450E-03
-98.888000E-06,-402.010053396E-03
-98.880000E-06,-402.010053396E-03
-98.872000E-06,-402.010053396E-03
-98.864000E-06,-402.010053396E-03
-98.856000E-06,-402.010053396E-03
-98.848000E-06,-402.010053396E-03
-98.840000E-06,-603.015077041E-03
-98.832000E-06,-402.010056450E-03
-98.824000E-06,-402.010053396E-03
-98.816000E-06,-402.010053396E-03
-98.808000E-06,-402.010053396E-03
-98.800000E-06,-402.010053396E-03
-98.792000E-06,-402.010053396E-03
-98.784000E-06,-402.010053396E-03
-98.776000E-06,-402.010053396E-03
-98.768000E-06,-402.010053396E-03
-98.760000E-06,-402.010053396E-03
-98.752000E-06,-402.010053396E-03
-98.744000E-06,-402.010053396E-03
-98.736000E-06,-402.010053396E-03
-98.728000E-06,-402.010053396E-03
-98.720000E-06,-402.010053396E-03
-98.712000E-06,-402.010053396E-03
-98.704000E-06,-402.010053396E-03
-98.696000E-06,-402.010053396E-03
-98.688000E-06,-402.010053396E-03
-98.680000E-06,-402.010053396E-03
-98.672000E-06,-402.010053396E-03
-98.664000E-06,-402.010053396E-03
-98.656000E-06,-402.010053396E-03
-98.648000E-06,-402.010053396E-03
-98.640000E-06,-402.010053396E-03
-98.632000E-06,-402.010053396E-03
-98.624000E-06,-402.010053396E-03
-98.616000E-06,-402.010053396E-03
-98.608000E-06,-402.010053396E-03
-98.600000E-06,-402.010053396E-03
-98.592000E-06,-402.010053396E-03
-98.584000E-06,-402.010053396E-03
-98.576000E-06,-402.010053396E-03
-98.568000E-06,-402.010053396E-03
-98.560000E-06,-402.010053396E-03
-98.552000E-06,-402.010053396E-03
-98.544000E-06,-402.010053396E-03
-98.536000E-06,-402.010053396E-03
-98.528000E-06,-201.005029747E-03
-98.520000E-06,-402.010050347E-03
-98.512000E-06,-402.010053396E-03
-98.504000E-06,-402.010053396E-03
-98.496000E-06,-402.010053396E-03
-98.488000E-06,-402.010053396E-03
-98.480000E-06,-402.010053396E-03
-98.472000E-06,-402.010053396E-03
-98.464000E-06,-402.010053396E-03
-98.456000E-06,-402.010053396E-03
-98.448000E-06,-402.010053396E-03
-98.440000E-06,-402.010053396E-03
-98.432000E-06,-201.005029746E-03
-98.424000E-06,-603.015073999E-03
-98.416000E-06,-402.010056444E-03
-98.408000E-06,-402.010053396E-03
-98.400000E-06,-402.010053396E-03
-98.392000E-06,-402.010053396E-03
-98.384000E-06,-402.010053396E-03
-98.376000E-06,-603.015077046E-03
-98.368000E-06,-402.010056444E-03
-98.360000E-06,-402.010053396E-03
-98.352000E-06,-402.010053396E-03
-98.344000E-06,-402.010053396E-03
-98.336000E-06,-402.010053396E-03
-98.328000E-06,-603.015077048E-03
-98.320000E-06,-402.010056443E-03
-98.312000E-06,-402.010053396E-03
-98.304000E-06,-402.010053396E-03
-98.296000E-06,-402.010053396E-03
-98.288000E-06,-402.010053396E-03
-98.280000E-06,-402.010053396E-03
-98.272000E-06,-402.010053396E-03
-98.264000E-06,-402.010053396E-03
-98.256000E-06,-402.010053396E-03
-98.248000E-06,-402.010053396E-03
-98.240000E-06,-402.010053396E-03
-98.232000E-06,-402.010053396E-03
-98.224000E-06,-402.010053396E-03
-98.216000E-06,-402.010053396E-03
-98.208000E-06,-402.010053396E-03
-98.200000E-06,-402.010053396E-03
-98.192000E-06,-402.010053396E-03
-98.184000E-06,-603.015077049E-03
-98.176000E-06,-402.010056441E-03
-98.168000E-06,-402.010053396E-03
-98.160000E-06,-402.010053396E-03
-98.152000E-06,-603.015077049E-03
-98.144000E-06,-402.010056441E-03
-98.136000E-06,-402.010053396E-03
-98.128000E-06,-402.010053396E-03
-98.120000E-06,-402.010053396E-03
-98.112000E-06,-402.010053396E-03
-98.104000E-06,-402.010053396E-03
-98.096000E-06,-402.010053396E-03
-98.088000E-06,-402.010053396E-03
-98.080000E-06,-402.010053396E-03
-98.072000E-06,-402.010053396E-03
-98.064000E-06,-402.010053396E-03
-98.056000E-06,-402.010053396E-03
-98.048000E-06,-402.010053396E-03
-98.040000E-06,-402.010053396E-03
-98.032000E-06,-402.010053396E-03
-98.024000E-06,-402.010053396E-03
-98.016000E-06,-402.010053396E-03
-98.008000E-06,-402.010053396E-03
-98.000000E-06,-402.010053396E-03
-97.992000E-06,-402.010053396E-03
-97.984000E-06,-402.010053396E-03
-97.976000E-06,-402.010053396E-03
-97.968000E-06,-402.010053396E-03
-97.960000E-06,-402.010053396E-03
-97.952000E-06,-402.010053396E-03
-97.944000E-06,-201.005029740E-03
-97.936000E-06,-402.010050354E-03
-97.928000E-06,-402.010053396E-03
-97.920000E-06,-402.010053396E-03
-97.912000E-06,-402.010053396E-03
-97.904000E-06,-402.010053396E-03
-97.896000E-06,-402.010053396E-03
-97.888000E-06,-402.010053396E-03
-97.880000E-06,-402.010053396E-03
-97.872000E-06,-402.010053396E-03
-97.864000E-06,-402.010053396E-03
-97.856000E-06,-402.010053396E-03
-97.848000E-06,-201.005029739E-03
-97.840000E-06,-402.010050356E-03
-97.832000E-06,-402.010053396E-03
-97.824000E-06,-402.010053396E-03
-97.816000E-06,-402.010053396E-03
-97.808000E-06,-402.010053396E-03
-97.800000E-06,-201.005029739E-03
-97.792000E-06,-402.010050356E-03
-97.784000E-06,-402.010053396E-03
-97.776000E-06,-402.010053396E-03
-97.768000E-06,-402.010053396E-03
-97.760000E-06,-402.010053396E-03
-97.752000E-06,-402.010053396E-03
-97.744000E-06,-402.010053396E-03
-97.736000E-06,-402.010053396E-03
-97.728000E-06,-402.010053396E-03
-97.720000E-06,-402.010053396E-03
-97.712000E-06,-402.010053396E-03
-97.704000E-06,-201.005029737E-03
-97.696000E-06,-402.010050357E-03
-97.688000E-06,-402.010053396E-03
-97.680000E-06,-402.010053396E-03
-97.672000E-06,-402.010053396E-03
-97.664000E-06,-402.010053396E-03
-97.656000E-06,-402.010053396E-03
-97.648000E-06,-402.010053396E-03
-97.640000E-06,-402.010053396E-03
-97.632000E-06,-402.010053396E-03
-97.624000E-06,-402.010053396E-03
-97.616000E-06,-402.010053396E-03
-97.608000E-06,-402.010053396E-03
-97.600000E-06,-402.010053396E-03
-97.592000E-06,-402.010053396E-03
-97.584000E-06,-402.010053396E-03
-97.576000E-06,-402.010053396E-03
-97.568000E-06,-402.010053396E-03
-97.560000E-06,-402.010053396E-03
-97.552000E-06,-402.010053396E-03
-97.544000E-06,-402.010053396E-03
-97.536000E-06,-402.010053396E-03
-97.528000E-06,-402.010053396E-03
-97.520000E-06,-603.015077057E-03
-97.512000E-06,-603.015080094E-03
-97.504000E-06,-402.010056432E-03
-97.496000E-06,-402.010053396E-03
-97.488000E-06,-402.010053396E-03
-97.480000E-06,-402.010053396E-03
-97.472000E-06,-402.010053396E-03
-97.464000E-06,-402.010053396E-03
-97.456000E-06,-402.010053396E-03
-97.448000E-06,-402.010053396E-03
-97.440000E-06,-402.010053396E-03
-97.432000E-06,-402.010053396E-03
-97.424000E-06,-402.010053396E-03
-97.416000E-06,-402.010053396E-03
-97.408000E-06,-402.010053396E-03
-97.400000E-06,-402.010053396E-03
-97.392000E-06,-402.010053396E-03
-97.384000E-06,-402.010053396E-03
-97.376000E-06,-201.005029733E-03
-97.368000E-06,-402.010050362E-03
-97.360000E-06,-402.010053396E-03
-97.352000E-06,-402.010053396E-03
-97.344000E-06,-402.010053396E-03
-97.336000E-06,-402.010053396E-03
-97.328000E-06,-402.010053396E-03
-97.320000E-06,-402.010053396E-03
-97.312000E-06,-402.010053396E-03
-97.304000E-06,-402.010053396E-03
-97.296000E-06,-402.010053396E-03
-97.288000E-06,-402.010053396E-03
-97.280000E-06,-402.010053396E-03
-97.272000E-06,-402.010053396E-03
-97.264000E-06,-402.010053396E-03
-97.256000E-06,-201.005029731E-03
-97.248000E-06,-402.010050363E-03
-97.240000E-06,-402.010053396E-03
-97.232000E-06,-402.010053396E-03
-97.224000E-06,-402.010053396E-03
-97.216000E-06,-402.010053396E-03
-97.208000E-06,-402.010053396E-03
-97.200000E-06,-402.010053396E-03
-97.192000E-06,-402.010053396E-03
-97.184000E-06,-402.010053396E-03
-97.176000E-06,-402.010053396E-03
-97.168000E-06,-402.010053396E-03
-97.160000E-06,-402.010053396E-03
-97.152000E-06,-402.010053396E-03
-97.144000E-06,-402.010053396E-03
-97.136000E-06,-402.010053396E-03
-97.128000E-06,-402.010053396E-03
-97.120000E-06,-402.010053396E-03
-97.112000E-06,-402.010053396E-03
-97.104000E-06,-402.010053396E-03
-97.096000E-06,-201.005029730E-03
-97.088000E-06,-402.010050364E-03
-97.080000E-06,-402.010053396E-03
-97.072000E-06,-201.005029729E-03
-97.064000E-06,-402.010050365E-03
-97.056000E-06,-201.005029729E-03
-97.048000E-06,-402.010050366E-03
-97.040000E-06,-402.010053396E-03
-97.032000E-06,-402.010053396E-03
-97.024000E-06,-402.010053396E-03
-97.016000E-06,-402.010053396E-03
-97.008000E-06,-402.010053396E-03
-97.000000E-06,-402.010053396E-03
-96.992000E-06,-402.010053396E-03
-96.984000E-06,-402.010053396E-03
-96.976000E-06,-402.010053396E-03
-96.968000E-06,-402.010053396E-03
-96.960000E-06,-402.010053396E-03
-96.952000E-06,-402.010053396E-03
-96.944000E-06,-402.010053396E-03
-96.936000E-06,-402.010053396E-03
-96.928000E-06,-402.010053396E-03
-96.920000E-06,-402.010053396E-03
-96.912000E-06,-402.010053396E-03
-96.904000E-06,-402.010053396E-03
-96.896000E-06,-402.010053396E-03
-96.888000E-06,-402.010053396E-03
-96.880000E-06,-402.010053396E-03
-96.872000E-06,-402.010053396E-03
-96.864000E-06,-402.010053396E-03
-96.856000E-06,-402.010053396E-03
-96.848000E-06,-402.010053396E-03
-96.840000E-06,-402.010053396E-03
-96.832000E-06,-402.010053396E-03
-96.824000E-06,-402.010053396E-03
-96.816000E-06,-402.010053396E-03
-96.808000E-06,-402.010053396E-03
-96.800000E-06,-402.010053396E-03
-96.792000E-06,-402.010053396E-03
-96.784000E-06,-402.010053396E-03
-96.776000E-06,-402.010053396E-03
-96.768000E-06,-201.005029725E-03
-96.760000E-06,-402.010050369E-03
-96.752000E-06,-402.010053396E-03
-96.744000E-06,-402.010053396E-03
-96.736000E-06,-201.005029725E-03
-96.728000E-06,-402.010050369E-03
-96.720000E-06,-402.010053396E-03
-96.712000E-06,-402.010053396E-03
-96.704000E-06,-402.010053396E-03
-96.696000E-06,-402.010053396E-03
-96.688000E-06,-402.010053396E-03
-96.680000E-06,-201.005029724E-03
-96.672000E-06,-402.010050370E-03
-96.664000E-06,-402.010053396E-03
-96.656000E-06,-402.010053396E-03
-96.648000E-06,-402.010053396E-03
-96.640000E-06,-402.010053396E-03
-96.632000E-06,-402.010053396E-03
-96.624000E-06,-402.010053396E-03
-96.616000E-06,-402.010053396E-03
-96.608000E-06,-402.010053396E-03
-96.600000E-06,-402.010053396E-03
-96.592000E-06,-402.010053396E-03
-96.584000E-06,-402.010053396E-03
-96.576000E-06,-402.010053396E-03
-96.568000E-06,-402.010053396E-03
-96.560000E-06,-402.010053396E-03
-96.552000E-06,-402.010053396E-03
-96.544000E-06,-402.010053396E-03
-96.536000E-06,-402.010053396E-03
-96.528000E-06,-201.005029723E-03
-96.520000E-06,-402.010050372E-03
-96.512000E-06,-201.005029723E-03
-96.504000E-06,-402.010050372E-03
-96.496000E-06,-402.010053396E-03
-96.488000E-06,-201.005029722E-03
-96.480000E-06,-402.010050372E-03
-96.472000E-06,-201.005029722E-03
-96.464000E-06,-201.005026698E-03
-96.456000E-06,-402.010050373E-03
-96.448000E-06,-402.010053396E-03
-96.440000E-06,-201.005029721E-03
-96.432000E-06,-402.010050373E-03
-96.424000E-06,-402.010053396E-03
-96.416000E-06,-402.010053396E-03
-96.408000E-06,-402.010053396E-03
-96.400000E-06,-402.010053396E-03
-96.392000E-06,-402.010053396E-03
-96.384000E-06,-201.005029721E-03
-96.376000E-06,-402.010050374E-03
-96.368000E-06,-402.010053396E-03
-96.360000E-06,-402.010053396E-03
-96.352000E-06,-402.010053396E-03
-96.344000E-06,-402.010053396E-03
-96.336000E-06,-201.005029720E-03
-96.328000E-06,-402.010050375E-03
-96.320000E-06,-402.010053396E-03
-96.312000E-06,-402.010053396E-03
-96.304000E-06,-402.010053396E-03
-96.296000E-06,-201.005029720E-03
-96.288000E-06,-402.010050375E-03
-96.280000E-06,-201.005029720E-03
-96.272000E-06,-402.010050375E-03
-96.264000E-06,-402.010053396E-03
-96.256000E-06,-201.005029719E-03
-96.248000E-06,-201.005026698E-03
-96.240000E-06,-201.005026698E-03
-96.232000E-06,-402.010050375E-03
-96.224000E-06,-402.010053396E-03
-96.216000E-06,-402.010053396E-03
-96.208000E-06,-402.010053396E-03
-96.200000E-06,-201.005029718E-03
-96.192000E-06,-402.010050376E-03
-96.184000E-06,-201.005029718E-03
-96.176000E-06,-402.010050376E-03
-96.168000E-06,-201.005029718E-03
-96.160000E-06,-201.005026698E-03
-96.152000E-06,-402.010050376E-03
-96.144000E-06,-402.010053396E-03
-96.136000E-06,-201.005029717E-03
-96.128000E-06,-402.010050377E-03
-96.120000E-06,-402.010053396E-03
-96.112000E-06,-402.010053396E-03
-96.104000E-06,-402.010053396E-03
-96.096000E-06,-402.010053396E-03
-96.088000E-06,-402.010053396E-03
-96.080000E-06,-402.010053396E-03
-96.072000E-06,-201.005029717E-03
-96.064000E-06,-402.010050378E-03
-96.056000E-06,-201.005029717E-03
-96.048000E-06,-402.010050378E-03
-96.040000E-06,-402.010053396E-03
-96.032000E-06,-201.005029717E-03
-96.024000E-06,-201.005026698E-03
-96.016000E-06,-402.010050378E-03
-96.008000E-06,-201.005029716E-03
-96.000000E-06,-402.010050378E-03
-95.992000E-06,-402.010053396E-03
-95.984000E-06,-402.010053396E-03
-95.976000E-06,-402.010053396E-03
-95.968000E-06,-402.010053396E-03
-95.960000E-06,-402.010053396E-03
-95.952000E-06,-402.010053396E-03
-95.944000E-06,-402.010053396E-03
-95.936000E-06,-402.010053396E-03
-95.928000E-06,-402.010053396E-03
-95.920000E-06,-402.010053396E-03
-95.912000E-06,-402.010053396E-03
-95.904000E-06,-201.005029715E-03
-95.896000E-06,-201.005026698E-03
-95.888000E-06,-201.005026698E-03
-95.880000E-06,-402.010050381E-03
-95.872000E-06,-201.005029714E-03
-95.864000E-06,-402.010050381E-03
-95.856000E-06,-201.005029714E-03
-95.848000E-06,-201.005026698E-03
-95.840000E-06,-201.005026698E-03
-95.832000E-06,-201.005026698E-03
-95.824000E-06,-201.005026698E-03
-95.816000E-06,-201.005026698E-03
-95.808000E-06,-201.005026698E-03
-95.800000E-06,-402.010050381E-03
-95.792000E-06,-201.005029713E-03
-95.784000E-06,-201.005026698E-03
-95.776000E-06,-201.005026698E-03
-95.768000E-06,-201.005026698E-03
-95.760000E-06,-402.010050382E-03
-95.752000E-06,-201.005029712E-03
-95.744000E-06,-201.005026698E-03
-95.736000E-06,-402.010050382E-03
-95.728000E-06,-201.005029712E-03
-95.720000E-06,-201.005026698E-03
-95.712000E-06,-201.005026698E-03
-95.704000E-06,-201.005026698E-03
-95.696000E-06,-201.005026698E-03
-95.688000E-06,-201.005026698E-03
-95.680000E-06,-402.010050382E-03
-95.672000E-06,-201.005029712E-03
-95.664000E-06,-201.005026698E-03
-95.656000E-06,-201.005026698E-03
-95.648000E-06,-201.005026698E-03
-95.640000E-06,-201.005026698E-03
-95.632000E-06,-402.010050383E-03
-95.624000E-06,-201.005029711E-03
-95.616000E-06,-402.010050383E-03
-95.608000E-06,-402.010053396E-03
-95.600000E-06,-402.010053396E-03
-95.592000E-06,-402.010053396E-03
-95.584000E-06,-201.005029711E-03
-95.576000E-06,-201.005026698E-03
-95.568000E-06,-201.005026698E-03
-95.560000E-06,-402.010050384E-03
-95.552000E-06,-402.010053396E-03
-95.544000E-06,-201.005029710E-03
-95.536000E-06,-201.005026698E-03
-95.528000E-06,-201.005026698E-03
-95.520000E-06,-201.005026698E-03
-95.512000E-06,-201.005026698E-03
-95.504000E-06,-201.005026698E-03
-95.496000E-06,-201.005026698E-03
-95.488000E-06,-402.010050385E-03
-95.480000E-06,-402.010053396E-03
-95.472000E-06,-402.010053396E-03
-95.464000E-06,-201.005029709E-03
-95.456000E-06,-402.010050385E-03
-95.448000E-06,-201.005029709E-03
-95.440000E-06,-201.005026698E-03
-95.432000E-06,-201.005026698E-03
-95.424000E-06,-201.005026698E-03
-95.416000E-06,-402.010050386E-03
-95.408000E-06,-201.005029708E-03
-95.400000E-06,-201.005026698E-03
-95.392000E-06,-201.005026698E-03
-95.384000E-06,-201.005026698E-03
-95.376000E-06,-201.005026698E-03
-95.368000E-06,-201.005026698E-03
-95.360000E-06,-201.005026698E-03
-95.352000E-06,-201.005026698E-03
-95.344000E-06,-201.005026698E-03
-95.336000E-06,-201.005026698E-03
-95.328000E-06,-201.005026698E-03
-95.320000E-06,-201.005026698E-03
-95.312000E-06,-201.005026698E-03
-95.304000E-06,-201.005026698E-03
-95.296000E-06,-201.005026698E-03
-95.288000E-06,-402.010050388E-03
-95.280000E-06,-201.005029706E-03
-95.272000E-06,-201.005026698E-03
-95.264000E-06,-402.010050388E-03
-95.256000E-06,-201.005029706E-03
-95.248000E-06,-201.005026698E-03
-95.240000E-06,-201.005026698E-03
-95.232000E-06,-201.005026698E-03
-95.224000E-06,-201.005026698E-03
-95.216000E-06,-402.010050388E-03
-95.208000E-06,-402.010053396E-03
-95.200000E-06,-402.010053396E-03
-95.192000E-06,-201.005029706E-03
-95.184000E-06,-201.005026698E-03
-95.176000E-06,-201.005026698E-03
-95.168000E-06,-201.005026698E-03
-95.160000E-06,-201.005026698E-03
-95.152000E-06,-402.010050389E-03
-95.144000E-06,-201.005029705E-03
-95.136000E-06,-201.005026698E-03
-95.128000E-06,-201.005026698E-03
-95.120000E-06,-402.010050389E-03
-95.112000E-06,-402.010053396E-03
-95.104000E-06,-201.005029705E-03
-95.096000E-06,-201.005026698E-03
-95.088000E-06,-201.005026698E-03
-95.080000E-06,-201.005026698E-03
-95.072000E-06,-201.005026698E-03
-95.064000E-06,-201.005026698E-03
-95.056000E-06,-201.005026698E-03
-95.048000E-06,-201.005026698E-03
-95.040000E-06,-201.005026698E-03
-95.032000E-06,-201.005026698E-03
-95.024000E-06,-201.005026698E-03
-95.016000E-06,-201.005026698E-03
-95.008000E-06,-201.005026698E-03
-95.000000E-06,-201.005026698E-03
-94.992000E-06,-201.005026698E-03
-94.984000E-06,-201.005026698E-03
-94.976000E-06,-201.005026698E-03
-94.968000E-06,-201.005026698E-03
-94.960000E-06,-402.010050392E-03
-94.952000E-06,-201.005029703E-03
-94.944000E-06,-201.005026698E-03
-94.936000E-06,-201.005026698E-03
-94.928000E-06,-201.005026698E-03
-94.920000E-06,-201.005026698E-03
-94.912000E-06,-201.005026698E-03
-94.904000E-06,-201.005026698E-03
-94.896000E-06,-201.005026698E-03
-94.888000E-06,-201.005026698E-03
-94.880000E-06,-201.005026698E-03
-94.872000E-06,-402.010050392E-03
-94.864000E-06,-201.005029702E-03
-94.856000E-06,-201.005026698E-03
-94.848000E-06,-201.005026698E-03
-94.840000E-06,-201.005026698E-03
-94.832000E-06,-201.005026698E-03
-94.824000E-06,-201.005026698E-03
-94.816000E-06,-201.005026698E-03
-94.808000E-06,-201.005026698E-03
-94.800000E-06,-201.005026698E-03
-94.792000E-06,-402.010050394E-03
-94.784000E-06,-201.005029701E-03
-94.776000E-06,-201.005026698E-03
-94.768000E-06,-201.005026698E-03
-94.760000E-06,-402.010050394E-03
-94.752000E-06,-201.005029701E-03
-94.744000E-06,-201.005026698E-03
-94.736000E-06,-402.010050394E-03
-94.728000E-06,-201.005029700E-03
-94.720000E-06,-201.005026698E-03
-94.712000E-06,-201.005026698E-03
-94.704000E-06,-201.005026698E-03
-94.696000E-06,-201.005026698E-03
-94.688000E-06,-201.005026698E-03
-94.680000E-06,-201.005026698E-03
-94.672000E-06,-201.005026698E-03
-94.664000E-06,-201.005026698E-03
-94.656000E-06,-201.005026698E-03
-94.648000E-06,-201.005026698E-03
-94.640000E-06,-201.005026698E-03
-94.632000E-06,-201.005026698E-03
-94.624000E-06,-201.005026698E-03
-94.616000E-06,-201.005026698E-03
-94.608000E-06,-201.005026698E-03
-94.600000E-06,-201.005026698E-03
-94.592000E-06,-201.005026698E-03
-94.584000E-06,-3.000E-09
-94.576000E-06,-201.005023699E-03
-94.568000E-06,-3.000E-09
-94.560000E-06,-201.005023699E-03
-94.552000E-06,-201.005026698E-03
-94.544000E-06,-201.005026698E-03
-94.536000E-06,-201.005026698E-03
-94.528000E-06,-201.005026698E-03
-94.520000E-06,-201.005026698E-03
-94.512000E-06,-3.000E-09
-94.504000E-06,-201.005023699E-03
-94.496000E-06,-201.005026698E-03
-94.488000E-06,-201.005026698E-03
-94.480000E-06,-201.005026698E-03
-94.472000E-06,-201.005026698E-03
-94.464000E-06,-2.998E-09
-94.456000E-06,+0.0E+00
-94.448000E-06,-201.005023700E-03
-94.440000E-06,-201.005026698E-03
-94.432000E-06,-2.998E-09
-94.424000E-06,-201.005023700E-03
-94.416000E-06,-201.005026698E-03
-94.408000E-06,-201.005026698E-03
-94.400000E-06,-2.998E-09
-94.392000E-06,-201.005023701E-03
-94.384000E-06,-201.005026698E-03
-94.376000E-06,-201.005026698E-03
-94.368000E-06,-201.005026698E-03
-94.360000E-06,-201.005026698E-03
-94.352000E-06,-2.997E-09
-94.344000E-06,-201.005023701E-03
-94.336000E-06,-201.005026698E-03
-94.328000E-06,-201.005026698E-03
-94.320000E-06,-201.005026698E-03
-94.312000E-06,-201.005026698E-03
-94.304000E-06,-201.005026698E-03
-94.296000E-06,-2.997E-09
-94.288000E-06,+0.0E+00
-94.280000E-06,-201.005023701E-03
-94.272000E-06,-201.005026698E-03
-94.264000E-06,-2.996E-09
-94.256000E-06,-201.005023702E-03
-94.248000E-06,-2.996E-09
-94.240000E-06,+0.0E+00
-94.232000E-06,-201.005023703E-03
-94.224000E-06,-2.995E-09
-94.216000E-06,-201.005023703E-03
-94.208000E-06,-2.995E-09
-94.200000E-06,-201.005023703E-03
-94.192000E-06,-201.005026698E-03
-94.184000E-06,-201.005026698E-03
-94.176000E-06,-201.005026698E-03
-94.168000E-06,-201.005026698E-03
-94.160000E-06,-201.005026698E-03
-94.152000E-06,-201.005026698E-03
-94.144000E-06,-201.005026698E-03
-94.136000E-06,-201.005026698E-03
-94.128000E-06,-2.994E-09
-94.120000E-06,-201.005023704E-03
-94.112000E-06,-201.005026698E-03
-94.104000E-06,-201.005026698E-03
-94.096000E-06,-2.994E-09
-94.088000E-06,-201.005023704E-03
-94.080000E-06,-201.005026698E-03
-94.072000E-06,-201.005026698E-03
-94.064000E-06,-2.994E-09
-94.056000E-06,-201.005023704E-03
-94.048000E-06,-2.994E-09
-94.040000E-06,-201.005023705E-03
-94.032000E-06,-201.005026698E-03
-94.024000E-06,-201.005026698E-03
-94.016000E-06,-201.005026698E-03
-94.008000E-06,-2.992E-09
-94.000000E-06,-201.005023706E-03
-93.992000E-06,-201.005026698E-03
-93.984000E-06,-201.005026698E-03
-93.976000E-06,-201.005026698E-03
-93.968000E-06,-201.005026698E-03
-93.960000E-06,-2.992E-09
-93.952000E-06,+0.0E+00
-93.944000E-06,-201.005023706E-03
-93.936000E-06,-201.005026698E-03
-93.928000E-06,-201.005026698E-03
-93.920000E-06,-201.005026698E-03
-93.912000E-06,-2.992E-09
-93.904000E-06,-201.005023707E-03
-93.896000E-06,-2.991E-09
-93.888000E-06,+0.0E+00
-93.880000E-06,-201.005023707E-03
-93.872000E-06,-201.005026698E-03
-93.864000E-06,-201.005026698E-03
-93.856000E-06,-201.005026698E-03
-93.848000E-06,-201.005026698E-03
-93.840000E-06,-2.991E-09
-93.832000E-06,-201.005023707E-03
-93.824000E-06,-201.005026698E-03
-93.816000E-06,-2.991E-09
-93.808000E-06,-201.005023708E-03
-93.800000E-06,-201.005026698E-03
-93.792000E-06,-201.005026698E-03
-93.784000E-06,-201.005026698E-03
-93.776000E-06,-2.989E-09
-93.768000E-06,-201.005023709E-03
-93.760000E-06,-201.005026698E-03
-93.752000E-06,-201.005026698E-03
-93.744000E-06,-2.989E-09
-93.736000E-06,+0.0E+00
-93.728000E-06,-201.005023709E-03
-93.720000E-06,-2.989E-09
-93.712000E-06,-201.005023709E-03
-93.704000E-06,-2.989E-09
-93.696000E-06,-201.005023709E-03
-93.688000E-06,-2.989E-09
-93.680000E-06,+0.0E+00
-93.672000E-06,+0.0E+00
-93.664000E-06,-201.005023710E-03
-93.656000E-06,-201.005026698E-03
-93.648000E-06,-2.988E-09
-93.640000E-06,+0.0E+00
-93.632000E-06,-201.005023710E-03
-93.624000E-06,-2.988E-09
-93.616000E-06,-201.005023710E-03
-93.608000E-06,-2.988E-09
-93.600000E-06,-201.005023710E-03
-93.592000E-06,-201.005026698E-03
-93.584000E-06,-2.988E-09
-93.576000E-06,+0.0E+00
-93.568000E-06,+0.0E+00
-93.560000E-06,-201.005023711E-03
-93.552000E-06,-2.987E-09
-93.544000E-06,-201.005023712E-03
-93.536000E-06,-2.986E-09
-93.528000E-06,-201.005023712E-03
-93.520000E-06,-2.986E-09
-93.512000E-06,-201.005023712E-03
-93.504000E-06,-2.986E-09
-93.496000E-06,+0.0E+00
-93.488000E-06,+0.0E+00
-93.480000E-06,+0.0E+00
-93.472000E-06,+0.0E+00
-93.464000E-06,-201.005023712E-03
-93.456000E-06,-2.986E-09
-93.448000E-06,-201.005023712E-03
-93.440000E-06,-201.005026698E-03
-93.432000E-06,-2.986E-09
-93.424000E-06,+0.0E+00
-93.416000E-06,-201.005023713E-03
-93.408000E-06,-201.005026698E-03
-93.400000E-06,-201.005026698E-03
-93.392000E-06,-201.005026698E-03
-93.384000E-06,-2.985E-09
-93.376000E-06,-201.005023713E-03
-93.368000E-06,-201.005026698E-03
-93.360000E-06,-201.005026698E-03
-93.352000E-06,-2.985E-09
-93.344000E-06,-201.005023713E-03
-93.336000E-06,-201.005026698E-03
-93.328000E-06,-201.005026698E-03
-93.320000E-06,-201.005026698E-03
-93.312000E-06,-201.005026698E-03
-93.304000E-06,-201.005026698E-03
-93.296000E-06,-201.005026698E-03
-93.288000E-06,-2.984E-09
-93.280000E-06,+0.0E+00
-93.272000E-06,+0.0E+00
-93.264000E-06,+0.0E+00
-93.256000E-06,-201.005023715E-03
-93.248000E-06,-2.984E-09
-93.240000E-06,-201.005023715E-03
-93.232000E-06,-2.984E-09
-93.224000E-06,+0.0E+00
-93.216000E-06,-201.005023715E-03
-93.208000E-06,-2.983E-09
-93.200000E-06,+0.0E+00
-93.192000E-06,+0.0E+00
-93.184000E-06,+0.0E+00
-93.176000E-06,-201.005023716E-03
-93.168000E-06,-201.005026698E-03
-93.160000E-06,-2.982E-09
-93.152000E-06,+0.0E+00
-93.144000E-06,+0.0E+00
-93.136000E-06,+0.0E+00
-93.128000E-06,+0.0E+00
-93.120000E-06,-201.005023716E-03
-93.112000E-06,-2.982E-09
-93.104000E-06,-201.005023717E-03
-93.096000E-06,-2.981E-09
-93.088000E-06,-201.005023717E-03
-93.080000E-06,-2.981E-09
-93.072000E-06,+0.0E+00
-93.064000E-06,-201.005023718E-03
-93.056000E-06,-201.005026698E-03
-93.048000E-06,-2.981E-09
-93.040000E-06,+0.0E+00
-93.032000E-06,+0.0E+00
-93.024000E-06,+0.0E+00
-93.016000E-06,+0.0E+00
-93.008000E-06,-201.005023718E-03
-93.000000E-06,-2.981E-09
-92.992000E-06,+0.0E+00
-92.984000E-06,+0.0E+00
-92.976000E-06,+0.0E+00
-92.968000E-06,-201.005023718E-03
-92.960000E-06,-2.979E-09
-92.952000E-06,-201.005023719E-03
-92.944000E-06,-201.005026698E-03
-92.936000E-06,-2.979E-09
-92.928000E-06,+0.0E+00
-92.920000E-06,+0.0E+00
-92.912000E-06,+0.0E+00
-92.904000E-06,+0.0E+00
-92.896000E-06,+0.0E+00
-92.888000E-06,+0.0E+00
-92.880000E-06,+0.0E+00
-92.872000E-06,+0.0E+00
-92.864000E-06,-201.005023720E-03
-92.856000E-06,-2.978E-09
-92.848000E-06,-201.005023720E-03
-92.840000E-06,-201.005026698E-03
-92.832000E-06,-2.978E-09
-92.824000E-06,+0.0E+00
-92.816000E-06,+0.0E+00
-92.808000E-06,+0.0E+00
-92.800000E-06,+0.0E+00
-92.792000E-06,+0.0E+00
-92.784000E-06,+0.0E+00
-92.776000E-06,-201.005023720E-03
-92.768000E-06,-2.978E-09
-92.760000E-06,+0.0E+00
-92.752000E-06,-201.005023721E-03
-92.744000E-06,-2.977E-09
-92.736000E-06,+0.0E+00
-92.728000E-06,+0.0E+00
-92.720000E-06,+0.0E+00
-92.712000E-06,+0.0E+00
-92.704000E-06,+0.0E+00
-92.696000E-06,-201.005023722E-03
-92.688000E-06,-201.005026698E-03
-92.680000E-06,-2.976E-09
-92.672000E-06,+0.0E+00
-92.664000E-06,+0.0E+00
-92.656000E-06,+0.0E+00
-92.648000E-06,+0.0E+00
-92.640000E-06,+0.0E+00
-92.632000E-06,+0.0E+00
-92.624000E-06,+0.0E+00
-92.616000E-06,+0.0E+00
-92.608000E-06,-201.005023723E-03
-92.600000E-06,-2.975E-09
-92.592000E-06,+0.0E+00
-92.584000E-06,+0.0E+00
-92.576000E-06,+0.0E+00
-92.568000E-06,+0.0E+00
-92.560000E-06,+0.0E+00
-92.552000E-06,+0.0E+00
-92.544000E-06,+0.0E+00
-92.536000E-06,+0.0E+00
-92.528000E-06,-201.005023723E-03
-92.520000E-06,-2.974E-09
-92.512000E-06,+0.0E+00
-92.504000E-06,+0.0E+00
-92.496000E-06,+0.0E+00
-92.488000E-06,+0.0E+00
-92.480000E-06,-201.005023725E-03
-92.472000E-06,-2.973E-09
-92.464000E-06,-201.005023725E-03
-92.456000E-06,-2.973E-09
-92.448000E-06,+0.0E+00
-92.440000E-06,+0.0E+00
-92.432000E-06,+201.005023725E-03
-92.424000E-06,+2.973E-09
-92.416000E-06,+0.0E+00
-92.408000E-06,+0.0E+00
-92.400000E-06,+0.0E+00
-92.392000E-06,+0.0E+00
-92.384000E-06,+0.0E+00
-92.376000E-06,+0.0E+00
-92.368000E-06,-201.005023726E-03
-92.360000E-06,-2.972E-09
-92.352000E-06,+0.0E+00
-92.344000E-06,+0.0E+00
-92.336000E-06,+0.0E+00
-92.328000E-06,+0.0E+00
-92.320000E-06,+0.0E+00
-92.312000E-06,+0.0E+00
-92.304000E-06,-201.005023726E-03
-92.296000E-06,-2.972E-09
-92.288000E-06,+0.0E+00
-92.280000E-06,+0.0E+00
-92.272000E-06,+0.0E+00
-92.264000E-06,+0.0E+00
-92.256000E-06,+201.005023728E-03
-92.248000E-06,+2.970E-09
-92.240000E-06,+0.0E+00
-92.232000E-06,+0.0E+00
-92.224000E-06,+0.0E+00
-92.216000E-06,+0.0E+00
-92.208000E-06,+0.0E+00
-92.200000E-06,+0.0E+00
-92.192000E-06,-201.005023728E-03
-92.184000E-06,-2.970E-09
-92.176000E-06,+0.0E+00
-92.168000E-06,+0.0E+00
-92.160000E-06,+0.0E+00
-92.152000E-06,+0.0E+00
-92.144000E-06,+0.0E+00
-92.136000E-06,+0.0E+00
-92.128000E-06,+0.0E+00
-92.120000E-06,+0.0E+00
-92.112000E-06,+0.0E+00
-92.104000E-06,+0.0E+00
-92.096000E-06,+0.0E+00
-92.088000E-06,-201.005023729E-03
-92.080000E-06,-2.969E-09
-92.072000E-06,+0.0E+00
-92.064000E-06,+0.0E+00
-92.056000E-06,+0.0E+00
-92.048000E-06,+0.0E+00
-92.040000E-06,+0.0E+00
-92.032000E-06,+0.0E+00
-92.024000E-06,-201.005023731E-03
-92.016000E-06,-2.967E-09
-92.008000E-06,+0.0E+00
-92.000000E-06,+0.0E+00
-91.992000E-06,+0.0E+00
-91.984000E-06,+0.0E+00
-91.976000E-06,+0.0E+00
-91.968000E-06,+0.0E+00
-91.960000E-06,+0.0E+00
-91.952000E-06,+0.0E+00
-91.944000E-06,+0.0E+00
-91.936000E-06,+0.0E+00
-91.928000E-06,+0.0E+00
-91.920000E-06,+0.0E+00
-91.912000E-06,+0.0E+00
-91.904000E-06,+0.0E+00
-91.896000E-06,+0.0E+00
-91.888000E-06,+201.005023732E-03
-91.880000E-06,+2.966E-09
-91.872000E-06,+0.0E+00
-91.864000E-06,+0.0E+00
-91.856000E-06,+0.0E+00
-91.848000E-06,+0.0E+00
-91.840000E-06,+0.0E+00
-91.832000E-06,+0.0E+00
-91.824000E-06,+0.0E+00
-91.816000E-06,+0.0E+00
-91.808000E-06,+201.005023733E-03
-91.800000E-06,+2.965E-09
-91.792000E-06,+0.0E+00
-91.784000E-06,+0.0E+00
-91.776000E-06,+0.0E+00
-91.768000E-06,+0.0E+00
-91.760000E-06,+0.0E+00
-91.752000E-06,+0.0E+00
-91.744000E-06,+0.0E+00
-91.736000E-06,+0.0E+00
-91.728000E-06,+0.0E+00
-91.720000E-06,+0.0E+00
-91.712000E-06,+0.0E+00
-91.704000E-06,+0.0E+00
-91.696000E-06,+0.0E+00
-91.688000E-06,+0.0E+00
-91.680000E-06,+0.0E+00
-91.672000E-06,+0.0E+00
-91.664000E-06,+0.0E+00
-91.656000E-06,+201.005023735E-03
-91.648000E-06,+2.963E-09
-91.640000E-06,+0.0E+00
-91.632000E-06,+0.0E+00
-91.624000E-06,+0.0E+00
-91.616000E-06,+0.0E+00
-91.608000E-06,+0.0E+00
-91.600000E-06,+0.0E+00
-91.592000E-06,+0.0E+00
-91.584000E-06,+0.0E+00
-91.576000E-06,+0.0E+00
-91.568000E-06,+0.0E+00
-91.560000E-06,+0.0E+00
-91.552000E-06,+0.0E+00
-91.544000E-06,+0.0E+00
-91.536000E-06,+201.005023737E-03
-91.528000E-06,+2.962E-09
-91.520000E-06,+201.005023737E-03
-91.512000E-06,+2.962E-09
-91.504000E-06,+0.0E+00
-91.496000E-06,-201.005023737E-03
-91.488000E-06,-2.962E-09
-91.480000E-06,+0.0E+00
-91.472000E-06,+0.0E+00
-91.464000E-06,+201.005023737E-03
-91.456000E-06,+2.961E-09
-91.448000E-06,+0.0E+00
-91.440000E-06,+0.0E+00
-91.432000E-06,+0.0E+00
-91.424000E-06,+0.0E+00
-91.416000E-06,+0.0E+00
-91.408000E-06,+0.0E+00
-91.400000E-06,+0.0E+00
-91.392000E-06,+0.0E+00
-91.384000E-06,+0.0E+00
-91.376000E-06,+0.0E+00
-91.368000E-06,+0.0E+00
-91.360000E-06,+0.0E+00
-91.352000E-06,+0.0E+00
-91.344000E-06,+0.0E+00
-91.336000E-06,+0.0E+00
-91.328000E-06,+0.0E+00
-91.320000E-06,+0.0E+00
-91.312000E-06,+0.0E+00
-91.304000E-06,+0.0E+00
-91.296000E-06,+0.0E+00
-91.288000E-06,+0.0E+00
-91.280000E-06,+0.0E+00
-91.272000E-06,+0.0E+00
-91.264000E-06,+201.005023739E-03
-91.256000E-06,+2.959E-09
-91.248000E-06,+0.0E+00
-91.240000E-06,+0.0E+00
-91.232000E-06,+0.0E+00
-91.224000E-06,+0.0E+00
-91.216000E-06,+0.0E+00
-91.208000E-06,+0.0E+00
-91.200000E-06,+0.0E+00
-91.192000E-06,+201.005023741E-03
-91.184000E-06,+2.957E-09
-91.176000E-06,+201.005023741E-03
-91.168000E-06,+2.957E-09
-91.160000E-06,+0.0E+00
-91.152000E-06,+0.0E+00
-91.144000E-06,+0.0E+00
-91.136000E-06,+0.0E+00
-91.128000E-06,+0.0E+00
-91.120000E-06,+0.0E+00
-91.112000E-06,+0.0E+00
-91.104000E-06,+0.0E+00
-91.096000E-06,+0.0E+00
-91.088000E-06,+0.0E+00
-91.080000E-06,+0.0E+00
-91.072000E-06,+0.0E+00
-91.064000E-06,+0.0E+00
-91.056000E-06,+0.0E+00
-91.048000E-06,+0.0E+00
-91.040000E-06,+0.0E+00
-91.032000E-06,+0.0E+00
-91.024000E-06,+0.0E+00
-91.016000E-06,+0.0E+00
-91.008000E-06,+0.0E+00
-91.000000E-06,+201.005023743E-03
-90.992000E-06,+2.955E-09
-90.984000E-06,+201.005023743E-03
-90.976000E-06,+2.954E-09
-90.968000E-06,+0.0E+00
-90.960000E-06,+0.0E+00
-90.952000E-06,+0.0E+00
-90.944000E-06,+0.0E+00
-90.936000E-06,+0.0E+00
-90.928000E-06,+0.0E+00
-90.920000E-06,+0.0E+00
-90.912000E-06,+0.0E+00
-90.904000E-06,+0.0E+00
-90.896000E-06,+0.0E+00
-90.888000E-06,+201.005023745E-03
-90.880000E-06,+2.954E-09
-90.872000E-06,+0.0E+00
-90.864000E-06,+0.0E+00
-90.856000E-06,+0.0E+00
-90.848000E-06,+0.0E+00
-90.840000E-06,+201.005023745E-03
-90.832000E-06,+2.953E-09
-90.824000E-06,+0.0E+00
-90.816000E-06,+0.0E+00
-90.808000E-06,+0.0E+00
-90.800000E-06,+201.005023745E-03
-90.792000E-06,+201.005026698E-03
-90.784000E-06,+2.953E-09
-90.776000E-06,+0.0E+00
-90.768000E-06,+0.0E+00
-90.760000E-06,+0.0E+00
-90.752000E-06,+0.0E+00
-90.744000E-06,+201.005023747E-03
-90.736000E-06,+201.005026698E-03
-90.728000E-06,+2.951E-09
-90.720000E-06,+0.0E+00
-90.712000E-06,+0.0E+00
-90.704000E-06,+0.0E+00
-90.696000E-06,+0.0E+00
-90.688000E-06,+0.0E+00
-90.680000E-06,+0.0E+00
-90.672000E-06,+0.0E+00
-90.664000E-06,+201.005023747E-03
-90.656000E-06,+201.005026698E-03
-90.648000E-06,+2.951E-09
-90.640000E-06,+0.0E+00
-90.632000E-06,+0.0E+00
-90.624000E-06,+0.0E+00
-90.616000E-06,+0.0E+00
-90.608000E-06,+0.0E+00
-90.600000E-06,+0.0E+00
-90.592000E-06,+201.005023748E-03
-90.584000E-06,+2.950E-09
-90.576000E-06,+0.0E+00
-90.568000E-06,+0.0E+00
-90.560000E-06,+0.0E+00
-90.552000E-06,+0.0E+00
-90.544000E-06,+0.0E+00
-90.536000E-06,+0.0E+00
-90.528000E-06,+0.0E+00
-90.520000E-06,+0.0E+00
-90.512000E-06,+0.0E+00
-90.504000E-06,+0.0E+00
-90.496000E-06,+201.005023750E-03
-90.488000E-06,+2.948E-09
-90.480000E-06,+0.0E+00
-90.472000E-06,+0.0E+00
-90.464000E-06,+201.005023750E-03
-90.456000E-06,+2.948E-09
-90.448000E-06,+0.0E+00
-90.440000E-06,+0.0E+00
-90.432000E-06,+0.0E+00
-90.424000E-06,+0.0E+00
-90.416000E-06,+0.0E+00
-90.408000E-06,+201.005023750E-03
-90.400000E-06,+201.005026698E-03
-90.392000E-06,+201.005026698E-03
-90.384000E-06,+2.947E-09
-90.376000E-06,+201.005023751E-03
-90.368000E-06,-201.005020804E-03
-90.360000E-06,+201.005020804E-03
-90.352000E-06,+2.947E-09
-90.344000E-06,+0.0E+00
-90.336000E-06,+0.0E+00
-90.328000E-06,+0.0E+00
-90.320000E-06,+0.0E+00
-90.312000E-06,+0.0E+00
-90.304000E-06,+0.0E+00
-90.296000E-06,+0.0E+00
-90.288000E-06,+0.0E+00
-90.280000E-06,+0.0E+00
-90.272000E-06,+0.0E+00
-90.264000E-06,+0.0E+00
-90.256000E-06,+0.0E+00
-90.248000E-06,+0.0E+00
-90.240000E-06,-201.005023753E-03
-90.232000E-06,-2.945E-09
-90.224000E-06,+0.0E+00
-90.216000E-06,+0.0E+00
-90.208000E-06,+0.0E+00
-90.200000E-06,+0.0E+00
-90.192000E-06,+0.0E+00
-90.184000E-06,+0.0E+00
-90.176000E-06,+0.0E+00
-90.168000E-06,+201.005023753E-03
-90.160000E-06,+2.944E-09
-90.152000E-06,+0.0E+00
-90.144000E-06,+0.0E+00
-90.136000E-06,+0.0E+00
-90.128000E-06,+0.0E+00
-90.120000E-06,+201.005023754E-03
-90.112000E-06,+2.944E-09
-90.104000E-06,+0.0E+00
-90.096000E-06,+0.0E+00
-90.088000E-06,+0.0E+00
-90.080000E-06,+0.0E+00
-90.072000E-06,+0.0E+00
-90.064000E-06,+0.0E+00
-90.056000E-06,+201.005023755E-03
-90.048000E-06,+2.943E-09
-90.040000E-06,+0.0E+00
-90.032000E-06,+0.0E+00
-90.024000E-06,+0.0E+00
-90.016000E-06,+0.0E+00
-90.008000E-06,+0.0E+00
-90.000000E-06,+0.0E+00
-89.992000E-06,+0.0E+00
-89.984000E-06,+0.0E+00
-89.976000E-06,+0.0E+00
-89.968000E-06,+0.0E+00
-89.960000E-06,+0.0E+00
-89.952000E-06,+0.0E+00
-89.944000E-06,+201.005023756E-03
-89.936000E-06,+201.005026698E-03
-89.928000E-06,+2.941E-09
-89.920000E-06,+0.0E+00
-89.912000E-06,+0.0E+00
-89.904000E-06,+0.0E+00
-89.896000E-06,+0.0E+00
-89.888000E-06,+0.0E+00
-89.880000E-06,+0.0E+00
-89.872000E-06,+0.0E+00
-89.864000E-06,+0.0E+00
-89.856000E-06,+0.0E+00
-89.848000E-06,+0.0E+00
-89.840000E-06,+0.0E+00
-89.832000E-06,+201.005023758E-03
-89.824000E-06,+2.940E-09
-89.816000E-06,+0.0E+00
-89.808000E-06,+201.005023758E-03
-89.800000E-06,+2.940E-09
-89.792000E-06,+0.0E+00
-89.784000E-06,+0.0E+00
-89.776000E-06,+0.0E+00
-89.768000E-06,+0.0E+00
-89.760000E-06,+0.0E+00
-89.752000E-06,+0.0E+00
-89.744000E-06,+0.0E+00
-89.736000E-06,+0.0E+00
-89.728000E-06,+0.0E+00
-89.720000E-06,+0.0E+00
-89.712000E-06,+0.0E+00
-89.704000E-06,+0.0E+00
-89.696000E-06,+0.0E+00
-89.688000E-06,+0.0E+00
-89.680000E-06,+0.0E+00
-89.672000E-06,+0.0E+00
-89.664000E-06,+0.0E+00
-89.656000E-06,+0.0E+00
-89.648000E-06,+0.0E+00
-89.640000E-06,+0.0E+00
-89.632000E-06,+0.0E+00
-89.624000E-06,+0.0E+00
-89.616000E-06,+0.0E+00
-89.608000E-06,+0.0E+00
-89.600000E-06,+0.0E+00
-89.592000E-06,+0.0E+00
-89.584000E-06,+0.0E+00
-89.576000E-06,+0.0E+00
-89.568000E-06,+0.0E+00
-89.560000E-06,+0.0E+00
-89.552000E-06,+0.0E+00
-89.544000E-06,+0.0E+00
-89.536000E-06,+0.0E+00
-89.528000E-06,+0.0E+00
-89.520000E-06,+0.0E+00
-89.512000E-06,+0.0E+00
-89.504000E-06,+0.0E+00
-89.496000E-06,+0.0E+00
-89.488000E-06,+0.0E+00
-89.480000E-06,+0.0E+00
-89.472000E-06,+0.0E+00
-89.464000E-06,+0.0E+00
-89.456000E-06,+0.0E+00
-89.448000E-06,+201.005023763E-03
-89.440000E-06,+2.935E-09
-89.432000E-06,+201.005023763E-03
-89.424000E-06,+2.935E-09
-89.416000E-06,+0.0E+00
-89.408000E-06,+0.0E+00
-89.400000E-06,-201.005023763E-03
-89.392000E-06,-2.935E-09
-89.384000E-06,+0.0E+00
-89.376000E-06,+0.0E+00
-89.368000E-06,+0.0E+00
-89.360000E-06,+201.005023764E-03
-89.352000E-06,+2.935E-09
-89.344000E-06,+0.0E+00
-89.336000E-06,-201.005023764E-03
-89.328000E-06,-2.934E-09
-89.320000E-06,+0.0E+00
-89.312000E-06,+0.0E+00
-89.304000E-06,+0.0E+00
-89.296000E-06,+0.0E+00
-89.288000E-06,+0.0E+00
-89.280000E-06,+0.0E+00
-89.272000E-06,+0.0E+00
-89.264000E-06,+0.0E+00
-89.256000E-06,+0.0E+00
-89.248000E-06,+0.0E+00
-89.240000E-06,+0.0E+00
-89.232000E-06,+0.0E+00
-89.224000E-06,+0.0E+00
-89.216000E-06,+0.0E+00
-89.208000E-06,+0.0E+00
-89.200000E-06,+0.0E+00
-89.192000E-06,+0.0E+00
-89.184000E-06,+0.0E+00
-89.176000E-06,-201.005023766E-03
-89.168000E-06,-2.932E-09
-89.160000E-06,+0.0E+00
-89.152000E-06,+0.0E+00
-89.144000E-06,+0.0E+00
-89.136000E-06,+0.0E+00
-89.128000E-06,+0.0E+00
-89.120000E-06,+0.0E+00
-89.112000E-06,+0.0E+00
-89.104000E-06,+0.0E+00
-89.096000E-06,+0.0E+00
-89.088000E-06,+0.0E+00
-89.080000E-06,+0.0E+00
-89.072000E-06,-201.005023767E-03
-89.064000E-06,-2.931E-09
-89.056000E-06,-201.005023767E-03
-89.048000E-06,-2.931E-09
-89.040000E-06,+0.0E+00
-89.032000E-06,+0.0E+00
-89.024000E-06,+0.0E+00
-89.016000E-06,+0.0E+00
-89.008000E-06,+0.0E+00
-89.000000E-06,+0.0E+00
-88.992000E-06,+0.0E+00
-88.984000E-06,+0.0E+00
-88.976000E-06,+0.0E+00
-88.968000E-06,+0.0E+00
-88.960000E-06,+0.0E+00
-88.952000E-06,+0.0E+00
-88.944000E-06,+0.0E+00
-88.936000E-06,+0.0E+00
-88.928000E-06,+0.0E+00
-88.920000E-06,+0.0E+00
-88.912000E-06,+0.0E+00
-88.904000E-06,+0.0E+00
-88.896000E-06,+0.0E+00
-88.888000E-06,+0.0E+00
-88.880000E-06,+0.0E+00
-88.872000E-06,+0.0E+00
-88.864000E-06,+0.0E+00
-88.856000E-06,+0.0E+00
-88.848000E-06,+0.0E+00
-88.840000E-06,+0.0E+00
-88.832000E-06,+0.0E+00
-88.824000E-06,-201.005023770E-03
-88.816000E-06,-201.005026698E-03
-88.808000E-06,+201.005020842E-03
-88.800000E-06,+2.928E-09
-88.792000E-06,+0.0E+00
-88.784000E-06,+0.0E+00
-88.776000E-06,+0.0E+00
-88.768000E-06,+0.0E+00
-88.760000E-06,+0.0E+00
-88.752000E-06,+0.0E+00
-88.744000E-06,+201.005023772E-03
-88.736000E-06,+201.005026698E-03
-88.728000E-06,+2.926E-09
-88.720000E-06,+0.0E+00
-88.712000E-06,+0.0E+00
-88.704000E-06,+0.0E+00
-88.696000E-06,+0.0E+00
-88.688000E-06,+0.0E+00
-88.680000E-06,+0.0E+00
-88.672000E-06,+0.0E+00
-88.664000E-06,+0.0E+00
-88.656000E-06,-201.005023772E-03
-88.648000E-06,-2.926E-09
-88.640000E-06,+0.0E+00
-88.632000E-06,-201.005023773E-03
-88.624000E-06,-2.925E-09
-88.616000E-06,+0.0E+00
-88.608000E-06,+0.0E+00
-88.600000E-06,+0.0E+00
-88.592000E-06,+0.0E+00
-88.584000E-06,-201.005023773E-03
-88.576000E-06,-2.925E-09
-88.568000E-06,+0.0E+00
-88.560000E-06,+0.0E+00
-88.552000E-06,+0.0E+00
-88.544000E-06,-201.005023774E-03
-88.536000E-06,-2.924E-09
-88.528000E-06,+0.0E+00
-88.520000E-06,+0.0E+00
-88.512000E-06,+0.0E+00
-88.504000E-06,+0.0E+00
-88.496000E-06,+0.0E+00
-88.488000E-06,+0.0E+00
-88.480000E-06,+0.0E+00
-88.472000E-06,+0.0E+00
-88.464000E-06,-201.005023775E-03
-88.456000E-06,-2.924E-09
-88.448000E-06,+0.0E+00
-88.440000E-06,+0.0E+00
-88.432000E-06,+0.0E+00
-88.424000E-06,-201.005023775E-03
-88.416000E-06,-2.923E-09
-88.408000E-06,+0.0E+00
-88.400000E-06,+0.0E+00
-88.392000E-06,-201.005023776E-03
-88.384000E-06,-2.922E-09
-88.376000E-06,+0.0E+00
-88.368000E-06,+0.0E+00
-88.360000E-06,+0.0E+00
-88.352000E-06,+0.0E+00
-88.344000E-06,-201.005023776E-03
-88.336000E-06,-201.005026698E-03
-88.328000E-06,-201.005026698E-03
-88.320000E-06,-2.921E-09
-88.312000E-06,+0.0E+00
-88.304000E-06,+0.0E+00
-88.296000E-06,+0.0E+00
-88.288000E-06,+0.0E+00
-88.280000E-06,+0.0E+00
-88.272000E-06,-201.005023777E-03
-88.264000E-06,-2.921E-09
-88.256000E-06,+0.0E+00
-88.248000E-06,-201.005023777E-03
-88.240000E-06,-201.005026698E-03
-88.232000E-06,-2.921E-09
-88.224000E-06,+0.0E+00
-88.216000E-06,-201.005023777E-03
-88.208000E-06,-2.920E-09
-88.200000E-06,+0.0E+00
-88.192000E-06,+0.0E+00
-88.184000E-06,-201.005023778E-03
-88.176000E-06,-2.919E-09
-88.168000E-06,+0.0E+00
-88.160000E-06,+0.0E+00
-88.152000E-06,+0.0E+00
-88.144000E-06,+0.0E+00
-88.136000E-06,+0.0E+00
-88.128000E-06,+0.0E+00
-88.120000E-06,+0.0E+00
-88.112000E-06,+0.0E+00
-88.104000E-06,+0.0E+00
-88.096000E-06,+0.0E+00
-88.088000E-06,+0.0E+00
-88.080000E-06,+0.0E+00
-88.072000E-06,-201.005023780E-03
-88.064000E-06,-2.918E-09
-88.056000E-06,+0.0E+00
-88.048000E-06,+0.0E+00
-88.040000E-06,-201.005023780E-03
-88.032000E-06,-201.005026698E-03
-88.024000E-06,-2.918E-09
-88.016000E-06,+0.0E+00
-88.008000E-06,+0.0E+00
-88.000000E-06,+0.0E+00
-87.992000E-06,-201.005023780E-03
-87.984000E-06,-2.918E-09
-87.976000E-06,+0.0E+00
-87.968000E-06,+0.0E+00
-87.960000E-06,+0.0E+00
-87.952000E-06,-201.005023781E-03
-87.944000E-06,-201.005026698E-03
-87.936000E-06,-2.916E-09
-87.928000E-06,-201.005023782E-03
-87.920000E-06,-2.916E-09
-87.912000E-06,+0.0E+00
-87.904000E-06,-201.005023782E-03
-87.896000E-06,-2.916E-09
-87.888000E-06,-201.005023782E-03
-87.880000E-06,-201.005026698E-03
-87.872000E-06,-201.005026698E-03
-87.864000E-06,-201.005026698E-03
-87.856000E-06,-2.916E-09
-87.848000E-06,+0.0E+00
-87.840000E-06,+0.0E+00
-87.832000E-06,+0.0E+00
-87.824000E-06,+0.0E+00
-87.816000E-06,+0.0E+00
-87.808000E-06,-201.005023783E-03
-87.800000E-06,-2.915E-09
-87.792000E-06,+0.0E+00
-87.784000E-06,-201.005023783E-03
-87.776000E-06,-2.915E-09
-87.768000E-06,+0.0E+00
-87.760000E-06,-201.005023783E-03
-87.752000E-06,-2.915E-09
-87.744000E-06,+0.0E+00
-87.736000E-06,+0.0E+00
-87.728000E-06,+0.0E+00
-87.720000E-06,-201.005023784E-03
-87.712000E-06,-201.005026698E-03
-87.704000E-06,-2.913E-09
-87.696000E-06,+0.0E+00
-87.688000E-06,+0.0E+00
-87.680000E-06,+0.0E+00
-87.672000E-06,-201.005023785E-03
-87.664000E-06,-2.913E-09
-87.656000E-06,+0.0E+00
-87.648000E-06,+0.0E+00
-87.640000E-06,+0.0E+00
-87.632000E-06,-201.005023785E-03
-87.624000E-06,-2.913E-09
-87.616000E-06,-201.005023786E-03
-87.608000E-06,-2.913E-09
-87.600000E-06,-201.005023786E-03
-87.592000E-06,-2.912E-09
-87.584000E-06,+0.0E+00
-87.576000E-06,-201.005023786E-03
-87.568000E-06,-201.005026698E-03
-87.560000E-06,-201.005026698E-03
-87.552000E-06,-2.912E-09
-87.544000E-06,-201.005023786E-03
-87.536000E-06,-201.005026698E-03
-87.528000E-06,-2.912E-09
-87.520000E-06,+0.0E+00
-87.512000E-06,+0.0E+00
-87.504000E-06,-201.005023787E-03
-87.496000E-06,-201.005026698E-03
-87.488000E-06,-201.005026698E-03
-87.480000E-06,-2.911E-09
-87.472000E-06,+0.0E+00
-87.464000E-06,+0.0E+00
-87.456000E-06,-201.005023788E-03
-87.448000E-06,-201.005026698E-03
-87.440000E-06,-201.005026698E-03
-87.432000E-06,-2.910E-09
-87.424000E-06,+0.0E+00
-87.416000E-06,-201.005023788E-03
-87.408000E-06,-201.005026698E-03
-87.400000E-06,-201.005026698E-03
-87.392000E-06,-201.005026698E-03
-87.384000E-06,-2.910E-09
-87.376000E-06,-201.005023788E-03
-87.368000E-06,-201.005026698E-03
-87.360000E-06,-2.909E-09
-87.352000E-06,-201.005023789E-03
-87.344000E-06,-201.005026698E-03
-87.336000E-06,-201.005026698E-03
-87.328000E-06,-201.005026698E-03
-87.320000E-06,-201.005026698E-03
-87.312000E-06,-201.005026698E-03
-87.304000E-06,-201.005026698E-03
-87.296000E-06,-201.005026698E-03
-87.288000E-06,-201.005026698E-03
-87.280000E-06,-201.005026698E-03
-87.272000E-06,-201.005026698E-03
-87.264000E-06,-201.005026698E-03
-87.256000E-06,-2.908E-09
-87.248000E-06,-201.005023790E-03
-87.240000E-06,-201.005026698E-03
-87.232000E-06,-201.005026698E-03
-87.224000E-06,-2.907E-09
-87.216000E-06,-201.005023791E-03
-87.208000E-06,-201.005026698E-03
-87.200000E-06,-201.005026698E-03
-87.192000E-06,-201.005026698E-03
-87.184000E-06,-201.005026698E-03
-87.176000E-06,-201.005026698E-03
-87.168000E-06,-201.005026698E-03
-87.160000E-06,-201.005026698E-03
-87.152000E-06,-201.005026698E-03
-87.144000E-06,-201.005026698E-03
-87.136000E-06,-201.005026698E-03
-87.128000E-06,-201.005026698E-03
-87.120000E-06,-201.005026698E-03
-87.112000E-06,-2.906E-09
-87.104000E-06,-201.005023792E-03
-87.096000E-06,-201.005026698E-03
-87.088000E-06,-201.005026698E-03
-87.080000E-06,-201.005026698E-03
-87.072000E-06,-201.005026698E-03
-87.064000E-06,-201.005026698E-03
-87.056000E-06,-201.005026698E-03
-87.048000E-06,-201.005026698E-03
-87.040000E-06,-201.005026698E-03
-87.032000E-06,-201.005026698E-03
-87.024000E-06,-2.905E-09
-87.016000E-06,-201.005023793E-03
-87.008000E-06,-2.905E-09
-87.000000E-06,-201.005023794E-03
-86.992000E-06,-201.005026698E-03
-86.984000E-06,-201.005026698E-03
-86.976000E-06,-201.005026698E-03
-86.968000E-06,-201.005026698E-03
-86.960000E-06,-2.905E-09
-86.952000E-06,-201.005023794E-03
-86.944000E-06,-201.005026698E-03
-86.936000E-06,-201.005026698E-03
-86.928000E-06,-2.905E-09
-86.920000E-06,+0.0E+00
-86.912000E-06,+0.0E+00
-86.904000E-06,-201.005023794E-03
-86.896000E-06,-201.005026698E-03
-86.888000E-06,-2.903E-09
-86.880000E-06,-201.005023795E-03
-86.872000E-06,-201.005026698E-03
-86.864000E-06,-201.005026698E-03
-86.856000E-06,-201.005026698E-03
-86.848000E-06,-201.005026698E-03
-86.840000E-06,-201.005026698E-03
-86.832000E-06,-201.005026698E-03
-86.824000E-06,-2.903E-09
-86.816000E-06,-201.005023795E-03
-86.808000E-06,-201.005026698E-03
-86.800000E-06,-201.005026698E-03
-86.792000E-06,-201.005026698E-03
-86.784000E-06,-201.005026698E-03
-86.776000E-06,-201.005026698E-03
-86.768000E-06,-201.005026698E-03
-86.760000E-06,-2.902E-09
-86.752000E-06,-201.005023797E-03
-86.744000E-06,-201.005026698E-03
-86.736000E-06,-201.005026698E-03
-86.728000E-06,-201.005026698E-03
-86.720000E-06,-201.005026698E-03
-86.712000E-06,-201.005026698E-03
-86.704000E-06,-201.005026698E-03
-86.696000E-06,-201.005026698E-03
-86.688000E-06,-201.005026698E-03
-86.680000E-06,-201.005026698E-03
-86.672000E-06,-201.005026698E-03
-86.664000E-06,-201.005026698E-03
-86.656000E-06,-201.005026698E-03
-86.648000E-06,-201.005026698E-03
-86.640000E-06,-2.900E-09
-86.632000E-06,+0.0E+00
-86.624000E-06,-201.005023798E-03
-86.616000E-06,-201.005026698E-03
-86.608000E-06,-201.005026698E-03
-86.600000E-06,-201.005026698E-03
-86.592000E-06,-201.005026698E-03
-86.584000E-06,-201.005026698E-03
-86.576000E-06,-201.005026698E-03
-86.568000E-06,-201.005026698E-03
-86.560000E-06,-201.005026698E-03
-86.552000E-06,-201.005026698E-03
-86.544000E-06,-2.899E-09
-86.536000E-06,-201.005023799E-03
-86.528000E-06,-201.005026698E-03
-86.520000E-06,-201.005026698E-03
-86.512000E-06,-201.005026698E-03
-86.504000E-06,-201.005026698E-03
-86.496000E-06,-201.005026698E-03
-86.488000E-06,-201.005026698E-03
-86.480000E-06,-201.005026698E-03
-86.472000E-06,-201.005026698E-03
-86.464000E-06,-201.005026698E-03
-86.456000E-06,-201.005026698E-03
-86.448000E-06,-201.005026698E-03
-86.440000E-06,-201.005026698E-03
-86.432000E-06,-201.005026698E-03
-86.424000E-06,-201.005026698E-03
-86.416000E-06,-201.005026698E-03
-86.408000E-06,-201.005026698E-03
-86.400000E-06,-201.005026698E-03
-86.392000E-06,-201.005026698E-03
-86.384000E-06,-201.005026698E-03
-86.376000E-06,-201.005026698E-03
-86.368000E-06,-201.005026698E-03
-86.360000E-06,-201.005026698E-03
-86.352000E-06,-201.005026698E-03
-86.344000E-06,-201.005026698E-03
-86.336000E-06,-402.010050500E-03
-86.328000E-06,-201.005029595E-03
-86.320000E-06,-201.005026698E-03
-86.312000E-06,-201.005026698E-03
-86.304000E-06,-201.005026698E-03
-86.296000E-06,-201.005026698E-03
-86.288000E-06,-201.005026698E-03
-86.280000E-06,-201.005026698E-03
-86.272000E-06,-201.005026698E-03
-86.264000E-06,-201.005026698E-03
-86.256000E-06,-201.005026698E-03
-86.248000E-06,-201.005026698E-03
-86.240000E-06,-201.005026698E-03
-86.232000E-06,-201.005026698E-03
-86.224000E-06,-201.005026698E-03
-86.216000E-06,-201.005026698E-03
-86.208000E-06,-402.010050501E-03
-86.200000E-06,-201.005029593E-03
-86.192000E-06,-402.010050502E-03
-86.184000E-06,-201.005029592E-03
-86.176000E-06,-201.005026698E-03
-86.168000E-06,-201.005026698E-03
-86.160000E-06,-402.010050502E-03
-86.152000E-06,-201.005029592E-03
-86.144000E-06,-201.005026698E-03
-86.136000E-06,-201.005026698E-03
-86.128000E-06,-201.005026698E-03
-86.120000E-06,-201.005026698E-03
-86.112000E-06,-201.005026698E-03
-86.104000E-06,-201.005026698E-03
-86.096000E-06,-201.005026698E-03
-86.088000E-06,-201.005026698E-03
-86.080000E-06,-402.010050503E-03
-86.072000E-06,-201.005029591E-03
-86.064000E-06,-201.005026698E-03
-86.056000E-06,-201.005026698E-03
-86.048000E-06,-402.010050503E-03
-86.040000E-06,-201.005029591E-03
-86.032000E-06,-201.005026698E-03
-86.024000E-06,-201.005026698E-03
-86.016000E-06,-201.005026698E-03
-86.008000E-06,-201.005026698E-03
-86.000000E-06,-402.010050503E-03
-85.992000E-06,-201.005029591E-03
-85.984000E-06,-201.005026698E-03
-85.976000E-06,-201.005026698E-03
-85.968000E-06,-201.005026698E-03
-85.960000E-06,-402.010050505E-03
-85.952000E-06,-201.005029589E-03
-85.944000E-06,-201.005026698E-03
-85.936000E-06,-201.005026698E-03
-85.928000E-06,-201.005026698E-03
-85.920000E-06,-201.005026698E-03
-85.912000E-06,-201.005026698E-03
-85.904000E-06,-201.005026698E-03
-85.896000E-06,-201.005026698E-03
-85.888000E-06,-201.005026698E-03
-85.880000E-06,-201.005026698E-03
-85.872000E-06,-201.005026698E-03
-85.864000E-06,-201.005026698E-03
-85.856000E-06,-201.005026698E-03
-85.848000E-06,-201.005026698E-03
-85.840000E-06,-201.005026698E-03
-85.832000E-06,-201.005026698E-03
-85.824000E-06,-201.005026698E-03
-85.816000E-06,-201.005026698E-03
-85.808000E-06,-201.005026698E-03
-85.800000E-06,-201.005026698E-03
-85.792000E-06,-201.005026698E-03
-85.784000E-06,-201.005026698E-03
-85.776000E-06,-201.005026698E-03
-85.768000E-06,-201.005026698E-03
-85.760000E-06,-201.005026698E-03
-85.752000E-06,-201.005026698E-03
-85.744000E-06,-201.005026698E-03
-85.736000E-06,-201.005026698E-03
-85.728000E-06,-402.010050508E-03
-85.720000E-06,-402.010053396E-03
-85.712000E-06,-402.010053396E-03
-85.704000E-06,-201.005029587E-03
-85.696000E-06,-201.005026698E-03
-85.688000E-06,-201.005026698E-03
-85.680000E-06,-402.010050508E-03
-85.672000E-06,-402.010053396E-03
-85.664000E-06,-201.005029587E-03
-85.656000E-06,-402.010050508E-03
-85.648000E-06,-201.005029587E-03
-85.640000E-06,-201.005026698E-03
-85.632000E-06,-402.010050509E-03
-85.624000E-06,-201.005029586E-03
-85.616000E-06,-402.010050509E-03
-85.608000E-06,-402.010053396E-03
-85.600000E-06,-402.010053396E-03
-85.592000E-06,-201.005029585E-03
-85.584000E-06,-402.010050509E-03
-85.576000E-06,-402.010053396E-03
-85.568000E-06,-201.005029585E-03
-85.560000E-06,-402.010050509E-03
-85.552000E-06,-402.010053396E-03
-85.544000E-06,-201.005029585E-03
-85.536000E-06,-201.005026698E-03
-85.528000E-06,-201.005026698E-03
-85.520000E-06,-201.005026698E-03
-85.512000E-06,-201.005026698E-03
-85.504000E-06,-201.005026698E-03
-85.496000E-06,-201.005026698E-03
-85.488000E-06,-201.005026698E-03
-85.480000E-06,-201.005026698E-03
-85.472000E-06,-402.010050511E-03
-85.464000E-06,-201.005029584E-03
-85.456000E-06,-402.010050511E-03
-85.448000E-06,-201.005029584E-03
-85.440000E-06,-402.010050511E-03
-85.432000E-06,-201.005029584E-03
-85.424000E-06,-402.010050511E-03
-85.416000E-06,-402.010053396E-03
-85.408000E-06,-201.005029584E-03
-85.400000E-06,-402.010050511E-03
-85.392000E-06,-201.005029583E-03
-85.384000E-06,-201.005026698E-03
-85.376000E-06,-402.010050512E-03
-85.368000E-06,-402.010053396E-03
-85.360000E-06,-201.005029582E-03
-85.352000E-06,-201.005026698E-03
-85.344000E-06,-201.005026698E-03
-85.336000E-06,-402.010050512E-03
-85.328000E-06,-402.010053396E-03
-85.320000E-06,-402.010053396E-03
-85.312000E-06,-402.010053396E-03
-85.304000E-06,-402.010053396E-03
-85.296000E-06,-201.005029582E-03
-85.288000E-06,-402.010050513E-03
-85.280000E-06,-402.010053396E-03
-85.272000E-06,-201.005029581E-03
-85.264000E-06,-402.010050513E-03
-85.256000E-06,-402.010053396E-03
-85.248000E-06,-201.005029581E-03
-85.240000E-06,-201.005026698E-03
-85.232000E-06,-402.010050514E-03
-85.224000E-06,-201.005029581E-03
-85.216000E-06,-201.005026698E-03
-85.208000E-06,-402.010050514E-03
-85.200000E-06,-603.015077212E-03
-85.192000E-06,-402.010056279E-03
-85.184000E-06,-402.010053396E-03
-85.176000E-06,-402.010053396E-03
-85.168000E-06,-402.010053396E-03
-85.160000E-06,-201.005029580E-03
-85.152000E-06,-201.005026698E-03
-85.144000E-06,-402.010050515E-03
-85.136000E-06,-402.010053396E-03
-85.128000E-06,-402.010053396E-03
-85.120000E-06,-201.005029579E-03
-85.112000E-06,-201.005026698E-03
-85.104000E-06,-402.010050515E-03
-85.096000E-06,-402.010053396E-03
-85.088000E-06,-402.010053396E-03
-85.080000E-06,-402.010053396E-03
-85.072000E-06,-402.010053396E-03
-85.064000E-06,-201.005029579E-03
-85.056000E-06,-402.010050516E-03
-85.048000E-06,-402.010053396E-03
-85.040000E-06,-402.010053396E-03
-85.032000E-06,-402.010053396E-03
-85.024000E-06,-402.010053396E-03
-85.016000E-06,-402.010053396E-03
-85.008000E-06,-402.010053396E-03
-85.000000E-06,-402.010053396E-03
-84.992000E-06,-402.010053396E-03
-84.984000E-06,-402.010053396E-03
-84.976000E-06,-402.010053396E-03
-84.968000E-06,-201.005029578E-03
-84.960000E-06,-402.010050517E-03
-84.952000E-06,-402.010053396E-03
-84.944000E-06,-402.010053396E-03
-84.936000E-06,-402.010053396E-03
-84.928000E-06,-402.010053396E-03
-84.920000E-06,-201.005029577E-03
-84.912000E-06,-402.010050517E-03
-84.904000E-06,-402.010053396E-03
-84.896000E-06,-402.010053396E-03
-84.888000E-06,-201.005029576E-03
-84.880000E-06,-402.010050518E-03
-84.872000E-06,-201.005029576E-03
-84.864000E-06,-402.010050518E-03
-84.856000E-06,-402.010053396E-03
-84.848000E-06,-402.010053396E-03
-84.840000E-06,-201.005029576E-03
-84.832000E-06,-201.005026698E-03
-84.824000E-06,-402.010050519E-03
-84.816000E-06,-201.005029576E-03
-84.808000E-06,-201.005026698E-03
-84.800000E-06,-402.010050519E-03
-84.792000E-06,-201.005029575E-03
-84.784000E-06,-402.010050519E-03
-84.776000E-06,-201.005029575E-03
-84.768000E-06,-402.010050519E-03
-84.760000E-06,-402.010053396E-03
-84.752000E-06,-402.010053396E-03
-84.744000E-06,-402.010053396E-03
-84.736000E-06,-402.010053396E-03
-84.728000E-06,-402.010053396E-03
-84.720000E-06,-201.005029575E-03
-84.712000E-06,-201.005026698E-03
-84.704000E-06,-402.010050520E-03
-84.696000E-06,-402.010053396E-03
-84.688000E-06,-402.010053396E-03
-84.680000E-06,-402.010053396E-03
-84.672000E-06,-402.010053396E-03
-84.664000E-06,-201.005029573E-03
-84.656000E-06,-402.010050521E-03
-84.648000E-06,-402.010053396E-03
-84.640000E-06,-402.010053396E-03
-84.632000E-06,-402.010053396E-03
-84.624000E-06,-201.005029573E-03
-84.616000E-06,-603.015074344E-03
-84.608000E-06,-402.010056272E-03
-84.600000E-06,-201.005029573E-03
-84.592000E-06,-402.010050521E-03
-84.584000E-06,-402.010053396E-03
-84.576000E-06,-402.010053396E-03
-84.568000E-06,-402.010053396E-03
-84.560000E-06,-402.010053396E-03
-84.552000E-06,-402.010053396E-03
-84.544000E-06,-201.005029572E-03
-84.536000E-06,-402.010050522E-03
-84.528000E-06,-402.010053396E-03
-84.520000E-06,-402.010053396E-03
-84.512000E-06,-402.010053396E-03
-84.504000E-06,-402.010053396E-03
-84.496000E-06,-402.010053396E-03
-84.488000E-06,-402.010053396E-03
-84.480000E-06,-201.005029572E-03
-84.472000E-06,-402.010050523E-03
-84.464000E-06,-402.010053396E-03
-84.456000E-06,-201.005029571E-03
-84.448000E-06,-402.010050523E-03
-84.440000E-06,-402.010053396E-03
-84.432000E-06,-402.010053396E-03
-84.424000E-06,-402.010053396E-03
-84.416000E-06,-402.010053396E-03
-84.408000E-06,-402.010053396E-03
-84.400000E-06,-402.010053396E-03
-84.392000E-06,-402.010053396E-03
-84.384000E-06,-402.010053396E-03
-84.376000E-06,-402.010053396E-03
-84.368000E-06,-402.010053396E-03
-84.360000E-06,-402.010053396E-03
-84.352000E-06,-402.010053396E-03
-84.344000E-06,-402.010053396E-03
-84.336000E-06,-402.010053396E-03
-84.328000E-06,-603.015077223E-03
-84.320000E-06,-402.010056267E-03
-84.312000E-06,-402.010053396E-03
-84.304000E-06,-402.010053396E-03
-84.296000E-06,-402.010053396E-03
-84.288000E-06,-402.010053396E-03
-84.280000E-06,-402.010053396E-03
-84.272000E-06,-402.010053396E-03
-84.264000E-06,-402.010053396E-03
-84.256000E-06,-402.010053396E-03
-84.248000E-06,-402.010053396E-03
-84.240000E-06,-402.010053396E-03
-84.232000E-06,-402.010053396E-03
-84.224000E-06,-402.010053396E-03
-84.216000E-06,-402.010053396E-03
-84.208000E-06,-402.010053396E-03
-84.200000E-06,-402.010053396E-03
-84.192000E-06,-402.010053396E-03
-84.184000E-06,-402.010053396E-03
-84.176000E-06,-201.005029568E-03
-84.168000E-06,-402.010050527E-03
-84.160000E-06,-603.015077225E-03
-84.152000E-06,-402.010056266E-03
-84.144000E-06,-402.010053396E-03
-84.136000E-06,-201.005029568E-03
-84.128000E-06,-402.010050527E-03
-84.120000E-06,-402.010053396E-03
-84.112000E-06,-402.010053396E-03
-84.104000E-06,-402.010053396E-03
-84.096000E-06,-402.010053396E-03
-84.088000E-06,-402.010053396E-03
-84.080000E-06,-402.010053396E-03
-84.072000E-06,-402.010053396E-03
-84.064000E-06,-402.010053396E-03
-84.056000E-06,-402.010053396E-03
-84.048000E-06,-402.010053396E-03
-84.040000E-06,-402.010053396E-03
-84.032000E-06,-402.010053396E-03
-84.024000E-06,-402.010053396E-03
-84.016000E-06,-402.010053396E-03
-84.008000E-06,-402.010053396E-03
-84.000000E-06,-402.010053396E-03
-83.992000E-06,-402.010053396E-03
-83.984000E-06,-402.010053396E-03
-83.976000E-06,-402.010053396E-03
-83.968000E-06,-603.015077228E-03
-83.960000E-06,-402.010056263E-03
-83.952000E-06,-402.010053396E-03
-83.944000E-06,-402.010053396E-03
-83.936000E-06,-603.015077228E-03
-83.928000E-06,-402.010056263E-03
-83.920000E-06,-402.010053396E-03
-83.912000E-06,-402.010053396E-03
-83.904000E-06,-402.010053396E-03
-83.896000E-06,-402.010053396E-03
-83.888000E-06,-402.010053396E-03
-83.880000E-06,-402.010053396E-03
-83.872000E-06,-402.010053396E-03
-83.864000E-06,-402.010053396E-03
-83.856000E-06,-402.010053396E-03
-83.848000E-06,-603.015077229E-03
-83.840000E-06,-402.010056261E-03
-83.832000E-06,-402.010053396E-03
-83.824000E-06,-402.010053396E-03
-83.816000E-06,-402.010053396E-03
-83.808000E-06,-402.010053396E-03
-83.800000E-06,-402.010053396E-03
-83.792000E-06,-402.010053396E-03
-83.784000E-06,-402.010053396E-03
-83.776000E-06,-402.010053396E-03
-83.768000E-06,-402.010053396E-03
-83.760000E-06,-402.010053396E-03
-83.752000E-06,-402.010053396E-03
-83.744000E-06,-402.010053396E-03
-83.736000E-06,-402.010053396E-03
-83.728000E-06,-603.015077231E-03
-83.720000E-06,-603.015080094E-03
-83.712000E-06,-402.010056260E-03
-83.704000E-06,-402.010053396E-03
-83.696000E-06,-402.010053396E-03
-83.688000E-06,-201.005029562E-03
-83.680000E-06,-402.010050533E-03
-83.672000E-06,-402.010053396E-03
-83.664000E-06,-402.010053396E-03
-83.656000E-06,-201.005029561E-03
-83.648000E-06,-402.010050533E-03
-83.640000E-06,-402.010053396E-03
-83.632000E-06,-402.010053396E-03
-83.624000E-06,-402.010053396E-03
-83.616000E-06,-402.010053396E-03
-83.608000E-06,-402.010053396E-03
-83.600000E-06,-402.010053396E-03
-83.592000E-06,-402.010053396E-03
-83.584000E-06,-402.010053396E-03
-83.576000E-06,-402.010053396E-03
-83.568000E-06,-402.010053396E-03
-83.560000E-06,-402.010053396E-03
-83.552000E-06,-402.010053396E-03
-83.544000E-06,-402.010053396E-03
-83.536000E-06,-402.010053396E-03
-83.528000E-06,-402.010053396E-03
-83.520000E-06,-402.010053396E-03
-83.512000E-06,-402.010053396E-03
-83.504000E-06,-402.010053396E-03
-83.496000E-06,-402.010053396E-03
-83.488000E-06,-402.010053396E-03
-83.480000E-06,-402.010053396E-03
-83.472000E-06,-402.010053396E-03
-83.464000E-06,-603.015077234E-03
-83.456000E-06,-402.010056257E-03
-83.448000E-06,-402.010053396E-03
-83.440000E-06,-402.010053396E-03
-83.432000E-06,-402.010053396E-03
-83.424000E-06,-402.010053396E-03
-83.416000E-06,-402.010053396E-03
-83.408000E-06,-402.010053396E-03
-83.400000E-06,-402.010053396E-03
-83.392000E-06,-402.010053396E-03
-83.384000E-06,-402.010053396E-03
-83.376000E-06,-402.010053396E-03
-83.368000E-06,-402.010053396E-03
-83.360000E-06,-603.015077235E-03
-83.352000E-06,-603.015080094E-03
-83.344000E-06,-402.010056255E-03
-83.336000E-06,-402.010053396E-03
-83.328000E-06,-603.015077235E-03
-83.320000E-06,-402.010056255E-03
-83.312000E-06,-402.010053396E-03
-83.304000E-06,-402.010053396E-03
-83.296000E-06,-402.010053396E-03
-83.288000E-06,-402.010053396E-03
-83.280000E-06,-402.010053396E-03
-83.272000E-06,-603.015077237E-03
-83.264000E-06,-402.010056254E-03
-83.256000E-06,-603.015077237E-03
-83.248000E-06,-402.010056254E-03
-83.240000E-06,-402.010053396E-03
-83.232000E-06,-402.010053396E-03
-83.224000E-06,-402.010053396E-03
-83.216000E-06,-402.010053396E-03
-83.208000E-06,-402.010053396E-03
-83.200000E-06,-402.010053396E-03
-83.192000E-06,-402.010053396E-03
-83.184000E-06,-402.010053396E-03
-83.176000E-06,-603.015077237E-03
-83.168000E-06,-603.015080094E-03
-83.160000E-06,-402.010056252E-03
-83.152000E-06,-402.010053396E-03
-83.144000E-06,-402.010053396E-03
-83.136000E-06,-402.010053396E-03
-83.128000E-06,-402.010053396E-03
-83.120000E-06,-402.010053396E-03
-83.112000E-06,-402.010053396E-03
-83.104000E-06,-402.010053396E-03
-83.096000E-06,-402.010053396E-03
-83.088000E-06,-402.010053396E-03
-83.080000E-06,-603.015077238E-03
-83.072000E-06,-402.010056252E-03
-83.064000E-06,-402.010053396E-03
-83.056000E-06,-402.010053396E-03
-83.048000E-06,-402.010053396E-03
-83.040000E-06,-402.010053396E-03
-83.032000E-06,-402.010053396E-03
-83.024000E-06,-402.010053396E-03
-83.016000E-06,-402.010053396E-03
-83.008000E-06,-402.010053396E-03
-83.000000E-06,-402.010053396E-03
-82.992000E-06,-402.010053396E-03
-82.984000E-06,-603.015077240E-03
-82.976000E-06,-603.015080094E-03
-82.968000E-06,-603.015080094E-03
-82.960000E-06,-402.010056251E-03
-82.952000E-06,-402.010053396E-03
-82.944000E-06,-402.010053396E-03
-82.936000E-06,-402.010053396E-03
-82.928000E-06,-603.015077240E-03
-82.920000E-06,-603.015080094E-03
-82.912000E-06,-402.010056250E-03
-82.904000E-06,-402.010053396E-03
-82.896000E-06,-402.010053396E-03
-82.888000E-06,-402.010053396E-03
-82.880000E-06,-402.010053396E-03
-82.872000E-06,-402.010053396E-03
-82.864000E-06,-402.010053396E-03
-82.856000E-06,-603.015077241E-03
-82.848000E-06,-402.010056250E-03
-82.840000E-06,-603.015077242E-03
-82.832000E-06,-402.010056249E-03
-82.824000E-06,-402.010053396E-03
-82.816000E-06,-402.010053396E-03
-82.808000E-06,-402.010053396E-03
-82.800000E-06,-402.010053396E-03
-82.792000E-06,-402.010053396E-03
-82.784000E-06,-402.010053396E-03
-82.776000E-06,-402.010053396E-03
-82.768000E-06,-402.010053396E-03
-82.760000E-06,-603.015077242E-03
-82.752000E-06,-603.015080094E-03
-82.744000E-06,-402.010056248E-03
-82.736000E-06,-402.010053396E-03
-82.728000E-06,-402.010053396E-03
-82.720000E-06,-402.010053396E-03
-82.712000E-06,-402.010053396E-03
-82.704000E-06,-402.010053396E-03
-82.696000E-06,-402.010053396E-03
-82.688000E-06,-402.010053396E-03
-82.680000E-06,-402.010053396E-03
-82.672000E-06,-402.010053396E-03
-82.664000E-06,-603.015077244E-03
-82.656000E-06,-402.010056247E-03
-82.648000E-06,-603.015077244E-03
-82.640000E-06,-603.015080094E-03
-82.632000E-06,-402.010056247E-03
-82.624000E-06,-603.015077244E-03
-82.616000E-06,-603.015080094E-03
-82.608000E-06,-402.010056247E-03
-82.600000E-06,-402.010053396E-03
-82.592000E-06,-402.010053396E-03
-82.584000E-06,-402.010053396E-03
-82.576000E-06,-402.010053396E-03
-82.568000E-06,-402.010053396E-03
-82.560000E-06,-603.015077245E-03
-82.552000E-06,-402.010056245E-03
-82.544000E-06,-402.010053396E-03
-82.536000E-06,-402.010053396E-03
-82.528000E-06,-603.015077245E-03
-82.520000E-06,-402.010056245E-03
-82.512000E-06,-402.010053396E-03
-82.504000E-06,-603.015077245E-03
-82.496000E-06,-603.015080094E-03
-82.488000E-06,-402.010056244E-03
-82.480000E-06,-402.010053396E-03
-82.472000E-06,-603.015077246E-03
-82.464000E-06,-402.010056244E-03
-82.456000E-06,-402.010053396E-03
-82.448000E-06,-603.015077247E-03
-82.440000E-06,-402.010056244E-03
-82.432000E-06,-603.015077247E-03
-82.424000E-06,-402.010056244E-03
-82.416000E-06,-402.010053396E-03
-82.408000E-06,-603.015077247E-03
-82.400000E-06,-402.010056244E-03
-82.392000E-06,-402.010053396E-03
-82.384000E-06,-402.010053396E-03
-82.376000E-06,-402.010053396E-03
-82.368000E-06,-402.010053396E-03
-82.360000E-06,-402.010053396E-03
-82.352000E-06,-402.010053396E-03
-82.344000E-06,-402.010053396E-03
-82.336000E-06,-402.010053396E-03
-82.328000E-06,-402.010053396E-03
-82.320000E-06,-402.010053396E-03
-82.312000E-06,-402.010053396E-03
-82.304000E-06,-603.015077248E-03
-82.296000E-06,-603.015080094E-03
-82.288000E-06,-402.010056242E-03
-82.280000E-06,-402.010053396E-03
-82.272000E-06,-603.015077248E-03
-82.264000E-06,-603.015080094E-03
-82.256000E-06,-402.010056242E-03
-82.248000E-06,-603.015077249E-03
-82.240000E-06,-402.010056242E-03
-82.232000E-06,-402.010053396E-03
-82.224000E-06,-402.010053396E-03
-82.216000E-06,-603.015077250E-03
-82.208000E-06,-402.010056241E-03
-82.200000E-06,-402.010053396E-03
-82.192000E-06,-402.010053396E-03
-82.184000E-06,-603.015077250E-03
-82.176000E-06,-402.010056241E-03
-82.168000E-06,-603.015077250E-03
-82.160000E-06,-402.010056241E-03
-82.152000E-06,-603.015077250E-03
-82.144000E-06,-603.015080094E-03
-82.136000E-06,-603.015080094E-03
-82.128000E-06,-603.015080094E-03
-82.120000E-06,-603.015080094E-03
-82.112000E-06,-402.010056240E-03
-82.104000E-06,-402.010053396E-03
-82.096000E-06,-603.015077251E-03
-82.088000E-06,-402.010056239E-03
-82.080000E-06,-402.010053396E-03
-82.072000E-06,-402.010053396E-03
-82.064000E-06,-402.010053396E-03
-82.056000E-06,-603.015077251E-03
-82.048000E-06,-402.010056239E-03
-82.040000E-06,-402.010053396E-03
-82.032000E-06,-402.010053396E-03
-82.024000E-06,-402.010053396E-03
-82.016000E-06,-402.010053396E-03
-82.008000E-06,-402.010053396E-03
-82.000000E-06,-603.015077252E-03
-81.992000E-06,-402.010056238E-03
-81.984000E-06,-402.010053396E-03
-81.976000E-06,-402.010053396E-03
-81.968000E-06,-402.010053396E-03
-81.960000E-06,-402.010053396E-03
-81.952000E-06,-402.010053396E-03
-81.944000E-06,-402.010053396E-03
-81.936000E-06,-603.015077253E-03
-81.928000E-06,-402.010056238E-03
-81.920000E-06,-402.010053396E-03
-81.912000E-06,-402.010053396E-03
-81.904000E-06,-402.010053396E-03
-81.896000E-06,-402.010053396E-03
-81.888000E-06,-402.010053396E-03
-81.880000E-06,-603.015077253E-03
-81.872000E-06,-603.015080094E-03
-81.864000E-06,-603.015080094E-03
-81.856000E-06,-603.015080094E-03
-81.848000E-06,-402.010056236E-03
-81.840000E-06,-402.010053396E-03
-81.832000E-06,-603.015077254E-03
-81.824000E-06,-402.010056236E-03
-81.816000E-06,-402.010053396E-03
-81.808000E-06,-402.010053396E-03
-81.800000E-06,-603.015077254E-03
-81.792000E-06,-402.010056236E-03
-81.784000E-06,-402.010053396E-03
-81.776000E-06,-603.015077255E-03
-81.768000E-06,-402.010056236E-03
-81.760000E-06,-402.010053396E-03
-81.752000E-06,-402.010053396E-03
-81.744000E-06,-402.010053396E-03
-81.736000E-06,-402.010053396E-03
-81.728000E-06,-402.010053396E-03
-81.720000E-06,-402.010053396E-03
-81.712000E-06,-402.010053396E-03
-81.704000E-06,-402.010053396E-03
-81.696000E-06,-402.010053396E-03
-81.688000E-06,-402.010053396E-03
-81.680000E-06,-402.010053396E-03
-81.672000E-06,-402.010053396E-03
-81.664000E-06,-402.010053396E-03
-81.656000E-06,-603.015077256E-03
-81.648000E-06,-402.010056234E-03
-81.640000E-06,-402.010053396E-03
-81.632000E-06,-603.015077257E-03
-81.624000E-06,-603.015080094E-03
-81.616000E-06,-402.010056233E-03
-81.608000E-06,-402.010053396E-03
-81.600000E-06,-402.010053396E-03
-81.592000E-06,-402.010053396E-03
-81.584000E-06,-603.015077257E-03
-81.576000E-06,-402.010056233E-03
-81.568000E-06,-603.015077257E-03
-81.560000E-06,-603.015080094E-03
-81.552000E-06,-603.015080094E-03
-81.544000E-06,-402.010056233E-03
-81.536000E-06,-402.010053396E-03
-81.528000E-06,-402.010053396E-03
-81.520000E-06,-402.010053396E-03
-81.512000E-06,-402.010053396E-03
-81.504000E-06,-402.010053396E-03
-81.496000E-06,-402.010053396E-03
-81.488000E-06,-402.010053396E-03
-81.480000E-06,-402.010053396E-03
-81.472000E-06,-402.010053396E-03
-81.464000E-06,-402.010053396E-03
-81.456000E-06,-402.010053396E-03
-81.448000E-06,-603.015077259E-03
-81.440000E-06,-402.010056232E-03
-81.432000E-06,-402.010053396E-03
-81.424000E-06,-603.015077259E-03
-81.416000E-06,-603.015080094E-03
-81.408000E-06,-402.010056231E-03
-81.400000E-06,-402.010053396E-03
-81.392000E-06,-603.015077260E-03
-81.384000E-06,-603.015080094E-03
-81.376000E-06,-402.010056231E-03
-81.368000E-06,-402.010053396E-03
-81.360000E-06,-603.015077260E-03
-81.352000E-06,-402.010056231E-03
-81.344000E-06,-603.015077260E-03
-81.336000E-06,-402.010056231E-03
-81.328000E-06,-402.010053396E-03
-81.320000E-06,-402.010053396E-03
-81.312000E-06,-402.010053396E-03
-81.304000E-06,-402.010053396E-03
-81.296000E-06,-402.010053396E-03
-81.288000E-06,-402.010053396E-03
-81.280000E-06,-603.015077261E-03
-81.272000E-06,-402.010056229E-03
-81.264000E-06,-402.010053396E-03
-81.256000E-06,-402.010053396E-03
-81.248000E-06,-402.010053396E-03
-81.240000E-06,-402.010053396E-03
-81.232000E-06,-402.010053396E-03
-81.224000E-06,-402.010053396E-03
-81.216000E-06,-402.010053396E-03
-81.208000E-06,-402.010053396E-03
-81.200000E-06,-402.010053396E-03
-81.192000E-06,-402.010053396E-03
-81.184000E-06,-402.010053396E-03
-81.176000E-06,-402.010053396E-03
-81.168000E-06,-402.010053396E-03
-81.160000E-06,-402.010053396E-03
-81.152000E-06,-402.010053396E-03
-81.144000E-06,-402.010053396E-03
-81.136000E-06,-402.010053396E-03
-81.128000E-06,-402.010053396E-03
-81.120000E-06,-402.010053396E-03
-81.112000E-06,-402.010053396E-03
-81.104000E-06,-402.010053396E-03
-81.096000E-06,-603.015077263E-03
-81.088000E-06,-603.015080094E-03
-81.080000E-06,-402.010056227E-03
-81.072000E-06,-402.010053396E-03
-81.064000E-06,-402.010053396E-03
-81.056000E-06,-402.010053396E-03
-81.048000E-06,-402.010053396E-03
-81.040000E-06,-402.010053396E-03
-81.032000E-06,-402.010053396E-03
-81.024000E-06,-402.010053396E-03
-81.016000E-06,-402.010053396E-03
-81.008000E-06,-603.015077264E-03
-81.000000E-06,-603.015080094E-03
-80.992000E-06,-402.010056226E-03
-80.984000E-06,-603.015077264E-03
-80.976000E-06,-603.015080094E-03
-80.968000E-06,-402.010056225E-03
-80.960000E-06,-402.010053396E-03
-80.952000E-06,-402.010053396E-03
-80.944000E-06,-603.015077265E-03
-80.936000E-06,-402.010056225E-03
-80.928000E-06,-402.010053396E-03
-80.920000E-06,-402.010053396E-03
-80.912000E-06,-402.010053396E-03
-80.904000E-06,-402.010053396E-03
-80.896000E-06,-402.010053396E-03
-80.888000E-06,-402.010053396E-03
-80.880000E-06,-402.010053396E-03
-80.872000E-06,-402.010053396E-03
-80.864000E-06,-402.010053396E-03
-80.856000E-06,-402.010053396E-03
-80.848000E-06,-402.010053396E-03
-80.840000E-06,-402.010053396E-03
-80.832000E-06,-402.010053396E-03
-80.824000E-06,-402.010053396E-03
-80.816000E-06,-402.010053396E-03
-80.808000E-06,-402.010053396E-03
-80.800000E-06,-402.010053396E-03
-80.792000E-06,-402.010053396E-03
-80.784000E-06,-402.010053396E-03
-80.776000E-06,-402.010053396E-03
-80.768000E-06,-402.010053396E-03
-80.760000E-06,-402.010053396E-03
-80.752000E-06,-402.010053396E-03
-80.744000E-06,-402.010053396E-03
-80.736000E-06,-402.010053396E-03
-80.728000E-06,-402.010053396E-03
-80.720000E-06,-402.010053396E-03
-80.712000E-06,-402.010053396E-03
-80.704000E-06,-402.010053396E-03
-80.696000E-06,-402.010053396E-03
-80.688000E-06,-603.015077269E-03
-80.680000E-06,-603.015080094E-03
-80.672000E-06,-402.010056222E-03
-80.664000E-06,-402.010053396E-03
-80.656000E-06,-402.010053396E-03
-80.648000E-06,-402.010053396E-03
-80.640000E-06,-603.015077269E-03
-80.632000E-06,-402.010056222E-03
-80.624000E-06,-402.010053396E-03
-80.616000E-06,-402.010053396E-03
-80.608000E-06,-402.010053396E-03
-80.600000E-06,-402.010053396E-03
-80.592000E-06,-603.015077270E-03
-80.584000E-06,-402.010056220E-03
-80.576000E-06,-402.010053396E-03
-80.568000E-06,-402.010053396E-03
-80.560000E-06,-402.010053396E-03
-80.552000E-06,-402.010053396E-03
-80.544000E-06,-402.010053396E-03
-80.536000E-06,-402.010053396E-03
-80.528000E-06,-603.015077270E-03
-80.520000E-06,-402.010056220E-03
-80.512000E-06,-402.010053396E-03
-80.504000E-06,-402.010053396E-03
-80.496000E-06,-603.015077271E-03
-80.488000E-06,-402.010056220E-03
-80.480000E-06,-402.010053396E-03
-80.472000E-06,-402.010053396E-03
-80.464000E-06,-402.010053396E-03
-80.456000E-06,-402.010053396E-03
-80.448000E-06,-402.010053396E-03
-80.440000E-06,-402.010053396E-03
-80.432000E-06,-402.010053396E-03
-80.424000E-06,-402.010053396E-03
-80.416000E-06,-402.010053396E-03
-80.408000E-06,-402.010053396E-03
-80.400000E-06,-603.015077272E-03
-80.392000E-06,-402.010056219E-03
-80.384000E-06,-402.010053396E-03
-80.376000E-06,-402.010053396E-03
-80.368000E-06,-402.010053396E-03
-80.360000E-06,-603.015077273E-03
-80.352000E-06,-402.010056217E-03
-80.344000E-06,-402.010053396E-03
-80.336000E-06,-402.010053396E-03
-80.328000E-06,-402.010053396E-03
-80.320000E-06,-402.010053396E-03
-80.312000E-06,-402.010053396E-03
-80.304000E-06,-402.010053396E-03
-80.296000E-06,-402.010053396E-03
-80.288000E-06,-402.010053396E-03
-80.280000E-06,-402.010053396E-03
-80.272000E-06,-402.010053396E-03
-80.264000E-06,-402.010053396E-03
-80.256000E-06,-402.010053396E-03
-80.248000E-06,-402.010053396E-03
-80.240000E-06,-402.010053396E-03
-80.232000E-06,-402.010053396E-03
-80.224000E-06,-402.010053396E-03
-80.216000E-06,-402.010053396E-03
-80.208000E-06,-402.010053396E-03
-80.200000E-06,-603.015077275E-03
-80.192000E-06,-603.015080094E-03
-80.184000E-06,-402.010056216E-03
-80.176000E-06,-402.010053396E-03
-80.168000E-06,-402.010053396E-03
-80.160000E-06,-402.010053396E-03
-80.152000E-06,-402.010053396E-03
-80.144000E-06,-402.010053396E-03
-80.136000E-06,-402.010053396E-03
-80.128000E-06,-402.010053396E-03
-80.120000E-06,-402.010053396E-03
-80.112000E-06,-402.010053396E-03
-80.104000E-06,-402.010053396E-03
-80.096000E-06,-402.010053396E-03
-80.088000E-06,-402.010053396E-03
-80.080000E-06,-402.010053396E-03
-80.072000E-06,-402.010053396E-03
-80.064000E-06,-402.010053396E-03
-80.056000E-06,-402.010053396E-03
-80.048000E-06,-402.010053396E-03
-80.040000E-06,-402.010053396E-03
-80.032000E-06,-402.010053396E-03
-80.024000E-06,-402.010053396E-03
-80.016000E-06,-603.015077277E-03
-80.008000E-06,-402.010056213E-03
-80.000000E-06,-402.010053396E-03
-79.992000E-06,-402.010053396E-03
-79.984000E-06,-603.015077278E-03
-79.976000E-06,-402.010056213E-03
-79.968000E-06,-402.010053396E-03
-79.960000E-06,-402.010053396E-03
-79.952000E-06,-402.010053396E-03
-79.944000E-06,-402.010053396E-03
-79.936000E-06,-402.010053396E-03
-79.928000E-06,-402.010053396E-03
-79.920000E-06,-402.010053396E-03
-79.912000E-06,-402.010053396E-03
-79.904000E-06,-402.010053396E-03
-79.896000E-06,-402.010053396E-03
-79.888000E-06,-402.010053396E-03
-79.880000E-06,-402.010053396E-03
-79.872000E-06,-603.015077279E-03
-79.864000E-06,-402.010056212E-03
-79.856000E-06,-402.010053396E-03
-79.848000E-06,-402.010053396E-03
-79.840000E-06,-402.010053396E-03
-79.832000E-06,-603.015077279E-03
-79.824000E-06,-402.010056212E-03
-79.816000E-06,-402.010053396E-03
-79.808000E-06,-402.010053396E-03
-79.800000E-06,-603.015077280E-03
-79.792000E-06,-402.010056211E-03
-79.784000E-06,-402.010053396E-03
-79.776000E-06,-402.010053396E-03
-79.768000E-06,-402.010053396E-03
-79.760000E-06,-402.010053396E-03
-79.752000E-06,-402.010053396E-03
-79.744000E-06,-402.010053396E-03
-79.736000E-06,-402.010053396E-03
-79.728000E-06,-402.010053396E-03
-79.720000E-06,-402.010053396E-03
-79.712000E-06,-402.010053396E-03
-79.704000E-06,-402.010053396E-03
-79.696000E-06,-402.010053396E-03
-79.688000E-06,-402.010053396E-03
-79.680000E-06,-402.010053396E-03
-79.672000E-06,-402.010053396E-03
-79.664000E-06,-402.010053396E-03
-79.656000E-06,-402.010053396E-03
-79.648000E-06,-402.010053396E-03
-79.640000E-06,-402.010053396E-03
-79.632000E-06,-402.010053396E-03
-79.624000E-06,-402.010053396E-03
-79.616000E-06,-402.010053396E-03
-79.608000E-06,-402.010053396E-03
-79.600000E-06,-402.010053396E-03
-79.592000E-06,-402.010053396E-03
-79.584000E-06,-402.010053396E-03
-79.576000E-06,-402.010053396E-03
-79.568000E-06,-603.015077283E-03
-79.560000E-06,-402.010056208E-03
-79.552000E-06,-402.010053396E-03
-79.544000E-06,-402.010053396E-03
-79.536000E-06,-402.010053396E-03
-79.528000E-06,-402.010053396E-03
-79.520000E-06,-603.015077283E-03
-79.512000E-06,-402.010056207E-03
-79.504000E-06,-402.010053396E-03
-79.496000E-06,-402.010053396E-03
-79.488000E-06,-402.010053396E-03
-79.480000E-06,-402.010053396E-03
-79.472000E-06,-402.010053396E-03
-79.464000E-06,-402.010053396E-03
-79.456000E-06,-402.010053396E-03
-79.448000E-06,-402.010053396E-03
-79.440000E-06,-402.010053396E-03
-79.432000E-06,-402.010053396E-03
-79.424000E-06,-402.010053396E-03
-79.416000E-06,-402.010053396E-03
-79.408000E-06,-402.010053396E-03
-79.400000E-06,-402.010053396E-03
-79.392000E-06,-402.010053396E-03
-79.384000E-06,-402.010053396E-03
-79.376000E-06,-402.010053396E-03
-79.368000E-06,-402.010053396E-03
-79.360000E-06,-402.010053396E-03
-79.352000E-06,-402.010053396E-03
-79.344000E-06,-402.010053396E-03
-79.336000E-06,-402.010053396E-03
-79.328000E-06,-402.010053396E-03
-79.320000E-06,-402.010053396E-03
-79.312000E-06,-603.015077286E-03
-79.304000E-06,-402.010056204E-03
-79.296000E-06,-402.010053396E-03
-79.288000E-06,-402.010053396E-03
-79.280000E-06,-402.010053396E-03
-79.272000E-06,-201.005029506E-03
-79.264000E-06,-402.010050588E-03
-79.256000E-06,-402.010053396E-03
-79.248000E-06,-402.010053396E-03
-79.240000E-06,-402.010053396E-03
-79.232000E-06,-402.010053396E-03
-79.224000E-06,-402.010053396E-03
-79.216000E-06,-201.005029505E-03
-79.208000E-06,-402.010050589E-03
-79.200000E-06,-402.010053396E-03
-79.192000E-06,-402.010053396E-03
-79.184000E-06,-402.010053396E-03
-79.176000E-06,-402.010053396E-03
-79.168000E-06,-402.010053396E-03
-79.160000E-06,-402.010053396E-03
-79.152000E-06,-402.010053396E-03
-79.144000E-06,-402.010053396E-03
-79.136000E-06,-402.010053396E-03
-79.128000E-06,-402.010053396E-03
-79.120000E-06,-402.010053396E-03
-79.112000E-06,-402.010053396E-03
-79.104000E-06,-402.010053396E-03
-79.096000E-06,-402.010053396E-03
-79.088000E-06,-402.010053396E-03
-79.080000E-06,-402.010053396E-03
-79.072000E-06,-402.010053396E-03
-79.064000E-06,-402.010053396E-03
-79.056000E-06,-402.010053396E-03
-79.048000E-06,-402.010053396E-03
-79.040000E-06,-402.010053396E-03
-79.032000E-06,-402.010053396E-03
-79.024000E-06,-402.010053396E-03
-79.016000E-06,-402.010053396E-03
-79.008000E-06,-402.010053396E-03
-79.000000E-06,-402.010053396E-03
-78.992000E-06,-201.005029503E-03
-78.984000E-06,-402.010050592E-03
-78.976000E-06,-402.010053396E-03
-78.968000E-06,-402.010053396E-03
-78.960000E-06,-402.010053396E-03
-78.952000E-06,-402.010053396E-03
-78.944000E-06,-402.010053396E-03
-78.936000E-06,-402.010053396E-03
-78.928000E-06,-402.010053396E-03
-78.920000E-06,-402.010053396E-03
-78.912000E-06,-402.010053396E-03
-78.904000E-06,-201.005029502E-03
-78.896000E-06,-402.010050593E-03
-78.888000E-06,-402.010053396E-03
-78.880000E-06,-402.010053396E-03
-78.872000E-06,-402.010053396E-03
-78.864000E-06,-402.010053396E-03
-78.856000E-06,-402.010053396E-03
-78.848000E-06,-402.010053396E-03
-78.840000E-06,-402.010053396E-03
-78.832000E-06,-402.010053396E-03
-78.824000E-06,-402.010053396E-03
-78.816000E-06,-402.010053396E-03
-78.808000E-06,-402.010053396E-03
-78.800000E-06,-201.005029500E-03
-78.792000E-06,-402.010050594E-03
-78.784000E-06,-402.010053396E-03
-78.776000E-06,-402.010053396E-03
-78.768000E-06,-603.015077292E-03
-78.760000E-06,-402.010056198E-03
-78.752000E-06,-402.010053396E-03
-78.744000E-06,-402.010053396E-03
-78.736000E-06,-402.010053396E-03
-78.728000E-06,-402.010053396E-03
-78.720000E-06,-402.010053396E-03
-78.712000E-06,-201.005029499E-03
-78.704000E-06,-402.010050596E-03
-78.696000E-06,-402.010053396E-03
-78.688000E-06,-402.010053396E-03
-78.680000E-06,-402.010053396E-03
-78.672000E-06,-402.010053396E-03
-78.664000E-06,-402.010053396E-03
-78.656000E-06,-402.010053396E-03
-78.648000E-06,-402.010053396E-03
-78.640000E-06,-402.010053396E-03
-78.632000E-06,-402.010053396E-03
-78.624000E-06,-402.010053396E-03
-78.616000E-06,-402.010053396E-03
-78.608000E-06,-402.010053396E-03
-78.600000E-06,-402.010053396E-03
-78.592000E-06,-402.010053396E-03
-78.584000E-06,-201.005029497E-03
-78.576000E-06,-402.010050597E-03
-78.568000E-06,-402.010053396E-03
-78.560000E-06,-201.005029497E-03
-78.552000E-06,-201.005026698E-03
-78.544000E-06,-201.005026698E-03
-78.536000E-06,-402.010050597E-03
-78.528000E-06,-201.005029497E-03
-78.520000E-06,-402.010050598E-03
-78.512000E-06,-402.010053396E-03
-78.504000E-06,-402.010053396E-03
-78.496000E-06,-201.005029497E-03
-78.488000E-06,-402.010050598E-03
-78.480000E-06,-402.010053396E-03
-78.472000E-06,-402.010053396E-03
-78.464000E-06,-402.010053396E-03
-78.456000E-06,-402.010053396E-03
-78.448000E-06,-201.005029496E-03
-78.440000E-06,-402.010050598E-03
-78.432000E-06,-402.010053396E-03
-78.424000E-06,-402.010053396E-03
-78.416000E-06,-201.005029496E-03
-78.408000E-06,-402.010050598E-03
-78.400000E-06,-201.005029495E-03
-78.392000E-06,-402.010050599E-03
-78.384000E-06,-201.005029495E-03
-78.376000E-06,-402.010050600E-03
-78.368000E-06,-402.010053396E-03
-78.360000E-06,-402.010053396E-03
-78.352000E-06,-201.005029494E-03
-78.344000E-06,-402.010050600E-03
-78.336000E-06,-402.010053396E-03
-78.328000E-06,-201.005029494E-03
-78.320000E-06,-201.005026698E-03
-78.312000E-06,-402.010050600E-03
-78.304000E-06,-201.005029494E-03
-78.296000E-06,-402.010050600E-03
-78.288000E-06,-201.005029494E-03
-78.280000E-06,-402.010050601E-03
-78.272000E-06,-201.005029494E-03
-78.264000E-06,-402.010050601E-03
-78.256000E-06,-402.010053396E-03
-78.248000E-06,-402.010053396E-03
-78.240000E-06,-402.010053396E-03
-78.232000E-06,-402.010053396E-03
-78.224000E-06,-402.010053396E-03
-78.216000E-06,-201.005029493E-03
-78.208000E-06,-201.005026698E-03
-78.200000E-06,-402.010050601E-03
-78.192000E-06,-402.010053396E-03
-78.184000E-06,-402.010053396E-03
-78.176000E-06,-402.010053396E-03
-78.168000E-06,-402.010053396E-03
-78.160000E-06,-201.005029492E-03
-78.152000E-06,-402.010050602E-03
-78.144000E-06,-201.005029492E-03
-78.136000E-06,-201.005026698E-03
-78.128000E-06,-201.005026698E-03
-78.120000E-06,-402.010050603E-03
-78.112000E-06,-402.010053396E-03
-78.104000E-06,-402.010053396E-03
-78.096000E-06,-402.010053396E-03
-78.088000E-06,-402.010053396E-03
-78.080000E-06,-201.005029491E-03
-78.072000E-06,-402.010050603E-03
-78.064000E-06,-402.010053396E-03
-78.056000E-06,-402.010053396E-03
-78.048000E-06,-201.005029491E-03
-78.040000E-06,-402.010050604E-03
-78.032000E-06,-402.010053396E-03
-78.024000E-06,-402.010053396E-03
-78.016000E-06,-201.005029490E-03
-78.008000E-06,-201.005026698E-03
-78.000000E-06,-402.010050604E-03
-77.992000E-06,-201.005029490E-03
-77.984000E-06,-402.010050604E-03
-77.976000E-06,-201.005029490E-03
-77.968000E-06,-402.010050604E-03
-77.960000E-06,-402.010053396E-03
-77.952000E-06,-201.005029490E-03
-77.944000E-06,-201.005026698E-03
-77.936000E-06,-402.010050605E-03
-77.928000E-06,-201.005029489E-03
-77.920000E-06,-201.005026698E-03
-77.912000E-06,-201.005026698E-03
-77.904000E-06,-402.010050606E-03
-77.896000E-06,-402.010053396E-03
-77.888000E-06,-402.010053396E-03
-77.880000E-06,-402.010053396E-03
-77.872000E-06,-402.010053396E-03
-77.864000E-06,-402.010053396E-03
-77.856000E-06,-402.010053396E-03
-77.848000E-06,-201.005029489E-03
-77.840000E-06,-201.005026698E-03
-77.832000E-06,-201.005026698E-03
-77.824000E-06,-402.010050606E-03
-77.816000E-06,-201.005029488E-03
-77.808000E-06,-402.010050606E-03
-77.800000E-06,-402.010053396E-03
-77.792000E-06,-402.010053396E-03
-77.784000E-06,-402.010053396E-03
-77.776000E-06,-402.010053396E-03
-77.768000E-06,-402.010053396E-03
-77.760000E-06,-201.005029487E-03
-77.752000E-06,-201.005026698E-03
-77.744000E-06,-201.005026698E-03
-77.736000E-06,-201.005026698E-03
-77.728000E-06,-402.010050607E-03
-77.720000E-06,-402.010053396E-03
-77.712000E-06,-402.010053396E-03
-77.704000E-06,-201.005029486E-03
-77.696000E-06,-201.005026698E-03
-77.688000E-06,-201.005026698E-03
-77.680000E-06,-402.010050608E-03
-77.672000E-06,-402.010053396E-03
-77.664000E-06,-201.005029486E-03
-77.656000E-06,-201.005026698E-03
-77.648000E-06,-201.005026698E-03
-77.640000E-06,-402.010050609E-03
-77.632000E-06,-402.010053396E-03
-77.624000E-06,-402.010053396E-03
-77.616000E-06,-201.005029486E-03
-77.608000E-06,-201.005026698E-03
-77.600000E-06,-402.010050609E-03
-77.592000E-06,-402.010053396E-03
-77.584000E-06,-402.010053396E-03
-77.576000E-06,-201.005029485E-03
-77.568000E-06,-402.010050609E-03
-77.560000E-06,-201.005029485E-03
-77.552000E-06,-201.005026698E-03
-77.544000E-06,-201.005026698E-03
-77.536000E-06,-402.010050610E-03
-77.528000E-06,-201.005029484E-03
-77.520000E-06,-402.010050610E-03
-77.512000E-06,-402.010053396E-03
-77.504000E-06,-201.005029484E-03
-77.496000E-06,-402.010050610E-03
-77.488000E-06,-201.005029484E-03
-77.480000E-06,-201.005026698E-03
-77.472000E-06,-402.010050611E-03
-77.464000E-06,-201.005029483E-03
-77.456000E-06,-201.005026698E-03
-77.448000E-06,-201.005026698E-03
-77.440000E-06,-201.005026698E-03
-77.432000E-06,-201.005026698E-03
-77.424000E-06,-201.005026698E-03
-77.416000E-06,-201.005026698E-03
-77.408000E-06,-201.005026698E-03
-77.400000E-06,-201.005026698E-03
-77.392000E-06,-402.010050612E-03
-77.384000E-06,-201.005029483E-03
-77.376000E-06,-402.010050612E-03
-77.368000E-06,-402.010053396E-03
-77.360000E-06,-201.005029483E-03
-77.352000E-06,-402.010050612E-03
-77.344000E-06,-201.005029482E-03
-77.336000E-06,-402.010050612E-03
-77.328000E-06,-402.010053396E-03
-77.320000E-06,-402.010053396E-03
-77.312000E-06,-201.005029481E-03
-77.304000E-06,-402.010050613E-03
-77.296000E-06,-201.005029481E-03
-77.288000E-06,-201.005026698E-03
-77.280000E-06,-201.005026698E-03
-77.272000E-06,-402.010050613E-03
-77.264000E-06,-402.010053396E-03
-77.256000E-06,-402.010053396E-03
-77.248000E-06,-402.010053396E-03
-77.240000E-06,-402.010053396E-03
-77.232000E-06,-402.010053396E-03
-77.224000E-06,-402.010053396E-03
-77.216000E-06,-201.005029481E-03
-77.208000E-06,-402.010050615E-03
-77.200000E-06,-402.010053396E-03
-77.192000E-06,-402.010053396E-03
-77.184000E-06,-402.010053396E-03
-77.176000E-06,-201.005029480E-03
-77.168000E-06,-402.010050615E-03
-77.160000E-06,-201.005029480E-03
-77.152000E-06,-402.010050615E-03
-77.144000E-06,-402.010053396E-03
-77.136000E-06,-201.005029480E-03
-77.128000E-06,-402.010050615E-03
-77.120000E-06,-201.005029479E-03
-77.112000E-06,-402.010050615E-03
-77.104000E-06,-402.010053396E-03
-77.096000E-06,-201.005029479E-03
-77.088000E-06,-201.005026698E-03
-77.080000E-06,-402.010050616E-03
-77.072000E-06,-201.005029478E-03
-77.064000E-06,-201.005026698E-03
-77.056000E-06,-402.010050616E-03
-77.048000E-06,-402.010053396E-03
-77.040000E-06,-201.005029478E-03
-77.032000E-06,-201.005026698E-03
-77.024000E-06,-201.005026698E-03
-77.016000E-06,-201.005026698E-03
-77.008000E-06,-201.005026698E-03
-77.000000E-06,-402.010050617E-03
-76.992000E-06,-201.005029478E-03
-76.984000E-06,-201.005026698E-03
-76.976000E-06,-201.005026698E-03
-76.968000E-06,-402.010050617E-03
-76.960000E-06,-201.005029477E-03
-76.952000E-06,-201.005026698E-03
-76.944000E-06,-201.005026698E-03
-76.936000E-06,-201.005026698E-03
-76.928000E-06,-201.005026698E-03
-76.920000E-06,-201.005026698E-03
-76.912000E-06,-402.010050617E-03
-76.904000E-06,-402.010053396E-03
-76.896000E-06,-402.010053396E-03
-76.888000E-06,-402.010053396E-03
-76.880000E-06,-402.010053396E-03
-76.872000E-06,-201.005029476E-03
-76.864000E-06,-201.005026698E-03
-76.856000E-06,-201.005026698E-03
-76.848000E-06,-201.005026698E-03
-76.840000E-06,-201.005026698E-03
-76.832000E-06,-201.005026698E-03
-76.824000E-06,-402.010050619E-03
-76.816000E-06,-201.005029475E-03
-76.808000E-06,-201.005026698E-03
-76.800000E-06,-201.005026698E-03
-76.792000E-06,-201.005026698E-03
-76.784000E-06,-201.005026698E-03
-76.776000E-06,-402.010050619E-03
-76.768000E-06,-201.005029475E-03
-76.760000E-06,-402.010050620E-03
-76.752000E-06,-402.010053396E-03
-76.744000E-06,-201.005029475E-03
-76.736000E-06,-402.010050620E-03
-76.728000E-06,-201.005029474E-03
-76.720000E-06,-201.005026698E-03
-76.712000E-06,-201.005026698E-03
-76.704000E-06,-201.005026698E-03
-76.696000E-06,-402.010050620E-03
-76.688000E-06,-201.005029474E-03
-76.680000E-06,-402.010050620E-03
-76.672000E-06,-201.005029474E-03
-76.664000E-06,-201.005026698E-03
-76.656000E-06,-201.005026698E-03
-76.648000E-06,-201.005026698E-03
-76.640000E-06,-201.005026698E-03
-76.632000E-06,-201.005026698E-03
-76.624000E-06,-402.010050622E-03
-76.616000E-06,-201.005029472E-03
-76.608000E-06,-402.010050622E-03
-76.600000E-06,-201.005029472E-03
-76.592000E-06,-201.005026698E-03
-76.584000E-06,-201.005026698E-03
-76.576000E-06,-201.005026698E-03
-76.568000E-06,-201.005026698E-03
-76.560000E-06,-201.005026698E-03
-76.552000E-06,-201.005026698E-03
-76.544000E-06,-402.010050622E-03
-76.536000E-06,-201.005029472E-03
-76.528000E-06,-201.005026698E-03
-76.520000E-06,-201.005026698E-03
-76.512000E-06,-201.005026698E-03
-76.504000E-06,-201.005026698E-03
-76.496000E-06,-201.005026698E-03
-76.488000E-06,-201.005026698E-03
-76.480000E-06,-201.005026698E-03
-76.472000E-06,-201.005026698E-03
-76.464000E-06,-201.005026698E-03
-76.456000E-06,-402.010050623E-03
-76.448000E-06,-201.005029471E-03
-76.440000E-06,-201.005026698E-03
-76.432000E-06,-201.005026698E-03
-76.424000E-06,-402.010050623E-03
-76.416000E-06,-201.005029470E-03
-76.408000E-06,-201.005026698E-03
-76.400000E-06,-402.010050624E-03
-76.392000E-06,-201.005029470E-03
-76.384000E-06,-201.005026698E-03
-76.376000E-06,-201.005026698E-03
-76.368000E-06,-201.005026698E-03
-76.360000E-06,-201.005026698E-03
-76.352000E-06,-201.005026698E-03
-76.344000E-06,-201.005026698E-03
-76.336000E-06,-201.005026698E-03
-76.328000E-06,-201.005026698E-03
-76.320000E-06,-201.005026698E-03
-76.312000E-06,-201.005026698E-03
-76.304000E-06,-201.005026698E-03
-76.296000E-06,-402.010050626E-03
-76.288000E-06,-201.005029469E-03
-76.280000E-06,-201.005026698E-03
-76.272000E-06,-201.005026698E-03
-76.264000E-06,-201.005026698E-03
-76.256000E-06,-201.005026698E-03
-76.248000E-06,-201.005026698E-03
-76.240000E-06,-201.005026698E-03
-76.232000E-06,-201.005026698E-03
-76.224000E-06,-201.005026698E-03
-76.216000E-06,-201.005026698E-03
-76.208000E-06,-201.005026698E-03
-76.200000E-06,-201.005026698E-03
-76.192000E-06,-201.005026698E-03
-76.184000E-06,-201.005026698E-03
-76.176000E-06,-201.005026698E-03
-76.168000E-06,-201.005026698E-03
-76.160000E-06,-201.005026698E-03
-76.152000E-06,-201.005026698E-03
-76.144000E-06,-201.005026698E-03
-76.136000E-06,-201.005026698E-03
-76.128000E-06,-201.005026698E-03
-76.120000E-06,-2.769E-09
-76.112000E-06,-201.005023930E-03
-76.104000E-06,-201.005026698E-03
-76.096000E-06,-201.005026698E-03
-76.088000E-06,-201.005026698E-03
-76.080000E-06,-201.005026698E-03
-76.072000E-06,-402.010050628E-03
-76.064000E-06,-201.005029466E-03
-76.056000E-06,-201.005026698E-03
-76.048000E-06,-402.010050628E-03
-76.040000E-06,-201.005029465E-03
-76.032000E-06,-201.005026698E-03
-76.024000E-06,-201.005026698E-03
-76.016000E-06,-201.005026698E-03
-76.008000E-06,-201.005026698E-03
-76.000000E-06,-201.005026698E-03
-75.992000E-06,-402.010050629E-03
-75.984000E-06,-201.005029465E-03
-75.976000E-06,-201.005026698E-03
-75.968000E-06,-201.005026698E-03
-75.960000E-06,-201.005026698E-03
-75.952000E-06,-402.010050630E-03
-75.944000E-06,-201.005029464E-03
-75.936000E-06,-201.005026698E-03
-75.928000E-06,-402.010050630E-03
-75.920000E-06,-201.005029464E-03
-75.912000E-06,-201.005026698E-03
-75.904000E-06,-201.005026698E-03
-75.896000E-06,-402.010050631E-03
-75.888000E-06,-201.005029464E-03
-75.880000E-06,-402.010050631E-03
-75.872000E-06,-201.005029464E-03
-75.864000E-06,-201.005026698E-03
-75.856000E-06,-201.005026698E-03
-75.848000E-06,-201.005026698E-03
-75.840000E-06,-201.005026698E-03
-75.832000E-06,-201.005026698E-03
-75.824000E-06,-201.005026698E-03
-75.816000E-06,-201.005026698E-03
-75.808000E-06,-201.005026698E-03
-75.800000E-06,-201.005026698E-03
-75.792000E-06,-201.005026698E-03
-75.784000E-06,-201.005026698E-03
-75.776000E-06,-402.010050632E-03
-75.768000E-06,-201.005029462E-03
-75.760000E-06,-201.005026698E-03
-75.752000E-06,-201.005026698E-03
-75.744000E-06,-402.010050632E-03
-75.736000E-06,-201.005029462E-03
-75.728000E-06,-201.005026698E-03
-75.720000E-06,-201.005026698E-03
-75.712000E-06,-201.005026698E-03
-75.704000E-06,-201.005026698E-03
-75.696000E-06,-201.005026698E-03
-75.688000E-06,-201.005026698E-03
-75.680000E-06,-201.005026698E-03
-75.672000E-06,-201.005026698E-03
-75.664000E-06,-201.005026698E-03
-75.656000E-06,-201.005026698E-03
-75.648000E-06,-201.005026698E-03
-75.640000E-06,-201.005026698E-03
-75.632000E-06,-201.005026698E-03
-75.624000E-06,-201.005026698E-03
-75.616000E-06,-201.005026698E-03
-75.608000E-06,-201.005026698E-03
-75.600000E-06,-201.005026698E-03
-75.592000E-06,-402.010050634E-03
-75.584000E-06,-201.005029460E-03
-75.576000E-06,-201.005026698E-03
-75.568000E-06,-201.005026698E-03
-75.560000E-06,-201.005026698E-03
-75.552000E-06,-201.005026698E-03
-75.544000E-06,-201.005026698E-03
-75.536000E-06,-201.005026698E-03
-75.528000E-06,-201.005026698E-03
-75.520000E-06,-201.005026698E-03
-75.512000E-06,-402.010050635E-03
-75.504000E-06,-201.005029459E-03
-75.496000E-06,-201.005026698E-03
-75.488000E-06,-201.005026698E-03
-75.480000E-06,-201.005026698E-03
-75.472000E-06,-201.005026698E-03
-75.464000E-06,-201.005026698E-03
-75.456000E-06,-201.005026698E-03
-75.448000E-06,-201.005026698E-03
-75.440000E-06,-201.005026698E-03
-75.432000E-06,-201.005026698E-03
-75.424000E-06,-201.005026698E-03
-75.416000E-06,-201.005026698E-03
-75.408000E-06,-201.005026698E-03
-75.400000E-06,-201.005026698E-03
-75.392000E-06,-201.005026698E-03
-75.384000E-06,-201.005026698E-03
-75.376000E-06,-201.005026698E-03
-75.368000E-06,-201.005026698E-03
-75.360000E-06,-201.005026698E-03
-75.352000E-06,-201.005026698E-03
-75.344000E-06,-201.005026698E-03
-75.336000E-06,-201.005026698E-03
-75.328000E-06,-201.005026698E-03
-75.320000E-06,-201.005026698E-03
-75.312000E-06,-201.005026698E-03
-75.304000E-06,-201.005026698E-03
-75.296000E-06,-201.005026698E-03
-75.288000E-06,-201.005026698E-03
-75.280000E-06,-201.005026698E-03
-75.272000E-06,-201.005026698E-03
-75.264000E-06,-201.005026698E-03
-75.256000E-06,-201.005026698E-03
-75.248000E-06,-201.005026698E-03
-75.240000E-06,-201.005026698E-03
-75.232000E-06,-201.005026698E-03
-75.224000E-06,-402.010050639E-03
-75.216000E-06,-201.005029455E-03
-75.208000E-06,-201.005026698E-03
-75.200000E-06,-201.005026698E-03
-75.192000E-06,-402.010050639E-03
-75.184000E-06,-201.005029455E-03
-75.176000E-06,-201.005026698E-03
-75.168000E-06,-201.005026698E-03
-75.160000E-06,-201.005026698E-03
-75.152000E-06,-201.005026698E-03
-75.144000E-06,-201.005026698E-03
-75.136000E-06,-201.005026698E-03
-75.128000E-06,-201.005026698E-03
-75.120000E-06,-201.005026698E-03
-75.112000E-06,-402.010050640E-03
-75.104000E-06,-201.005029453E-03
-75.096000E-06,-402.010050641E-03
-75.088000E-06,-201.005029453E-03
-75.080000E-06,-402.010050641E-03
-75.072000E-06,-201.005029453E-03
-75.064000E-06,-201.005026698E-03
-75.056000E-06,-201.005026698E-03
-75.048000E-06,-201.005026698E-03
-75.040000E-06,-201.005026698E-03
-75.032000E-06,-201.005026698E-03
-75.024000E-06,-201.005026698E-03
-75.016000E-06,-201.005026698E-03
-75.008000E-06,-201.005026698E-03
-75.000000E-06,-201.005026698E-03
-74.992000E-06,-201.005026698E-03
-74.984000E-06,-201.005026698E-03
-74.976000E-06,-201.005026698E-03
-74.968000E-06,-402.010050642E-03
-74.960000E-06,-201.005029452E-03
-74.952000E-06,-201.005026698E-03
-74.944000E-06,-201.005026698E-03
-74.936000E-06,-201.005026698E-03
-74.928000E-06,-201.005026698E-03
-74.920000E-06,-201.005026698E-03
-74.912000E-06,-201.005026698E-03
-74.904000E-06,-201.005026698E-03
-74.896000E-06,-201.005026698E-03
-74.888000E-06,-201.005026698E-03
-74.880000E-06,-201.005026698E-03
-74.872000E-06,-201.005026698E-03
-74.864000E-06,-201.005026698E-03
-74.856000E-06,-201.005026698E-03
-74.848000E-06,-201.005026698E-03
-74.840000E-06,-201.005026698E-03
-74.832000E-06,-201.005026698E-03
-74.824000E-06,-201.005026698E-03
-74.816000E-06,-201.005026698E-03
-74.808000E-06,-201.005026698E-03
-74.800000E-06,-402.010050644E-03
-74.792000E-06,-201.005029451E-03
-74.784000E-06,-402.010050645E-03
-74.776000E-06,-201.005029450E-03
-74.768000E-06,-201.005026698E-03
-74.760000E-06,-201.005026698E-03
-74.752000E-06,-402.010050645E-03
-74.744000E-06,-201.005029449E-03
-74.736000E-06,-201.005026698E-03
-74.728000E-06,-201.005026698E-03
-74.720000E-06,-201.005026698E-03
-74.712000E-06,-201.005026698E-03
-74.704000E-06,-402.010050645E-03
-74.696000E-06,-201.005029449E-03
-74.688000E-06,-201.005026698E-03
-74.680000E-06,-201.005026698E-03
-74.672000E-06,-201.005026698E-03
-74.664000E-06,-201.005026698E-03
-74.656000E-06,-201.005026698E-03
-74.648000E-06,-201.005026698E-03
-74.640000E-06,-201.005026698E-03
-74.632000E-06,-201.005026698E-03
-74.624000E-06,-201.005026698E-03
-74.616000E-06,-201.005026698E-03
-74.608000E-06,-201.005026698E-03
-74.600000E-06,-201.005026698E-03
-74.592000E-06,-201.005026698E-03
-74.584000E-06,-201.005026698E-03
-74.576000E-06,-201.005026698E-03
-74.568000E-06,-402.010050647E-03
-74.560000E-06,-201.005029448E-03
-74.552000E-06,-201.005026698E-03
-74.544000E-06,-201.005026698E-03
-74.536000E-06,-201.005026698E-03
-74.528000E-06,-201.005026698E-03
-74.520000E-06,-201.005026698E-03
-74.512000E-06,-201.005026698E-03
-74.504000E-06,-201.005026698E-03
-74.496000E-06,-201.005026698E-03
-74.488000E-06,-201.005026698E-03
-74.480000E-06,-201.005026698E-03
-74.472000E-06,-201.005026698E-03
-74.464000E-06,-201.005026698E-03
-74.456000E-06,-201.005026698E-03
-74.448000E-06,-201.005026698E-03
-74.440000E-06,-402.010050648E-03
-74.432000E-06,-201.005029445E-03
-74.424000E-06,-402.010050649E-03
-74.416000E-06,-201.005029445E-03
-74.408000E-06,-201.005026698E-03
-74.400000E-06,-201.005026698E-03
-74.392000E-06,-201.005026698E-03
-74.384000E-06,-201.005026698E-03
-74.376000E-06,-201.005026698E-03
-74.368000E-06,-201.005026698E-03
-74.360000E-06,-201.005026698E-03
-74.352000E-06,-201.005026698E-03
-74.344000E-06,-402.010050650E-03
-74.336000E-06,-201.005029445E-03
-74.328000E-06,-201.005026698E-03
-74.320000E-06,-201.005026698E-03
-74.312000E-06,-201.005026698E-03
-74.304000E-06,-201.005026698E-03
-74.296000E-06,-201.005026698E-03
-74.288000E-06,-402.010050651E-03
-74.280000E-06,-201.005029443E-03
-74.272000E-06,-201.005026698E-03
-74.264000E-06,-201.005026698E-03
-74.256000E-06,-201.005026698E-03
-74.248000E-06,-402.010050651E-03
-74.240000E-06,-201.005029443E-03
-74.232000E-06,-201.005026698E-03
-74.224000E-06,-201.005026698E-03
-74.216000E-06,-201.005026698E-03
-74.208000E-06,-201.005026698E-03
-74.200000E-06,-402.010050652E-03
-74.192000E-06,-5.489E-09
-74.184000E-06,-201.005023954E-03
-74.176000E-06,-201.005026698E-03
-74.168000E-06,-201.005026698E-03
-74.160000E-06,-201.005026698E-03
-74.152000E-06,-201.005026698E-03
-74.144000E-06,-201.005026698E-03
-74.136000E-06,-201.005026698E-03
-74.128000E-06,-2.744E-09
-74.120000E-06,-201.005023954E-03
-74.112000E-06,-201.005026698E-03
-74.104000E-06,-201.005026698E-03
-74.096000E-06,-201.005026698E-03
-74.088000E-06,-201.005026698E-03
-74.080000E-06,-201.005026698E-03
-74.072000E-06,-201.005026698E-03
-74.064000E-06,-201.005026698E-03
-74.056000E-06,-201.005026698E-03
-74.048000E-06,-201.005026698E-03
-74.040000E-06,-201.005026698E-03
-74.032000E-06,-201.005026698E-03
-74.024000E-06,-201.005026698E-03
-74.016000E-06,-201.005026698E-03
-74.008000E-06,-201.005026698E-03
-74.000000E-06,-201.005026698E-03
-73.992000E-06,-402.010050654E-03
-73.984000E-06,-402.010053396E-03
-73.976000E-06,-201.005029440E-03
-73.968000E-06,-201.005026698E-03
-73.960000E-06,-201.005026698E-03
-73.952000E-06,-201.005026698E-03
-73.944000E-06,-201.005026698E-03
-73.936000E-06,-201.005026698E-03
-73.928000E-06,-201.005026698E-03
-73.920000E-06,-402.010050655E-03
-73.912000E-06,-402.010053396E-03
-73.904000E-06,-201.005029439E-03
-73.896000E-06,-201.005026698E-03
-73.888000E-06,-201.005026698E-03
-73.880000E-06,-201.005026698E-03
-73.872000E-06,-402.010050655E-03
-73.864000E-06,-201.005029439E-03
-73.856000E-06,-201.005026698E-03
-73.848000E-06,-201.005026698E-03
-73.840000E-06,-402.010050656E-03
-73.832000E-06,-402.010053396E-03
-73.824000E-06,-201.005029437E-03
-73.816000E-06,-201.005026698E-03
-73.808000E-06,-201.005026698E-03
-73.800000E-06,-201.005026698E-03
-73.792000E-06,-201.005026698E-03
-73.784000E-06,-201.005026698E-03
-73.776000E-06,-402.010050657E-03
-73.768000E-06,-201.005029437E-03
-73.760000E-06,-201.005026698E-03
-73.752000E-06,-201.005026698E-03
-73.744000E-06,-201.005026698E-03
-73.736000E-06,-201.005026698E-03
-73.728000E-06,-201.005026698E-03
-73.720000E-06,-201.005026698E-03
-73.712000E-06,-201.005026698E-03
-73.704000E-06,-201.005026698E-03
-73.696000E-06,-402.010050658E-03
-73.688000E-06,-402.010053396E-03
-73.680000E-06,-402.010053396E-03
-73.672000E-06,-201.005029436E-03
-73.664000E-06,-201.005026698E-03
-73.656000E-06,-201.005026698E-03
-73.648000E-06,-402.010050658E-03
-73.640000E-06,-201.005029436E-03
-73.632000E-06,-402.010050658E-03
-73.624000E-06,-201.005029436E-03
-73.616000E-06,-201.005026698E-03
-73.608000E-06,-201.005026698E-03
-73.600000E-06,-201.005026698E-03
-73.592000E-06,-201.005026698E-03
-73.584000E-06,-201.005026698E-03
-73.576000E-06,-201.005026698E-03
-73.568000E-06,-201.005026698E-03
-73.560000E-06,-402.010050660E-03
-73.552000E-06,-201.005029434E-03
-73.544000E-06,-201.005026698E-03
-73.536000E-06,-201.005026698E-03
-73.528000E-06,-201.005026698E-03
-73.520000E-06,-402.010050660E-03
-73.512000E-06,-201.005029434E-03
-73.504000E-06,-201.005026698E-03
-73.496000E-06,-201.005026698E-03
-73.488000E-06,-201.005026698E-03
-73.480000E-06,-402.010050661E-03
-73.472000E-06,-201.005029433E-03
-73.464000E-06,-201.005026698E-03
-73.456000E-06,-201.005026698E-03
-73.448000E-06,-201.005026698E-03
-73.440000E-06,-201.005026698E-03
-73.432000E-06,-201.005026698E-03
-73.424000E-06,-201.005026698E-03
-73.416000E-06,-201.005026698E-03
-73.408000E-06,-201.005026698E-03
-73.400000E-06,-201.005026698E-03
-73.392000E-06,-201.005026698E-03
-73.384000E-06,-201.005026698E-03
-73.376000E-06,-201.005026698E-03
-73.368000E-06,-402.010050662E-03
-73.360000E-06,-201.005029432E-03
-73.352000E-06,-402.010050663E-03
-73.344000E-06,-201.005029432E-03
-73.336000E-06,-201.005026698E-03
-73.328000E-06,-402.010050663E-03
-73.320000E-06,-201.005029432E-03
-73.312000E-06,-402.010050663E-03
-73.304000E-06,-402.010053396E-03
-73.296000E-06,-201.005029432E-03
-73.288000E-06,-201.005026698E-03
-73.280000E-06,-201.005026698E-03
-73.272000E-06,-402.010050663E-03
-73.264000E-06,-402.010053396E-03
-73.256000E-06,-201.005029431E-03
-73.248000E-06,-201.005026698E-03
-73.240000E-06,-201.005026698E-03
-73.232000E-06,-201.005026698E-03
-73.224000E-06,-201.005026698E-03
-73.216000E-06,-201.005026698E-03
-73.208000E-06,-201.005026698E-03
-73.200000E-06,-201.005026698E-03
-73.192000E-06,-201.005026698E-03
-73.184000E-06,-402.010050664E-03
-73.176000E-06,-201.005029430E-03
-73.168000E-06,-201.005026698E-03
-73.160000E-06,-402.010050664E-03
-73.152000E-06,-201.005029429E-03
-73.144000E-06,-201.005026698E-03
-73.136000E-06,-201.005026698E-03
-73.128000E-06,-201.005026698E-03
-73.120000E-06,-201.005026698E-03
-73.112000E-06,-402.010050666E-03
-73.104000E-06,-201.005029429E-03
-73.096000E-06,-201.005026698E-03
-73.088000E-06,-402.010050666E-03
-73.080000E-06,-201.005029429E-03
-73.072000E-06,-201.005026698E-03
-73.064000E-06,-201.005026698E-03
-73.056000E-06,-201.005026698E-03
-73.048000E-06,-201.005026698E-03
-73.040000E-06,-402.010050666E-03
-73.032000E-06,-201.005029428E-03
-73.024000E-06,-201.005026698E-03
-73.016000E-06,-201.005026698E-03
-73.008000E-06,-201.005026698E-03
-73.000000E-06,-201.005026698E-03
-72.992000E-06,-201.005026698E-03
-72.984000E-06,-402.010050667E-03
-72.976000E-06,-201.005029427E-03
-72.968000E-06,-201.005026698E-03
-72.960000E-06,-201.005026698E-03
-72.952000E-06,-201.005026698E-03
-72.944000E-06,-201.005026698E-03
-72.936000E-06,-201.005026698E-03
-72.928000E-06,-402.010050667E-03
-72.920000E-06,-201.005029426E-03
-72.912000E-06,-201.005026698E-03
-72.904000E-06,-201.005026698E-03
-72.896000E-06,-402.010050668E-03
-72.888000E-06,-201.005029426E-03
-72.880000E-06,-201.005026698E-03
-72.872000E-06,-201.005026698E-03
-72.864000E-06,-201.005026698E-03
-72.856000E-06,-402.010050669E-03
-72.848000E-06,-201.005029426E-03
-72.840000E-06,-201.005026698E-03
-72.832000E-06,-201.005026698E-03
-72.824000E-06,-402.010050669E-03
-72.816000E-06,-402.010053396E-03
-72.808000E-06,-402.010053396E-03
-72.800000E-06,-402.010053396E-03
-72.792000E-06,-402.010053396E-03
-72.784000E-06,-402.010053396E-03
-72.776000E-06,-201.005029425E-03
-72.768000E-06,-201.005026698E-03
-72.760000E-06,-201.005026698E-03
-72.752000E-06,-402.010050670E-03
-72.744000E-06,-402.010053396E-03
-72.736000E-06,-201.005029424E-03
-72.728000E-06,-201.005026698E-03
-72.720000E-06,-402.010050670E-03
-72.712000E-06,-201.005029424E-03
-72.704000E-06,-201.005026698E-03
-72.696000E-06,-201.005026698E-03
-72.688000E-06,-402.010050670E-03
-72.680000E-06,-201.005029423E-03
-72.672000E-06,-201.005026698E-03
-72.664000E-06,-201.005026698E-03
-72.656000E-06,-402.010050672E-03
-72.648000E-06,-402.010053396E-03
-72.640000E-06,-201.005029423E-03
-72.632000E-06,-402.010050672E-03
-72.624000E-06,-201.005029423E-03
-72.616000E-06,-201.005026698E-03
-72.608000E-06,-201.005026698E-03
-72.600000E-06,-201.005026698E-03
-72.592000E-06,-201.005026698E-03
-72.584000E-06,-201.005026698E-03
-72.576000E-06,-201.005026698E-03
-72.568000E-06,-201.005026698E-03
-72.560000E-06,-402.010050672E-03
-72.552000E-06,-201.005029422E-03
-72.544000E-06,-201.005026698E-03
-72.536000E-06,-201.005026698E-03
-72.528000E-06,-201.005026698E-03
-72.520000E-06,-201.005026698E-03
-72.512000E-06,-402.010050673E-03
-72.504000E-06,-201.005029421E-03
-72.496000E-06,-201.005026698E-03
-72.488000E-06,-201.005026698E-03
-72.480000E-06,-201.005026698E-03
-72.472000E-06,-402.010050673E-03
-72.464000E-06,-402.010053396E-03
-72.456000E-06,-201.005029421E-03
-72.448000E-06,-402.010050674E-03
-72.440000E-06,-201.005029421E-03
-72.432000E-06,-201.005026698E-03
-72.424000E-06,-201.005026698E-03
-72.416000E-06,-201.005026698E-03
-72.408000E-06,-201.005026698E-03
-72.400000E-06,-402.010050675E-03
-72.392000E-06,-201.005029420E-03
-72.384000E-06,-201.005026698E-03
-72.376000E-06,-201.005026698E-03
-72.368000E-06,-201.005026698E-03
-72.360000E-06,-201.005026698E-03
-72.352000E-06,-402.010050675E-03
-72.344000E-06,-201.005029420E-03
-72.336000E-06,-201.005026698E-03
-72.328000E-06,-201.005026698E-03
-72.320000E-06,-402.010050675E-03
-72.312000E-06,-201.005029419E-03
-72.304000E-06,-201.005026698E-03
-72.296000E-06,-201.005026698E-03
-72.288000E-06,-402.010050676E-03
-72.280000E-06,-201.005029418E-03
-72.272000E-06,-201.005026698E-03
-72.264000E-06,-402.010050676E-03
-72.256000E-06,-402.010053396E-03
-72.248000E-06,-402.010053396E-03
-72.240000E-06,-402.010053396E-03
-72.232000E-06,-201.005029418E-03
-72.224000E-06,-402.010050676E-03
-72.216000E-06,-402.010053396E-03
-72.208000E-06,-402.010053396E-03
-72.200000E-06,-201.005029418E-03
-72.192000E-06,-402.010050677E-03
-72.184000E-06,-201.005029417E-03
-72.176000E-06,-201.005026698E-03
-72.168000E-06,-402.010050677E-03
-72.160000E-06,-201.005029417E-03
-72.152000E-06,-201.005026698E-03
-72.144000E-06,-201.005026698E-03
-72.136000E-06,-402.010050677E-03
-72.128000E-06,-201.005029417E-03
-72.120000E-06,-201.005026698E-03
-72.112000E-06,-402.010050677E-03
-72.104000E-06,-201.005029416E-03
-72.096000E-06,-402.010050678E-03
-72.088000E-06,-201.005029416E-03
-72.080000E-06,-201.005026698E-03
-72.072000E-06,-402.010050679E-03
-72.064000E-06,-402.010053396E-03
-72.056000E-06,-201.005029415E-03
-72.048000E-06,-201.005026698E-03
-72.040000E-06,-402.010050679E-03
-72.032000E-06,-402.010053396E-03
-72.024000E-06,-402.010053396E-03
-72.016000E-06,-201.005029415E-03
-72.008000E-06,-201.005026698E-03
-72.000000E-06,-201.005026698E-03
-71.992000E-06,-402.010050679E-03
-71.984000E-06,-201.005029415E-03
-71.976000E-06,-402.010050680E-03
-71.968000E-06,-201.005029415E-03
-71.960000E-06,-201.005026698E-03
-71.952000E-06,-402.010050680E-03
-71.944000E-06,-402.010053396E-03
-71.936000E-06,-402.010053396E-03
-71.928000E-06,-402.010053396E-03
-71.920000E-06,-402.010053396E-03
-71.912000E-06,-402.010053396E-03
-71.904000E-06,-402.010053396E-03
-71.896000E-06,-402.010053396E-03
-71.888000E-06,-201.005029414E-03
-71.880000E-06,-201.005026698E-03
-71.872000E-06,-402.010050680E-03
-71.864000E-06,-201.005029413E-03
-71.856000E-06,-201.005026698E-03
-71.848000E-06,-402.010050681E-03
-71.840000E-06,-201.005029413E-03
-71.832000E-06,-402.010050682E-03
-71.824000E-06,-402.010053396E-03
-71.816000E-06,-402.010053396E-03
-71.808000E-06,-201.005029413E-03
-71.800000E-06,-402.010050682E-03
-71.792000E-06,-201.005029413E-03
-71.784000E-06,-402.010050682E-03
-71.776000E-06,-201.005029413E-03
-71.768000E-06,-402.010050682E-03
-71.760000E-06,-402.010053396E-03
-71.752000E-06,-402.010053396E-03
-71.744000E-06,-201.005029412E-03
-71.736000E-06,-402.010050683E-03
-71.728000E-06,-201.005029412E-03
-71.720000E-06,-201.005026698E-03
-71.712000E-06,-402.010050683E-03
-71.704000E-06,-402.010053396E-03
-71.696000E-06,-201.005029411E-03
-71.688000E-06,-402.010050683E-03
-71.680000E-06,-402.010053396E-03
-71.672000E-06,-402.010053396E-03
-71.664000E-06,-402.010053396E-03
-71.656000E-06,-402.010053396E-03
-71.648000E-06,-201.005029411E-03
-71.640000E-06,-402.010050683E-03
-71.632000E-06,-402.010053396E-03
-71.624000E-06,-402.010053396E-03
-71.616000E-06,-402.010053396E-03
-71.608000E-06,-402.010053396E-03
-71.600000E-06,-201.005029410E-03
-71.592000E-06,-402.010050685E-03
-71.584000E-06,-402.010053396E-03
-71.576000E-06,-402.010053396E-03
-71.568000E-06,-201.005029410E-03
-71.560000E-06,-402.010050685E-03
-71.552000E-06,-201.005029410E-03
-71.544000E-06,-402.010050685E-03
-71.536000E-06,-201.005029410E-03
-71.528000E-06,-402.010050685E-03
-71.520000E-06,-402.010053396E-03
-71.512000E-06,-201.005029409E-03
-71.504000E-06,-402.010050685E-03
-71.496000E-06,-402.010053396E-03
-71.488000E-06,-402.010053396E-03
-71.480000E-06,-402.010053396E-03
-71.472000E-06,-201.005029408E-03
-71.464000E-06,-402.010050686E-03
-71.456000E-06,-402.010053396E-03
-71.448000E-06,-201.005029408E-03
-71.440000E-06,-402.010050686E-03
-71.432000E-06,-201.005029408E-03
-71.424000E-06,-201.005026698E-03
-71.416000E-06,-201.005026698E-03
-71.408000E-06,-402.010050686E-03
-71.400000E-06,-402.010053396E-03
-71.392000E-06,-402.010053396E-03
-71.384000E-06,-402.010053396E-03
-71.376000E-06,-201.005029407E-03
-71.368000E-06,-201.005026698E-03
-71.360000E-06,-402.010050688E-03
-71.352000E-06,-201.005029407E-03
-71.344000E-06,-201.005026698E-03
-71.336000E-06,-402.010050688E-03
-71.328000E-06,-402.010053396E-03
-71.320000E-06,-402.010053396E-03
-71.312000E-06,-402.010053396E-03
-71.304000E-06,-402.010053396E-03
-71.296000E-06,-402.010053396E-03
-71.288000E-06,-402.010053396E-03
-71.280000E-06,-402.010053396E-03
-71.272000E-06,-402.010053396E-03
-71.264000E-06,-201.005029406E-03
-71.256000E-06,-402.010050689E-03
-71.248000E-06,-402.010053396E-03
-71.240000E-06,-402.010053396E-03
-71.232000E-06,-402.010053396E-03
-71.224000E-06,-402.010053396E-03
-71.216000E-06,-402.010053396E-03
-71.208000E-06,-402.010053396E-03
-71.200000E-06,-402.010053396E-03
-71.192000E-06,-402.010053396E-03
-71.184000E-06,-402.010053396E-03
-71.176000E-06,-402.010053396E-03
-71.168000E-06,-201.005029404E-03
-71.160000E-06,-402.010050690E-03
-71.152000E-06,-402.010053396E-03
-71.144000E-06,-402.010053396E-03
-71.136000E-06,-201.005029404E-03
-71.128000E-06,-402.010050691E-03
-71.120000E-06,-402.010053396E-03
-71.112000E-06,-402.010053396E-03
-71.104000E-06,-402.010053396E-03
-71.096000E-06,-201.005029404E-03
-71.088000E-06,-402.010050691E-03
-71.080000E-06,-201.005029404E-03
-71.072000E-06,-402.010050691E-03
-71.064000E-06,-402.010053396E-03
-71.056000E-06,-402.010053396E-03
-71.048000E-06,-402.010053396E-03
-71.040000E-06,-402.010053396E-03
-71.032000E-06,-402.010053396E-03
-71.024000E-06,-402.010053396E-03
-71.016000E-06,-402.010053396E-03
-71.008000E-06,-402.010053396E-03
-71.000000E-06,-402.010053396E-03
-70.992000E-06,-402.010053396E-03
-70.984000E-06,-402.010053396E-03
-70.976000E-06,-402.010053396E-03
-70.968000E-06,-402.010053396E-03
-70.960000E-06,-402.010053396E-03
-70.952000E-06,-201.005029402E-03
-70.944000E-06,-402.010050692E-03
-70.936000E-06,-201.005029402E-03
-70.928000E-06,-201.005026698E-03
-70.920000E-06,-201.005026698E-03
-70.912000E-06,-402.010050693E-03
-70.904000E-06,-402.010053396E-03
-70.896000E-06,-402.010053396E-03
-70.888000E-06,-402.010053396E-03
-70.880000E-06,-402.010053396E-03
-70.872000E-06,-402.010053396E-03
-70.864000E-06,-402.010053396E-03
-70.856000E-06,-402.010053396E-03
-70.848000E-06,-201.005029401E-03
-70.840000E-06,-402.010050694E-03
-70.832000E-06,-402.010053396E-03
-70.824000E-06,-402.010053396E-03
-70.816000E-06,-402.010053396E-03
-70.808000E-06,-402.010053396E-03
-70.800000E-06,-402.010053396E-03
-70.792000E-06,-402.010053396E-03
-70.784000E-06,-402.010053396E-03
-70.776000E-06,-402.010053396E-03
-70.768000E-06,-402.010053396E-03
-70.760000E-06,-402.010053396E-03
-70.752000E-06,-402.010053396E-03
-70.744000E-06,-402.010053396E-03
-70.736000E-06,-603.015077393E-03
-70.728000E-06,-402.010056097E-03
-70.720000E-06,-402.010053396E-03
-70.712000E-06,-402.010053396E-03
-70.704000E-06,-402.010053396E-03
-70.696000E-06,-402.010053396E-03
-70.688000E-06,-201.005029399E-03
-70.680000E-06,-402.010050696E-03
-70.672000E-06,-402.010053396E-03
-70.664000E-06,-402.010053396E-03
-70.656000E-06,-402.010053396E-03
-70.648000E-06,-402.010053396E-03
-70.640000E-06,-201.005029398E-03
-70.632000E-06,-402.010050696E-03
-70.624000E-06,-402.010053396E-03
-70.616000E-06,-402.010053396E-03
-70.608000E-06,-201.005029398E-03
-70.600000E-06,-402.010050696E-03
-70.592000E-06,-402.010053396E-03
-70.584000E-06,-402.010053396E-03
-70.576000E-06,-402.010053396E-03
-70.568000E-06,-402.010053396E-03
-70.560000E-06,-402.010053396E-03
-70.552000E-06,-402.010053396E-03
-70.544000E-06,-402.010053396E-03
-70.536000E-06,-402.010053396E-03
-70.528000E-06,-402.010053396E-03
-70.520000E-06,-402.010053396E-03
-70.512000E-06,-402.010053396E-03
-70.504000E-06,-402.010053396E-03
-70.496000E-06,-402.010053396E-03
-70.488000E-06,-402.010053396E-03
-70.480000E-06,-402.010053396E-03
-70.472000E-06,-402.010053396E-03
-70.464000E-06,-402.010053396E-03
-70.456000E-06,-402.010053396E-03
-70.448000E-06,-402.010053396E-03
-70.440000E-06,-402.010053396E-03
-70.432000E-06,-402.010053396E-03
-70.424000E-06,-402.010053396E-03
-70.416000E-06,-402.010053396E-03
-70.408000E-06,-402.010053396E-03
-70.400000E-06,-201.005029395E-03
-70.392000E-06,-201.005026698E-03
-70.384000E-06,-402.010050699E-03
-70.376000E-06,-402.010053396E-03
-70.368000E-06,-402.010053396E-03
-70.360000E-06,-402.010053396E-03
-70.352000E-06,-402.010053396E-03
-70.344000E-06,-402.010053396E-03
-70.336000E-06,-402.010053396E-03
-70.328000E-06,-402.010053396E-03
-70.320000E-06,-402.010053396E-03
-70.312000E-06,-402.010053396E-03
-70.304000E-06,-201.005029394E-03
-70.296000E-06,-402.010050701E-03
-70.288000E-06,-402.010053396E-03
-70.280000E-06,-402.010053396E-03
-70.272000E-06,-402.010053396E-03
-70.264000E-06,-402.010053396E-03
-70.256000E-06,-603.015077399E-03
-70.248000E-06,-402.010056092E-03
-70.240000E-06,-402.010053396E-03
-70.232000E-06,-402.010053396E-03
-70.224000E-06,-402.010053396E-03
-70.216000E-06,-402.010053396E-03
-70.208000E-06,-402.010053396E-03
-70.200000E-06,-402.010053396E-03
-70.192000E-06,-402.010053396E-03
-70.184000E-06,-402.010053396E-03
-70.176000E-06,-402.010053396E-03
-70.168000E-06,-402.010053396E-03
-70.160000E-06,-402.010053396E-03
-70.152000E-06,-402.010053396E-03
-70.144000E-06,-402.010053396E-03
-70.136000E-06,-402.010053396E-03
-70.128000E-06,-402.010053396E-03
-70.120000E-06,-402.010053396E-03
-70.112000E-06,-402.010053396E-03
-70.104000E-06,-402.010053396E-03
-70.096000E-06,-402.010053396E-03
-70.088000E-06,-402.010053396E-03
-70.080000E-06,-402.010053396E-03
-70.072000E-06,-402.010053396E-03
-70.064000E-06,-402.010053396E-03
-70.056000E-06,-402.010053396E-03
-70.048000E-06,-402.010053396E-03
-70.040000E-06,-402.010053396E-03
-70.032000E-06,-402.010053396E-03
-70.024000E-06,-402.010053396E-03
-70.016000E-06,-402.010053396E-03
-70.008000E-06,-402.010053396E-03
-70.000000E-06,-402.010053396E-03
-69.992000E-06,-402.010053396E-03
-69.984000E-06,-402.010053396E-03
-69.976000E-06,-402.010053396E-03
-69.968000E-06,-201.005029389E-03
-69.960000E-06,-402.010050705E-03
-69.952000E-06,-402.010053396E-03
-69.944000E-06,-402.010053396E-03
-69.936000E-06,-402.010053396E-03
-69.928000E-06,-402.010053396E-03
-69.920000E-06,-402.010053396E-03
-69.912000E-06,-603.015077403E-03
-69.904000E-06,-402.010056087E-03
-69.896000E-06,-402.010053396E-03
-69.888000E-06,-402.010053396E-03
-69.880000E-06,-402.010053396E-03
-69.872000E-06,-402.010053396E-03
-69.864000E-06,-402.010053396E-03
-69.856000E-06,-402.010053396E-03
-69.848000E-06,-402.010053396E-03
-69.840000E-06,-402.010053396E-03
-69.832000E-06,-402.010053396E-03
-69.824000E-06,-402.010053396E-03
-69.816000E-06,-603.015077405E-03
-69.808000E-06,-402.010056086E-03
-69.800000E-06,-402.010053396E-03
-69.792000E-06,-402.010053396E-03
-69.784000E-06,-402.010053396E-03
-69.776000E-06,-402.010053396E-03
-69.768000E-06,-402.010053396E-03
-69.760000E-06,-402.010053396E-03
-69.752000E-06,-402.010053396E-03
-69.744000E-06,-402.010053396E-03
-69.736000E-06,-402.010053396E-03
-69.728000E-06,-402.010053396E-03
-69.720000E-06,-402.010053396E-03
-69.712000E-06,-402.010053396E-03
-69.704000E-06,-402.010053396E-03
-69.696000E-06,-402.010053396E-03
-69.688000E-06,-402.010053396E-03
-69.680000E-06,-402.010053396E-03
-69.672000E-06,-402.010053396E-03
-69.664000E-06,-402.010053396E-03
-69.656000E-06,-402.010053396E-03
-69.648000E-06,-402.010053396E-03
-69.640000E-06,-402.010053396E-03
-69.632000E-06,-402.010053396E-03
-69.624000E-06,-402.010053396E-03
-69.616000E-06,-402.010053396E-03
-69.608000E-06,-402.010053396E-03
-69.600000E-06,-402.010053396E-03
-69.592000E-06,-402.010053396E-03
-69.584000E-06,-402.010053396E-03
-69.576000E-06,-402.010053396E-03
-69.568000E-06,-402.010053396E-03
-69.560000E-06,-603.015077408E-03
-69.552000E-06,-402.010056083E-03
-69.544000E-06,-402.010053396E-03
-69.536000E-06,-603.015077408E-03
-69.528000E-06,-402.010056082E-03
-69.520000E-06,-402.010053396E-03
-69.512000E-06,-402.010053396E-03
-69.504000E-06,-402.010053396E-03
-69.496000E-06,-603.015077409E-03
-69.488000E-06,-402.010056081E-03
-69.480000E-06,-402.010053396E-03
-69.472000E-06,-402.010053396E-03
-69.464000E-06,-201.005029383E-03
-69.456000E-06,-402.010050711E-03
-69.448000E-06,-402.010053396E-03
-69.440000E-06,-402.010053396E-03
-69.432000E-06,-402.010053396E-03
-69.424000E-06,-402.010053396E-03
-69.416000E-06,-402.010053396E-03
-69.408000E-06,-402.010053396E-03
-69.400000E-06,-402.010053396E-03
-69.392000E-06,-402.010053396E-03
-69.384000E-06,-402.010053396E-03
-69.376000E-06,-402.010053396E-03
-69.368000E-06,-402.010053396E-03
-69.360000E-06,-402.010053396E-03
-69.352000E-06,-402.010053396E-03
-69.344000E-06,-402.010053396E-03
-69.336000E-06,-402.010053396E-03
-69.328000E-06,-402.010053396E-03
-69.320000E-06,-603.015077411E-03
-69.312000E-06,-402.010056080E-03
-69.304000E-06,-402.010053396E-03
-69.296000E-06,-603.015077411E-03
-69.288000E-06,-402.010056079E-03
-69.280000E-06,-402.010053396E-03
-69.272000E-06,-402.010053396E-03
-69.264000E-06,-402.010053396E-03
-69.256000E-06,-402.010053396E-03
-69.248000E-06,-402.010053396E-03
-69.240000E-06,-402.010053396E-03
-69.232000E-06,-603.015077412E-03
-69.224000E-06,-402.010056078E-03
-69.216000E-06,-402.010053396E-03
-69.208000E-06,-402.010053396E-03
-69.200000E-06,-402.010053396E-03
-69.192000E-06,-402.010053396E-03
-69.184000E-06,-402.010053396E-03
-69.176000E-06,-402.010053396E-03
-69.168000E-06,-402.010053396E-03
-69.160000E-06,-402.010053396E-03
-69.152000E-06,-402.010053396E-03
-69.144000E-06,-402.010053396E-03
-69.136000E-06,-402.010053396E-03
-69.128000E-06,-402.010053396E-03
-69.120000E-06,-402.010053396E-03
-69.112000E-06,-402.010053396E-03
-69.104000E-06,-402.010053396E-03
-69.096000E-06,-402.010053396E-03
-69.088000E-06,-402.010053396E-03
-69.080000E-06,-402.010053396E-03
-69.072000E-06,-402.010053396E-03
-69.064000E-06,-402.010053396E-03
-69.056000E-06,-402.010053396E-03
-69.048000E-06,-402.010053396E-03
-69.040000E-06,-402.010053396E-03
-69.032000E-06,-402.010053396E-03
-69.024000E-06,-402.010053396E-03
-69.016000E-06,-402.010053396E-03
-69.008000E-06,-402.010053396E-03
-69.000000E-06,-402.010053396E-03
-68.992000E-06,-402.010053396E-03
-68.984000E-06,-402.010053396E-03
-68.976000E-06,-402.010053396E-03
-68.968000E-06,-402.010053396E-03
-68.960000E-06,-402.010053396E-03
-68.952000E-06,-402.010053396E-03
-68.944000E-06,-402.010053396E-03
-68.936000E-06,-402.010053396E-03
-68.928000E-06,-402.010053396E-03
-68.920000E-06,-402.010053396E-03
-68.912000E-06,-402.010053396E-03
-68.904000E-06,-402.010053396E-03
-68.896000E-06,-402.010053396E-03
-68.888000E-06,-402.010053396E-03
-68.880000E-06,-402.010053396E-03
-68.872000E-06,-402.010053396E-03
-68.864000E-06,-402.010053396E-03
-68.856000E-06,-402.010053396E-03
-68.848000E-06,-402.010053396E-03
-68.840000E-06,-402.010053396E-03
-68.832000E-06,-402.010053396E-03
-68.824000E-06,-402.010053396E-03
-68.816000E-06,-402.010053396E-03
-68.808000E-06,-402.010053396E-03
-68.800000E-06,-603.015077418E-03
-68.792000E-06,-402.010056073E-03
-68.784000E-06,-402.010053396E-03
-68.776000E-06,-402.010053396E-03
-68.768000E-06,-402.010053396E-03
-68.760000E-06,-603.015077418E-03
-68.752000E-06,-402.010056073E-03
-68.744000E-06,-402.010053396E-03
-68.736000E-06,-402.010053396E-03
-68.728000E-06,-402.010053396E-03
-68.720000E-06,-402.010053396E-03
-68.712000E-06,-402.010053396E-03
-68.704000E-06,-402.010053396E-03
-68.696000E-06,-402.010053396E-03
-68.688000E-06,-201.005029373E-03
-68.680000E-06,-402.010050721E-03
-68.672000E-06,-402.010053396E-03
-68.664000E-06,-402.010053396E-03
-68.656000E-06,-402.010053396E-03
-68.648000E-06,-402.010053396E-03
-68.640000E-06,-402.010053396E-03
-68.632000E-06,-402.010053396E-03
-68.624000E-06,-402.010053396E-03
-68.616000E-06,-603.015077419E-03
-68.608000E-06,-402.010056071E-03
-68.600000E-06,-603.015077420E-03
-68.592000E-06,-603.015080094E-03
-68.584000E-06,-402.010056070E-03
-68.576000E-06,-402.010053396E-03
-68.568000E-06,-402.010053396E-03
-68.560000E-06,-402.010053396E-03
-68.552000E-06,-201.005029372E-03
-68.544000E-06,-402.010050723E-03
-68.536000E-06,-402.010053396E-03
-68.528000E-06,-402.010053396E-03
-68.520000E-06,-402.010053396E-03
-68.512000E-06,-402.010053396E-03
-68.504000E-06,-402.010053396E-03
-68.496000E-06,-402.010053396E-03
-68.488000E-06,-402.010053396E-03
-68.480000E-06,-603.015077422E-03
-68.472000E-06,-402.010056069E-03
-68.464000E-06,-402.010053396E-03
-68.456000E-06,-402.010053396E-03
-68.448000E-06,-402.010053396E-03
-68.440000E-06,-402.010053396E-03
-68.432000E-06,-402.010053396E-03
-68.424000E-06,-402.010053396E-03
-68.416000E-06,-402.010053396E-03
-68.408000E-06,-402.010053396E-03
-68.400000E-06,-402.010053396E-03
-68.392000E-06,-402.010053396E-03
-68.384000E-06,-402.010053396E-03
-68.376000E-06,-402.010053396E-03
-68.368000E-06,-402.010053396E-03
-68.360000E-06,-402.010053396E-03
-68.352000E-06,-402.010053396E-03
-68.344000E-06,-402.010053396E-03
-68.336000E-06,-402.010053396E-03
-68.328000E-06,-402.010053396E-03
-68.320000E-06,-402.010053396E-03
-68.312000E-06,-402.010053396E-03
-68.304000E-06,-402.010053396E-03
-68.296000E-06,-402.010053396E-03
-68.288000E-06,-402.010053396E-03
-68.280000E-06,-402.010053396E-03
-68.272000E-06,-402.010053396E-03
-68.264000E-06,-402.010053396E-03
-68.256000E-06,-402.010053396E-03
-68.248000E-06,-402.010053396E-03
-68.240000E-06,-402.010053396E-03
-68.232000E-06,-402.010053396E-03
-68.224000E-06,-402.010053396E-03
-68.216000E-06,-402.010053396E-03
-68.208000E-06,-402.010053396E-03
-68.200000E-06,-402.010053396E-03
-68.192000E-06,-402.010053396E-03
-68.184000E-06,-402.010053396E-03
-68.176000E-06,-603.015077425E-03
-68.168000E-06,-603.015080094E-03
-68.160000E-06,-402.010056065E-03
-68.152000E-06,-402.010053396E-03
-68.144000E-06,-201.005029367E-03
-68.136000E-06,-402.010050728E-03
-68.128000E-06,-402.010053396E-03
-68.120000E-06,-402.010053396E-03
-68.112000E-06,-402.010053396E-03
-68.104000E-06,-402.010053396E-03
-68.096000E-06,-402.010053396E-03
-68.088000E-06,-402.010053396E-03
-68.080000E-06,-402.010053396E-03
-68.072000E-06,-402.010053396E-03
-68.064000E-06,-402.010053396E-03
-68.056000E-06,-402.010053396E-03
-68.048000E-06,-402.010053396E-03
-68.040000E-06,-402.010053396E-03
-68.032000E-06,-402.010053396E-03
-68.024000E-06,-402.010053396E-03
-68.016000E-06,-402.010053396E-03
-68.008000E-06,-402.010053396E-03
-68.000000E-06,-402.010053396E-03
-67.992000E-06,-402.010053396E-03
-67.984000E-06,-402.010053396E-03
-67.976000E-06,-402.010053396E-03
-67.968000E-06,-402.010053396E-03
-67.960000E-06,-402.010053396E-03
-67.952000E-06,-402.010053396E-03
-67.944000E-06,-402.010053396E-03
-67.936000E-06,-402.010053396E-03
-67.928000E-06,-402.010053396E-03
-67.920000E-06,-603.015077428E-03
-67.912000E-06,-402.010056062E-03
-67.904000E-06,-402.010053396E-03
-67.896000E-06,-402.010053396E-03
-67.888000E-06,-402.010053396E-03
-67.880000E-06,-402.010053396E-03
-67.872000E-06,-402.010053396E-03
-67.864000E-06,-402.010053396E-03
-67.856000E-06,-603.015077430E-03
-67.848000E-06,-402.010056061E-03
-67.840000E-06,-402.010053396E-03
-67.832000E-06,-603.015077430E-03
-67.824000E-06,-603.015080094E-03
-67.816000E-06,-402.010056061E-03
-67.808000E-06,-603.015077430E-03
-67.800000E-06,-603.015080094E-03
-67.792000E-06,-402.010056061E-03
-67.784000E-06,-402.010053396E-03
-67.776000E-06,-603.015077430E-03
-67.768000E-06,-402.010056060E-03
-67.760000E-06,-402.010053396E-03
-67.752000E-06,-402.010053396E-03
-67.744000E-06,-402.010053396E-03
-67.736000E-06,-402.010053396E-03
-67.728000E-06,-402.010053396E-03
-67.720000E-06,-402.010053396E-03
-67.712000E-06,-402.010053396E-03
-67.704000E-06,-402.010053396E-03
-67.696000E-06,-402.010053396E-03
-67.688000E-06,-603.015077431E-03
-67.680000E-06,-402.010056059E-03
-67.672000E-06,-402.010053396E-03
-67.664000E-06,-402.010053396E-03
-67.656000E-06,-402.010053396E-03
-67.648000E-06,-402.010053396E-03
-67.640000E-06,-402.010053396E-03
-67.632000E-06,-402.010053396E-03
-67.624000E-06,-402.010053396E-03
-67.616000E-06,-402.010053396E-03
-67.608000E-06,-402.010053396E-03
-67.600000E-06,-402.010053396E-03
-67.592000E-06,-603.015077433E-03
-67.584000E-06,-402.010056058E-03
-67.576000E-06,-402.010053396E-03
-67.568000E-06,-402.010053396E-03
-67.560000E-06,-402.010053396E-03
-67.552000E-06,-402.010053396E-03
-67.544000E-06,-402.010053396E-03
-67.536000E-06,-603.015077433E-03
-67.528000E-06,-603.015080094E-03
-67.520000E-06,-402.010056057E-03
-67.512000E-06,-402.010053396E-03
-67.504000E-06,-402.010053396E-03
-67.496000E-06,-402.010053396E-03
-67.488000E-06,-402.010053396E-03
-67.480000E-06,-402.010053396E-03
-67.472000E-06,-402.010053396E-03
-67.464000E-06,-402.010053396E-03
-67.456000E-06,-402.010053396E-03
-67.448000E-06,-402.010053396E-03
-67.440000E-06,-402.010053396E-03
-67.432000E-06,-402.010053396E-03
-67.424000E-06,-402.010053396E-03
-67.416000E-06,-402.010053396E-03
-67.408000E-06,-402.010053396E-03
-67.400000E-06,-402.010053396E-03
-67.392000E-06,-603.015077436E-03
-67.384000E-06,-402.010056055E-03
-67.376000E-06,-402.010053396E-03
-67.368000E-06,-402.010053396E-03
-67.360000E-06,-402.010053396E-03
-67.352000E-06,-402.010053396E-03
-67.344000E-06,-402.010053396E-03
-67.336000E-06,-402.010053396E-03
-67.328000E-06,-402.010053396E-03
-67.320000E-06,-603.015077436E-03
-67.312000E-06,-402.010056054E-03
-67.304000E-06,-402.010053396E-03
-67.296000E-06,-402.010053396E-03
-67.288000E-06,-402.010053396E-03
-67.280000E-06,-603.015077437E-03
-67.272000E-06,-402.010056054E-03
-67.264000E-06,-402.010053396E-03
-67.256000E-06,-402.010053396E-03
-67.248000E-06,-402.010053396E-03
-67.240000E-06,-402.010053396E-03
-67.232000E-06,-402.010053396E-03
-67.224000E-06,-402.010053396E-03
-67.216000E-06,-402.010053396E-03
-67.208000E-06,-402.010053396E-03
-67.200000E-06,-402.010053396E-03
-67.192000E-06,-402.010053396E-03
-67.184000E-06,-402.010053396E-03
-67.176000E-06,-402.010053396E-03
-67.168000E-06,-603.015077438E-03
-67.160000E-06,-402.010056052E-03
-67.152000E-06,-402.010053396E-03
-67.144000E-06,-402.010053396E-03
-67.136000E-06,-402.010053396E-03
-67.128000E-06,-402.010053396E-03
-67.120000E-06,-402.010053396E-03
-67.112000E-06,-402.010053396E-03
-67.104000E-06,-603.015077438E-03
-67.096000E-06,-402.010056052E-03
-67.088000E-06,-402.010053396E-03
-67.080000E-06,-402.010053396E-03
-67.072000E-06,-402.010053396E-03
-67.064000E-06,-402.010053396E-03
-67.056000E-06,-402.010053396E-03
-67.048000E-06,-402.010053396E-03
-67.040000E-06,-603.015077440E-03
-67.032000E-06,-402.010056051E-03
-67.024000E-06,-402.010053396E-03
-67.016000E-06,-402.010053396E-03
-67.008000E-06,-402.010053396E-03
-67.000000E-06,-402.010053396E-03
-66.992000E-06,-603.015077440E-03
-66.984000E-06,-402.010056051E-03
-66.976000E-06,-402.010053396E-03
-66.968000E-06,-402.010053396E-03
-66.960000E-06,-402.010053396E-03
-66.952000E-06,-402.010053396E-03
-66.944000E-06,-402.010053396E-03
-66.936000E-06,-402.010053396E-03
-66.928000E-06,-402.010053396E-03
-66.920000E-06,-603.015077441E-03
-66.912000E-06,-402.010056049E-03
-66.904000E-06,-402.010053396E-03
-66.896000E-06,-201.005029351E-03
-66.888000E-06,-402.010050743E-03
-66.880000E-06,-402.010053396E-03
-66.872000E-06,-402.010053396E-03
-66.864000E-06,-402.010053396E-03
-66.856000E-06,-402.010053396E-03
-66.848000E-06,-402.010053396E-03
-66.840000E-06,-402.010053396E-03
-66.832000E-06,-402.010053396E-03
-66.824000E-06,-402.010053396E-03
-66.816000E-06,-402.010053396E-03
-66.808000E-06,-402.010053396E-03
-66.800000E-06,-402.010053396E-03
-66.792000E-06,-402.010053396E-03
-66.784000E-06,-402.010053396E-03
-66.776000E-06,-402.010053396E-03
-66.768000E-06,-402.010053396E-03
-66.760000E-06,-402.010053396E-03
-66.752000E-06,-402.010053396E-03
-66.744000E-06,-402.010053396E-03
-66.736000E-06,-402.010053396E-03
-66.728000E-06,-402.010053396E-03
-66.720000E-06,-402.010053396E-03
-66.712000E-06,-402.010053396E-03
-66.704000E-06,-402.010053396E-03
-66.696000E-06,-402.010053396E-03
-66.688000E-06,-402.010053396E-03
-66.680000E-06,-402.010053396E-03
-66.672000E-06,-402.010053396E-03
-66.664000E-06,-402.010053396E-03
-66.656000E-06,-402.010053396E-03
-66.648000E-06,-402.010053396E-03
-66.640000E-06,-402.010053396E-03
-66.632000E-06,-201.005029348E-03
-66.624000E-06,-402.010050746E-03
-66.616000E-06,-402.010053396E-03
-66.608000E-06,-402.010053396E-03
-66.600000E-06,-402.010053396E-03
-66.592000E-06,-402.010053396E-03
-66.584000E-06,-402.010053396E-03
-66.576000E-06,-402.010053396E-03
-66.568000E-06,-402.010053396E-03
-66.560000E-06,-402.010053396E-03
-66.552000E-06,-402.010053396E-03
-66.544000E-06,-402.010053396E-03
-66.536000E-06,-402.010053396E-03
-66.528000E-06,-402.010053396E-03
-66.520000E-06,-402.010053396E-03
-66.512000E-06,-402.010053396E-03
-66.504000E-06,-402.010053396E-03
-66.496000E-06,-402.010053396E-03
-66.488000E-06,-402.010053396E-03
-66.480000E-06,-402.010053396E-03
-66.472000E-06,-402.010053396E-03
-66.464000E-06,-402.010053396E-03
-66.456000E-06,-402.010053396E-03
-66.448000E-06,-402.010053396E-03
-66.440000E-06,-402.010053396E-03
-66.432000E-06,-402.010053396E-03
-66.424000E-06,-402.010053396E-03
-66.416000E-06,-402.010053396E-03
-66.408000E-06,-402.010053396E-03
-66.400000E-06,-402.010053396E-03
-66.392000E-06,-402.010053396E-03
-66.384000E-06,-402.010053396E-03
-66.376000E-06,-402.010053396E-03
-66.368000E-06,-402.010053396E-03
-66.360000E-06,-402.010053396E-03
-66.352000E-06,-402.010053396E-03
-66.344000E-06,-603.015077449E-03
-66.336000E-06,-402.010056042E-03
-66.328000E-06,-603.015077449E-03
-66.320000E-06,-402.010056042E-03
-66.312000E-06,-402.010053396E-03
-66.304000E-06,-402.010053396E-03
-66.296000E-06,-402.010053396E-03
-66.288000E-06,-402.010053396E-03
-66.280000E-06,-402.010053396E-03
-66.272000E-06,-402.010053396E-03
-66.264000E-06,-402.010053396E-03
-66.256000E-06,-402.010053396E-03
-66.248000E-06,-201.005029343E-03
-66.240000E-06,-402.010050752E-03
-66.232000E-06,-402.010053396E-03
-66.224000E-06,-402.010053396E-03
-66.216000E-06,-402.010053396E-03
-66.208000E-06,-402.010053396E-03
-66.200000E-06,-201.005029342E-03
-66.192000E-06,-402.010050752E-03
-66.184000E-06,-603.015077450E-03
-66.176000E-06,-402.010056040E-03
-66.168000E-06,-402.010053396E-03
-66.160000E-06,-402.010053396E-03
-66.152000E-06,-402.010053396E-03
-66.144000E-06,-402.010053396E-03
-66.136000E-06,-402.010053396E-03
-66.128000E-06,-402.010053396E-03
-66.120000E-06,-402.010053396E-03
-66.112000E-06,-402.010053396E-03
-66.104000E-06,-402.010053396E-03
-66.096000E-06,-603.015077452E-03
-66.088000E-06,-402.010056039E-03
-66.080000E-06,-402.010053396E-03
-66.072000E-06,-402.010053396E-03
-66.064000E-06,-402.010053396E-03
-66.056000E-06,-402.010053396E-03
-66.048000E-06,-402.010053396E-03
-66.040000E-06,-201.005029341E-03
-66.032000E-06,-402.010050754E-03
-66.024000E-06,-402.010053396E-03
-66.016000E-06,-402.010053396E-03
-66.008000E-06,-201.005029340E-03
-66.000000E-06,-201.005026698E-03
-65.992000E-06,-402.010050755E-03
-65.984000E-06,-402.010053396E-03
-65.976000E-06,-402.010053396E-03
-65.968000E-06,-402.010053396E-03
-65.960000E-06,-402.010053396E-03
-65.952000E-06,-402.010053396E-03
-65.944000E-06,-402.010053396E-03
-65.936000E-06,-402.010053396E-03
-65.928000E-06,-402.010053396E-03
-65.920000E-06,-402.010053396E-03
-65.912000E-06,-402.010053396E-03
-65.904000E-06,-402.010053396E-03
-65.896000E-06,-402.010053396E-03
-65.888000E-06,-402.010053396E-03
-65.880000E-06,-402.010053396E-03
-65.872000E-06,-201.005029338E-03
-65.864000E-06,-402.010050756E-03
-65.856000E-06,-402.010053396E-03
-65.848000E-06,-402.010053396E-03
-65.840000E-06,-402.010053396E-03
-65.832000E-06,-402.010053396E-03
-65.824000E-06,-402.010053396E-03
-65.816000E-06,-402.010053396E-03
-65.808000E-06,-402.010053396E-03
-65.800000E-06,-402.010053396E-03
-65.792000E-06,-402.010053396E-03
-65.784000E-06,-402.010053396E-03
-65.776000E-06,-402.010053396E-03
-65.768000E-06,-402.010053396E-03
-65.760000E-06,-402.010053396E-03
-65.752000E-06,-402.010053396E-03
-65.744000E-06,-201.005029336E-03
-65.736000E-06,-201.005026698E-03
-65.728000E-06,-402.010050758E-03
-65.720000E-06,-402.010053396E-03
-65.712000E-06,-402.010053396E-03
-65.704000E-06,-402.010053396E-03
-65.696000E-06,-603.015077456E-03
-65.688000E-06,-402.010056035E-03
-65.680000E-06,-402.010053396E-03
-65.672000E-06,-402.010053396E-03
-65.664000E-06,-402.010053396E-03
-65.656000E-06,-402.010053396E-03
-65.648000E-06,-402.010053396E-03
-65.640000E-06,-402.010053396E-03
-65.632000E-06,-402.010053396E-03
-65.624000E-06,-402.010053396E-03
-65.616000E-06,-402.010053396E-03
-65.608000E-06,-402.010053396E-03
-65.600000E-06,-402.010053396E-03
-65.592000E-06,-402.010053396E-03
-65.584000E-06,-402.010053396E-03
-65.576000E-06,-402.010053396E-03
-65.568000E-06,-402.010053396E-03
-65.560000E-06,-402.010053396E-03
-65.552000E-06,-402.010053396E-03
-65.544000E-06,-402.010053396E-03
-65.536000E-06,-402.010053396E-03
-65.528000E-06,-201.005029334E-03
-65.520000E-06,-402.010050761E-03
-65.512000E-06,-402.010053396E-03
-65.504000E-06,-402.010053396E-03
-65.496000E-06,-402.010053396E-03
-65.488000E-06,-402.010053396E-03
-65.480000E-06,-201.005029334E-03
-65.472000E-06,-402.010050761E-03
-65.464000E-06,-201.005029334E-03
-65.456000E-06,-402.010050762E-03
-65.448000E-06,-402.010053396E-03
-65.440000E-06,-402.010053396E-03
-65.432000E-06,-402.010053396E-03
-65.424000E-06,-402.010053396E-03
-65.416000E-06,-402.010053396E-03
-65.408000E-06,-402.010053396E-03
-65.400000E-06,-402.010053396E-03
-65.392000E-06,-201.005029332E-03
-65.384000E-06,-402.010050762E-03
-65.376000E-06,-201.005029332E-03
-65.368000E-06,-402.010050762E-03
-65.360000E-06,-402.010053396E-03
-65.352000E-06,-402.010053396E-03
-65.344000E-06,-402.010053396E-03
-65.336000E-06,-402.010053396E-03
-65.328000E-06,-402.010053396E-03
-65.320000E-06,-402.010053396E-03
-65.312000E-06,-402.010053396E-03
-65.304000E-06,-402.010053396E-03
-65.296000E-06,-402.010053396E-03
-65.288000E-06,-402.010053396E-03
-65.280000E-06,-402.010053396E-03
-65.272000E-06,-402.010053396E-03
-65.264000E-06,-402.010053396E-03
-65.256000E-06,-402.010053396E-03
-65.248000E-06,-402.010053396E-03
-65.240000E-06,-201.005029331E-03
-65.232000E-06,-201.005026698E-03
-65.224000E-06,-402.010050764E-03
-65.216000E-06,-201.005029330E-03
-65.208000E-06,-402.010050764E-03
-65.200000E-06,-402.010053396E-03
-65.192000E-06,-402.010053396E-03
-65.184000E-06,-402.010053396E-03
-65.176000E-06,-402.010053396E-03
-65.168000E-06,-402.010053396E-03
-65.160000E-06,-402.010053396E-03
-65.152000E-06,-402.010053396E-03
-65.144000E-06,-402.010053396E-03
-65.136000E-06,-402.010053396E-03
-65.128000E-06,-402.010053396E-03
-65.120000E-06,-402.010053396E-03
-65.112000E-06,-402.010053396E-03
-65.104000E-06,-402.010053396E-03
-65.096000E-06,-402.010053396E-03
-65.088000E-06,-402.010053396E-03
-65.080000E-06,-402.010053396E-03
-65.072000E-06,-402.010053396E-03
-65.064000E-06,-402.010053396E-03
-65.056000E-06,-402.010053396E-03
-65.048000E-06,-402.010053396E-03
-65.040000E-06,-402.010053396E-03
-65.032000E-06,-402.010053396E-03
-65.024000E-06,-402.010053396E-03
-65.016000E-06,-402.010053396E-03
-65.008000E-06,-402.010053396E-03
-65.000000E-06,-402.010053396E-03
-64.992000E-06,-402.010053396E-03
-64.984000E-06,-402.010053396E-03
-64.976000E-06,-402.010053396E-03
-64.968000E-06,-201.005029327E-03
-64.960000E-06,-201.005026698E-03
-64.952000E-06,-402.010050767E-03
-64.944000E-06,-402.010053396E-03
-64.936000E-06,-402.010053396E-03
-64.928000E-06,-402.010053396E-03
-64.920000E-06,-402.010053396E-03
-64.912000E-06,-402.010053396E-03
-64.904000E-06,-402.010053396E-03
-64.896000E-06,-201.005029326E-03
-64.888000E-06,-402.010050768E-03
-64.880000E-06,-402.010053396E-03
-64.872000E-06,-402.010053396E-03
-64.864000E-06,-201.005029326E-03
-64.856000E-06,-201.005026698E-03
-64.848000E-06,-402.010050769E-03
-64.840000E-06,-201.005029326E-03
-64.832000E-06,-402.010050770E-03
-64.824000E-06,-201.005029325E-03
-64.816000E-06,-402.010050770E-03
-64.808000E-06,-402.010053396E-03
-64.800000E-06,-402.010053396E-03
-64.792000E-06,-402.010053396E-03
-64.784000E-06,-201.005029325E-03
-64.776000E-06,-402.010050770E-03
-64.768000E-06,-402.010053396E-03
-64.760000E-06,-402.010053396E-03
-64.752000E-06,-402.010053396E-03
-64.744000E-06,-402.010053396E-03
-64.736000E-06,-402.010053396E-03
-64.728000E-06,-402.010053396E-03
-64.720000E-06,-402.010053396E-03
-64.712000E-06,-201.005029323E-03
-64.704000E-06,-402.010050771E-03
-64.696000E-06,-201.005029323E-03
-64.688000E-06,-402.010050771E-03
-64.680000E-06,-201.005029323E-03
-64.672000E-06,-201.005026698E-03
-64.664000E-06,-402.010050771E-03
-64.656000E-06,-201.005029323E-03
-64.648000E-06,-201.005026698E-03
-64.640000E-06,-402.010050772E-03
-64.632000E-06,-201.005029323E-03
-64.624000E-06,-201.005026698E-03
-64.616000E-06,-201.005026698E-03
-64.608000E-06,-402.010050772E-03
-64.600000E-06,-201.005029323E-03
-64.592000E-06,-402.010050772E-03
-64.584000E-06,-402.010053396E-03
-64.576000E-06,-402.010053396E-03
-64.568000E-06,-402.010053396E-03
-64.560000E-06,-402.010053396E-03
-64.552000E-06,-402.010053396E-03
-64.544000E-06,-402.010053396E-03
-64.536000E-06,-201.005029322E-03
-64.528000E-06,-402.010050772E-03
-64.520000E-06,-201.005029321E-03
-64.512000E-06,-402.010050773E-03
-64.504000E-06,-201.005029321E-03
-64.496000E-06,-201.005026698E-03
-64.488000E-06,-201.005026698E-03
-64.480000E-06,-402.010050774E-03
-64.472000E-06,-402.010053396E-03
-64.464000E-06,-201.005029320E-03
-64.456000E-06,-402.010050774E-03
-64.448000E-06,-402.010053396E-03
-64.440000E-06,-402.010053396E-03
-64.432000E-06,-402.010053396E-03
-64.424000E-06,-402.010053396E-03
-64.416000E-06,-402.010053396E-03
-64.408000E-06,-201.005029320E-03
-64.400000E-06,-201.005026698E-03
-64.392000E-06,-201.005026698E-03
-64.384000E-06,-402.010050775E-03
-64.376000E-06,-402.010053396E-03
-64.368000E-06,-402.010053396E-03
-64.360000E-06,-201.005029319E-03
-64.352000E-06,-402.010050775E-03
-64.344000E-06,-201.005029319E-03
-64.336000E-06,-402.010050775E-03
-64.328000E-06,-201.005029319E-03
-64.320000E-06,-201.005026698E-03
-64.312000E-06,-402.010050775E-03
-64.304000E-06,-402.010053396E-03
-64.296000E-06,-201.005029319E-03
-64.288000E-06,-201.005026698E-03
-64.280000E-06,-402.010050776E-03
-64.272000E-06,-201.005029318E-03
-64.264000E-06,-201.005026698E-03
-64.256000E-06,-201.005026698E-03
-64.248000E-06,-402.010050777E-03
-64.240000E-06,-402.010053396E-03
-64.232000E-06,-201.005029317E-03
-64.224000E-06,-201.005026698E-03
-64.216000E-06,-402.010050777E-03
-64.208000E-06,-402.010053396E-03
-64.200000E-06,-402.010053396E-03
-64.192000E-06,-402.010053396E-03
-64.184000E-06,-402.010053396E-03
-64.176000E-06,-402.010053396E-03
-64.168000E-06,-201.005029317E-03
-64.160000E-06,-201.005026698E-03
-64.152000E-06,-201.005026698E-03
-64.144000E-06,-402.010050778E-03
-64.136000E-06,-402.010053396E-03
-64.128000E-06,-201.005029316E-03
-64.120000E-06,-201.005026698E-03
-64.112000E-06,-201.005026698E-03
-64.104000E-06,-201.005026698E-03
-64.096000E-06,-402.010050778E-03
-64.088000E-06,-402.010053396E-03
-64.080000E-06,-201.005029316E-03
-64.072000E-06,-402.010050778E-03
-64.064000E-06,-201.005029316E-03
-64.056000E-06,-201.005026698E-03
-64.048000E-06,-201.005026698E-03
-64.040000E-06,-201.005026698E-03
-64.032000E-06,-402.010050779E-03
-64.024000E-06,-201.005029315E-03
-64.016000E-06,-201.005026698E-03
-64.008000E-06,-201.005026698E-03
-64.000000E-06,-201.005026698E-03
-63.992000E-06,-201.005026698E-03
-63.984000E-06,-402.010050780E-03
-63.976000E-06,-402.010053396E-03
-63.968000E-06,-402.010053396E-03
-63.960000E-06,-201.005029315E-03
-63.952000E-06,-201.005026698E-03
-63.944000E-06,-201.005026698E-03
-63.936000E-06,-201.005026698E-03
-63.928000E-06,-201.005026698E-03
-63.920000E-06,-201.005026698E-03
-63.912000E-06,-201.005026698E-03
-63.904000E-06,-402.010050781E-03
-63.896000E-06,-402.010053396E-03
-63.888000E-06,-201.005029313E-03
-63.880000E-06,-201.005026698E-03
-63.872000E-06,-201.005026698E-03
-63.864000E-06,-402.010050781E-03
-63.856000E-06,-201.005029313E-03
-63.848000E-06,-201.005026698E-03
-63.840000E-06,-201.005026698E-03
-63.832000E-06,-201.005026698E-03
-63.824000E-06,-201.005026698E-03
-63.816000E-06,-201.005026698E-03
-63.808000E-06,-402.010050782E-03
-63.800000E-06,-201.005029312E-03
-63.792000E-06,-201.005026698E-03
-63.784000E-06,-201.005026698E-03
-63.776000E-06,-402.010050783E-03
-63.768000E-06,-201.005029312E-03
-63.760000E-06,-402.010050783E-03
-63.752000E-06,-402.010053396E-03
-63.744000E-06,-402.010053396E-03
-63.736000E-06,-201.005029312E-03
-63.728000E-06,-201.005026698E-03
-63.720000E-06,-402.010050783E-03
-63.712000E-06,-201.005029312E-03
-63.704000E-06,-201.005026698E-03
-63.696000E-06,-201.005026698E-03
-63.688000E-06,-201.005026698E-03
-63.680000E-06,-201.005026698E-03
-63.672000E-06,-201.005026698E-03
-63.664000E-06,-402.010050784E-03
-63.656000E-06,-402.010053396E-03
-63.648000E-06,-201.005029310E-03
-63.640000E-06,-201.005026698E-03
-63.632000E-06,-201.005026698E-03
-63.624000E-06,-201.005026698E-03
-63.616000E-06,-201.005026698E-03
-63.608000E-06,-201.005026698E-03
-63.600000E-06,-201.005026698E-03
-63.592000E-06,-201.005026698E-03
-63.584000E-06,-201.005026698E-03
-63.576000E-06,-201.005026698E-03
-63.568000E-06,-402.010050785E-03
-63.560000E-06,-402.010053396E-03
-63.552000E-06,-201.005029309E-03
-63.544000E-06,-402.010050786E-03
-63.536000E-06,-201.005029309E-03
-63.528000E-06,-201.005026698E-03
-63.520000E-06,-201.005026698E-03
-63.512000E-06,-201.005026698E-03
-63.504000E-06,-201.005026698E-03
-63.496000E-06,-201.005026698E-03
-63.488000E-06,-201.005026698E-03
-63.480000E-06,-402.010050786E-03
-63.472000E-06,-201.005029308E-03
-63.464000E-06,-201.005026698E-03
-63.456000E-06,-201.005026698E-03
-63.448000E-06,-201.005026698E-03
-63.440000E-06,-201.005026698E-03
-63.432000E-06,-402.010050786E-03
-63.424000E-06,-201.005029307E-03
-63.416000E-06,-201.005026698E-03
-63.408000E-06,-201.005026698E-03
-63.400000E-06,-201.005026698E-03
-63.392000E-06,-201.005026698E-03
-63.384000E-06,-201.005026698E-03
-63.376000E-06,-402.010050787E-03
-63.368000E-06,-201.005029307E-03
-63.360000E-06,-201.005026698E-03
-63.352000E-06,-201.005026698E-03
-63.344000E-06,-201.005026698E-03
-63.336000E-06,-201.005026698E-03
-63.328000E-06,-201.005026698E-03
-63.320000E-06,-201.005026698E-03
-63.312000E-06,-201.005026698E-03
-63.304000E-06,-402.010050789E-03
-63.296000E-06,-201.005029306E-03
-63.288000E-06,-201.005026698E-03
-63.280000E-06,-402.010050789E-03
-63.272000E-06,-402.010053396E-03
-63.264000E-06,-201.005029306E-03
-63.256000E-06,-402.010050789E-03
-63.248000E-06,-201.005029306E-03
-63.240000E-06,-201.005026698E-03
-63.232000E-06,-201.005026698E-03
-63.224000E-06,-201.005026698E-03
-63.216000E-06,-201.005026698E-03
-63.208000E-06,-201.005026698E-03
-63.200000E-06,-201.005026698E-03
-63.192000E-06,-201.005026698E-03
-63.184000E-06,-201.005026698E-03
-63.176000E-06,-201.005026698E-03
-63.168000E-06,-402.010050790E-03
-63.160000E-06,-201.005029304E-03
-63.152000E-06,-201.005026698E-03
-63.144000E-06,-201.005026698E-03
-63.136000E-06,-201.005026698E-03
-63.128000E-06,-201.005026698E-03
-63.120000E-06,-201.005026698E-03
-63.112000E-06,-201.005026698E-03
-63.104000E-06,-201.005026698E-03
-63.096000E-06,-201.005026698E-03
-63.088000E-06,-201.005026698E-03
-63.080000E-06,-201.005026698E-03
-63.072000E-06,-201.005026698E-03
-63.064000E-06,-201.005026698E-03
-63.056000E-06,-201.005026698E-03
-63.048000E-06,-201.005026698E-03
-63.040000E-06,-201.005026698E-03
-63.032000E-06,-201.005026698E-03
-63.024000E-06,-201.005026698E-03
-63.016000E-06,-201.005026698E-03
-63.008000E-06,-201.005026698E-03
-63.000000E-06,-201.005026698E-03
-62.992000E-06,-201.005026698E-03
-62.984000E-06,-201.005026698E-03
-62.976000E-06,-201.005026698E-03
-62.968000E-06,-201.005026698E-03
-62.960000E-06,-201.005026698E-03
-62.952000E-06,-201.005026698E-03
-62.944000E-06,-201.005026698E-03
-62.936000E-06,-201.005026698E-03
-62.928000E-06,-201.005026698E-03
-62.920000E-06,-201.005026698E-03
-62.912000E-06,-201.005026698E-03
-62.904000E-06,-201.005026698E-03
-62.896000E-06,-201.005026698E-03
-62.888000E-06,-201.005026698E-03
-62.880000E-06,-201.005026698E-03
-62.872000E-06,-201.005026698E-03
-62.864000E-06,-201.005026698E-03
-62.856000E-06,-201.005026698E-03
-62.848000E-06,-201.005026698E-03
-62.840000E-06,-201.005026698E-03
-62.832000E-06,-201.005026698E-03
-62.824000E-06,-201.005026698E-03
-62.816000E-06,-201.005026698E-03
-62.808000E-06,-402.010050794E-03
-62.800000E-06,-201.005029300E-03
-62.792000E-06,-201.005026698E-03
-62.784000E-06,-201.005026698E-03
-62.776000E-06,-201.005026698E-03
-62.768000E-06,-201.005026698E-03
-62.760000E-06,-201.005026698E-03
-62.752000E-06,-201.005026698E-03
-62.744000E-06,-2.601E-09
-62.736000E-06,-201.005024097E-03
-62.728000E-06,-201.005026698E-03
-62.720000E-06,-201.005026698E-03
-62.712000E-06,-201.005026698E-03
-62.704000E-06,-201.005026698E-03
-62.696000E-06,-201.005026698E-03
-62.688000E-06,-201.005026698E-03
-62.680000E-06,-201.005026698E-03
-62.672000E-06,-201.005026698E-03
-62.664000E-06,-201.005026698E-03
-62.656000E-06,-201.005026698E-03
-62.648000E-06,-201.005026698E-03
-62.640000E-06,-201.005026698E-03
-62.632000E-06,-201.005026698E-03
-62.624000E-06,-201.005026698E-03
-62.616000E-06,-201.005026698E-03
-62.608000E-06,-201.005026698E-03
-62.600000E-06,-201.005026698E-03
-62.592000E-06,-201.005026698E-03
-62.584000E-06,-201.005026698E-03
-62.576000E-06,-201.005026698E-03
-62.568000E-06,-201.005026698E-03
-62.560000E-06,-201.005026698E-03
-62.552000E-06,-201.005026698E-03
-62.544000E-06,-201.005026698E-03
-62.536000E-06,-201.005026698E-03
-62.528000E-06,-201.005026698E-03
-62.520000E-06,-2.598E-09
-62.512000E-06,-201.005024100E-03
-62.504000E-06,-201.005026698E-03
-62.496000E-06,-201.005026698E-03
-62.488000E-06,-201.005026698E-03
-62.480000E-06,-201.005026698E-03
-62.472000E-06,-201.005026698E-03
-62.464000E-06,-201.005026698E-03
-62.456000E-06,-2.597E-09
-62.448000E-06,-201.005024101E-03
-62.440000E-06,-201.005026698E-03
-62.432000E-06,-201.005026698E-03
-62.424000E-06,-201.005026698E-03
-62.416000E-06,-201.005026698E-03
-62.408000E-06,-201.005026698E-03
-62.400000E-06,-201.005026698E-03
-62.392000E-06,-201.005026698E-03
-62.384000E-06,-201.005026698E-03
-62.376000E-06,-201.005026698E-03
-62.368000E-06,-201.005026698E-03
-62.360000E-06,-201.005026698E-03
-62.352000E-06,-201.005026698E-03
-62.344000E-06,-201.005026698E-03
-62.336000E-06,-201.005026698E-03
-62.328000E-06,-201.005026698E-03
-62.320000E-06,-201.005026698E-03
-62.312000E-06,-201.005026698E-03
-62.304000E-06,-201.005026698E-03
-62.296000E-06,-201.005026698E-03
-62.288000E-06,-201.005026698E-03
-62.280000E-06,-201.005026698E-03
-62.272000E-06,-201.005026698E-03
-62.264000E-06,-201.005026698E-03
-62.256000E-06,-201.005026698E-03
-62.248000E-06,-201.005026698E-03
-62.240000E-06,-201.005026698E-03
-62.232000E-06,-201.005026698E-03
-62.224000E-06,-201.005026698E-03
-62.216000E-06,-201.005026698E-03
-62.208000E-06,-201.005026698E-03
-62.200000E-06,-201.005026698E-03
-62.192000E-06,-201.005026698E-03
-62.184000E-06,-201.005026698E-03
-62.176000E-06,-201.005026698E-03
-62.168000E-06,-201.005026698E-03
-62.160000E-06,-201.005026698E-03
-62.152000E-06,-201.005026698E-03
-62.144000E-06,-201.005026698E-03
-62.136000E-06,-201.005026698E-03
-62.128000E-06,-2.593E-09
-62.120000E-06,-201.005024105E-03
-62.112000E-06,-2.593E-09
-62.104000E-06,-402.010048210E-03
-62.096000E-06,-201.005029291E-03
-62.088000E-06,-2.593E-09
-62.080000E-06,-201.005024105E-03
-62.072000E-06,-201.005026698E-03
-62.064000E-06,-201.005026698E-03
-62.056000E-06,-201.005026698E-03
-62.048000E-06,-201.005026698E-03
-62.040000E-06,-201.005026698E-03
-62.032000E-06,-201.005026698E-03
-62.024000E-06,-201.005026698E-03
-62.016000E-06,-201.005026698E-03
-62.008000E-06,-2.592E-09
-62.000000E-06,-201.005024107E-03
-61.992000E-06,-201.005026698E-03
-61.984000E-06,-201.005026698E-03
-61.976000E-06,-201.005026698E-03
-61.968000E-06,-201.005026698E-03
-61.960000E-06,-2.592E-09
-61.952000E-06,-201.005024107E-03
-61.944000E-06,-201.005026698E-03
-61.936000E-06,-201.005026698E-03
-61.928000E-06,-201.005026698E-03
-61.920000E-06,-201.005026698E-03
-61.912000E-06,-201.005026698E-03
-61.904000E-06,-201.005026698E-03
-61.896000E-06,-201.005026698E-03
-61.888000E-06,-201.005026698E-03
-61.880000E-06,-402.010050806E-03
-61.872000E-06,-5.180E-09
-61.864000E-06,+0.0E+00
-61.856000E-06,-201.005024108E-03
-61.848000E-06,-201.005026698E-03
-61.840000E-06,-201.005026698E-03
-61.832000E-06,-201.005026698E-03
-61.824000E-06,-201.005026698E-03
-61.816000E-06,-201.005026698E-03
-61.808000E-06,-201.005026698E-03
-61.800000E-06,-2.589E-09
-61.792000E-06,-201.005024109E-03
-61.784000E-06,-2.589E-09
-61.776000E-06,-201.005024109E-03
-61.768000E-06,-201.005026698E-03
-61.760000E-06,-201.005026698E-03
-61.752000E-06,-201.005026698E-03
-61.744000E-06,-201.005026698E-03
-61.736000E-06,-201.005026698E-03
-61.728000E-06,-201.005026698E-03
-61.720000E-06,-201.005026698E-03
-61.712000E-06,-2.588E-09
-61.704000E-06,-201.005024110E-03
-61.696000E-06,-2.588E-09
-61.688000E-06,-201.005024110E-03
-61.680000E-06,-201.005026698E-03
-61.672000E-06,-201.005026698E-03
-61.664000E-06,-201.005026698E-03
-61.656000E-06,-201.005026698E-03
-61.648000E-06,-201.005026698E-03
-61.640000E-06,-201.005026698E-03
-61.632000E-06,-201.005026698E-03
-61.624000E-06,-201.005026698E-03
-61.616000E-06,-201.005026698E-03
-61.608000E-06,-201.005026698E-03
-61.600000E-06,-2.586E-09
-61.592000E-06,-201.005024112E-03
-61.584000E-06,-201.005026698E-03
-61.576000E-06,-201.005026698E-03
-61.568000E-06,-201.005026698E-03
-61.560000E-06,-201.005026698E-03
-61.552000E-06,-201.005026698E-03
-61.544000E-06,-201.005026698E-03
-61.536000E-06,-201.005026698E-03
-61.528000E-06,-201.005026698E-03
-61.520000E-06,-201.005026698E-03
-61.512000E-06,-201.005026698E-03
-61.504000E-06,-201.005026698E-03
-61.496000E-06,-201.005026698E-03
-61.488000E-06,-201.005026698E-03
-61.480000E-06,-201.005026698E-03
-61.472000E-06,-201.005026698E-03
-61.464000E-06,-2.585E-09
-61.456000E-06,-201.005024113E-03
-61.448000E-06,-201.005026698E-03
-61.440000E-06,-201.005026698E-03
-61.432000E-06,-201.005026698E-03
-61.424000E-06,-201.005026698E-03
-61.416000E-06,-201.005026698E-03
-61.408000E-06,-2.584E-09
-61.400000E-06,-201.005024114E-03
-61.392000E-06,-201.005026698E-03
-61.384000E-06,-201.005026698E-03
-61.376000E-06,-201.005026698E-03
-61.368000E-06,-2.584E-09
-61.360000E-06,-201.005024115E-03
-61.352000E-06,-2.584E-09
-61.344000E-06,-201.005024115E-03
-61.336000E-06,-201.005026698E-03
-61.328000E-06,-201.005026698E-03
-61.320000E-06,-201.005026698E-03
-61.312000E-06,-201.005026698E-03
-61.304000E-06,-201.005026698E-03
-61.296000E-06,-201.005026698E-03
-61.288000E-06,-2.583E-09
-61.280000E-06,+0.0E+00
-61.272000E-06,-201.005024115E-03
-61.264000E-06,-2.583E-09
-61.256000E-06,-201.005024116E-03
-61.248000E-06,-2.582E-09
-61.240000E-06,-201.005024116E-03
-61.232000E-06,-201.005026698E-03
-61.224000E-06,-201.005026698E-03
-61.216000E-06,-201.005026698E-03
-61.208000E-06,-201.005026698E-03
-61.200000E-06,-201.005026698E-03
-61.192000E-06,-201.005026698E-03
-61.184000E-06,-201.005026698E-03
-61.176000E-06,-2.581E-09
-61.168000E-06,-201.005024117E-03
-61.160000E-06,-201.005026698E-03
-61.152000E-06,-201.005026698E-03
-61.144000E-06,-2.581E-09
-61.136000E-06,-201.005024118E-03
-61.128000E-06,-201.005026698E-03
-61.120000E-06,-201.005026698E-03
-61.112000E-06,-201.005026698E-03
-61.104000E-06,-201.005026698E-03
-61.096000E-06,-2.580E-09
-61.088000E-06,-201.005024118E-03
-61.080000E-06,-201.005026698E-03
-61.072000E-06,-201.005026698E-03
-61.064000E-06,-201.005026698E-03
-61.056000E-06,-201.005026698E-03
-61.048000E-06,-201.005026698E-03
-61.040000E-06,-201.005026698E-03
-61.032000E-06,-2.580E-09
-61.024000E-06,-201.005024118E-03
-61.016000E-06,-201.005026698E-03
-61.008000E-06,-201.005026698E-03
-61.000000E-06,-201.005026698E-03
-60.992000E-06,-201.005026698E-03
-60.984000E-06,-201.005026698E-03
-60.976000E-06,-201.005026698E-03
-60.968000E-06,-201.005026698E-03
-60.960000E-06,-2.580E-09
-60.952000E-06,-201.005024118E-03
-60.944000E-06,-2.581E-09
-60.936000E-06,-201.005024118E-03
-60.928000E-06,-201.005026698E-03
-60.920000E-06,-2.581E-09
-60.912000E-06,+0.0E+00
-60.904000E-06,+0.0E+00
-60.896000E-06,-201.005024118E-03
-60.888000E-06,-2.581E-09
-60.880000E-06,-201.005024117E-03
-60.872000E-06,-201.005026698E-03
-60.864000E-06,-201.005026698E-03
-60.856000E-06,-201.005026698E-03
-60.848000E-06,-2.581E-09
-60.840000E-06,-201.005024117E-03
-60.832000E-06,-201.005026698E-03
-60.824000E-06,-201.005026698E-03
-60.816000E-06,-2.581E-09
-60.808000E-06,-201.005024117E-03
-60.800000E-06,-201.005026698E-03
-60.792000E-06,-2.581E-09
-60.784000E-06,+0.0E+00
-60.776000E-06,+0.0E+00
-60.768000E-06,+0.0E+00
-60.760000E-06,-201.005024116E-03
-60.752000E-06,-201.005026698E-03
-60.744000E-06,-201.005026698E-03
-60.736000E-06,-201.005026698E-03
-60.728000E-06,-2.582E-09
-60.720000E-06,+0.0E+00
-60.712000E-06,-201.005024115E-03
-60.704000E-06,-2.583E-09
-60.696000E-06,-201.005024115E-03
-60.688000E-06,-201.005026698E-03
-60.680000E-06,-2.583E-09
-60.672000E-06,-201.005024115E-03
-60.664000E-06,-201.005026698E-03
-60.656000E-06,-2.583E-09
-60.648000E-06,-201.005024115E-03
-60.640000E-06,-201.005026698E-03
-60.632000E-06,-201.005026698E-03
-60.624000E-06,-201.005026698E-03
-60.616000E-06,-2.584E-09
-60.608000E-06,+0.0E+00
-60.600000E-06,-201.005024115E-03
-60.592000E-06,-2.584E-09
-60.584000E-06,-201.005024115E-03
-60.576000E-06,-2.584E-09
-60.568000E-06,-201.005024115E-03
-60.560000E-06,-201.005026698E-03
-60.552000E-06,-201.005026698E-03
-60.544000E-06,-2.584E-09
-60.536000E-06,+0.0E+00
-60.528000E-06,-201.005024114E-03
-60.520000E-06,-201.005026698E-03
-60.512000E-06,-2.584E-09
-60.504000E-06,-201.005024114E-03
-60.496000E-06,-201.005026698E-03
-60.488000E-06,-201.005026698E-03
-60.480000E-06,-201.005026698E-03
-60.472000E-06,-201.005026698E-03
-60.464000E-06,-201.005026698E-03
-60.456000E-06,-201.005026698E-03
-60.448000E-06,-201.005026698E-03
-60.440000E-06,-201.005026698E-03
-60.432000E-06,-2.585E-09
-60.424000E-06,-201.005024113E-03
-60.416000E-06,-201.005026698E-03
-60.408000E-06,-201.005026698E-03
-60.400000E-06,-201.005026698E-03
-60.392000E-06,-2.586E-09
-60.384000E-06,-201.005024112E-03
-60.376000E-06,-201.005026698E-03
-60.368000E-06,-2.586E-09
-60.360000E-06,+0.0E+00
-60.352000E-06,-201.005024112E-03
-60.344000E-06,-201.005026698E-03
-60.336000E-06,-201.005026698E-03
-60.328000E-06,-201.005026698E-03
-60.320000E-06,-201.005026698E-03
-60.312000E-06,-2.586E-09
-60.304000E-06,-201.005024112E-03
-60.296000E-06,-201.005026698E-03
-60.288000E-06,-2.586E-09
-60.280000E-06,+0.0E+00
-60.272000E-06,-201.005024112E-03
-60.264000E-06,-201.005026698E-03
-60.256000E-06,-2.586E-09
-60.248000E-06,+0.0E+00
-60.240000E-06,+0.0E+00
-60.232000E-06,+0.0E+00
-60.224000E-06,+0.0E+00
-60.216000E-06,-201.005024111E-03
-60.208000E-06,-2.587E-09
-60.200000E-06,-201.005024111E-03
-60.192000E-06,-201.005026698E-03
-60.184000E-06,-2.587E-09
-60.176000E-06,-201.005024111E-03
-60.168000E-06,-2.587E-09
-60.160000E-06,+0.0E+00
-60.152000E-06,-201.005024111E-03
-60.144000E-06,-201.005026698E-03
-60.136000E-06,-201.005026698E-03
-60.128000E-06,-2.587E-09
-60.120000E-06,+0.0E+00
-60.112000E-06,+0.0E+00
-60.104000E-06,+0.0E+00
-60.096000E-06,-201.005024110E-03
-60.088000E-06,-201.005026698E-03
-60.080000E-06,-2.588E-09
-60.072000E-06,-201.005024110E-03
-60.064000E-06,-201.005026698E-03
-60.056000E-06,-2.589E-09
-60.048000E-06,-201.005024109E-03
-60.040000E-06,-2.589E-09
-60.032000E-06,+0.0E+00
-60.024000E-06,+201.005024109E-03
-60.016000E-06,-201.005021521E-03
-60.008000E-06,-201.005026698E-03
-60.000000E-06,-2.589E-09
-59.992000E-06,+0.0E+00
-59.984000E-06,+0.0E+00
-59.976000E-06,+0.0E+00
-59.968000E-06,+0.0E+00
-59.960000E-06,+0.0E+00
-59.952000E-06,+0.0E+00
-59.944000E-06,-201.005024109E-03
-59.936000E-06,-201.005026698E-03
-59.928000E-06,-2.589E-09
-59.920000E-06,-201.005024109E-03
-59.912000E-06,-201.005026698E-03
-59.904000E-06,-2.589E-09
-59.896000E-06,+0.0E+00
-59.888000E-06,-201.005024108E-03
-59.880000E-06,-201.005026698E-03
-59.872000E-06,-201.005026698E-03
-59.864000E-06,-2.590E-09
-59.856000E-06,+0.0E+00
-59.848000E-06,-201.005024108E-03
-59.840000E-06,-201.005026698E-03
-59.832000E-06,-201.005026698E-03
-59.824000E-06,-2.590E-09
-59.816000E-06,+0.0E+00
-59.808000E-06,+0.0E+00
-59.800000E-06,+0.0E+00
-59.792000E-06,-201.005024108E-03
-59.784000E-06,-201.005026698E-03
-59.776000E-06,-201.005026698E-03
-59.768000E-06,-2.591E-09
-59.760000E-06,+0.0E+00
-59.752000E-06,-201.005024107E-03
-59.744000E-06,-201.005026698E-03
-59.736000E-06,-201.005026698E-03
-59.728000E-06,-201.005026698E-03
-59.720000E-06,-201.005026698E-03
-59.712000E-06,-201.005026698E-03
-59.704000E-06,-201.005026698E-03
-59.696000E-06,-2.592E-09
-59.688000E-06,-201.005024107E-03
-59.680000E-06,-2.592E-09
-59.672000E-06,-201.005024107E-03
-59.664000E-06,-201.005026698E-03
-59.656000E-06,-2.592E-09
-59.648000E-06,-201.005024107E-03
-59.640000E-06,-2.592E-09
-59.632000E-06,+0.0E+00
-59.624000E-06,-201.005024107E-03
-59.616000E-06,-201.005026698E-03
-59.608000E-06,-2.592E-09
-59.600000E-06,+0.0E+00
-59.592000E-06,-201.005024106E-03
-59.584000E-06,-201.005026698E-03
-59.576000E-06,-201.005026698E-03
-59.568000E-06,-2.592E-09
-59.560000E-06,+0.0E+00
-59.552000E-06,+0.0E+00
-59.544000E-06,-201.005024105E-03
-59.536000E-06,-201.005026698E-03
-59.528000E-06,-2.593E-09
-59.520000E-06,+0.0E+00
-59.512000E-06,-201.005024105E-03
-59.504000E-06,-201.005026698E-03
-59.496000E-06,-201.005026698E-03
-59.488000E-06,-2.593E-09
-59.480000E-06,-201.005024105E-03
-59.472000E-06,-2.593E-09
-59.464000E-06,+0.0E+00
-59.456000E-06,+0.0E+00
-59.448000E-06,-201.005024104E-03
-59.440000E-06,-201.005026698E-03
-59.432000E-06,-201.005026698E-03
-59.424000E-06,-201.005026698E-03
-59.416000E-06,-2.594E-09
-59.408000E-06,-201.005024104E-03
-59.400000E-06,-201.005026698E-03
-59.392000E-06,-201.005026698E-03
-59.384000E-06,-201.005026698E-03
-59.376000E-06,-201.005026698E-03
-59.368000E-06,-2.594E-09
-59.360000E-06,-201.005024104E-03
-59.352000E-06,-201.005026698E-03
-59.344000E-06,-201.005026698E-03
-59.336000E-06,-2.594E-09
-59.328000E-06,+0.0E+00
-59.320000E-06,-201.005024104E-03
-59.312000E-06,-201.005026698E-03
-59.304000E-06,-201.005026698E-03
-59.296000E-06,-2.594E-09
-59.288000E-06,+0.0E+00
-59.280000E-06,+0.0E+00
-59.272000E-06,-201.005024103E-03
-59.264000E-06,-201.005026698E-03
-59.256000E-06,-2.595E-09
-59.248000E-06,-201.005024103E-03
-59.240000E-06,-201.005026698E-03
-59.232000E-06,-201.005026698E-03
-59.224000E-06,-2.595E-09
-59.216000E-06,-201.005024102E-03
-59.208000E-06,-2.596E-09
-59.200000E-06,+0.0E+00
-59.192000E-06,-201.005024102E-03
-59.184000E-06,-2.596E-09
-59.176000E-06,+0.0E+00
-59.168000E-06,+0.0E+00
-59.160000E-06,+0.0E+00
-59.152000E-06,+0.0E+00
-59.144000E-06,+0.0E+00
-59.136000E-06,-201.005024102E-03
-59.128000E-06,-201.005026698E-03
-59.120000E-06,-2.596E-09
-59.112000E-06,+0.0E+00
-59.104000E-06,+0.0E+00
-59.096000E-06,-201.005024101E-03
-59.088000E-06,-2.597E-09
-59.080000E-06,-201.005024101E-03
-59.072000E-06,-2.597E-09
-59.064000E-06,+0.0E+00
-59.056000E-06,-201.005024101E-03
-59.048000E-06,-2.597E-09
-59.040000E-06,+0.0E+00
-59.032000E-06,+0.0E+00
-59.024000E-06,-201.005024101E-03
-59.016000E-06,-201.005026698E-03
-59.008000E-06,-201.005026698E-03
-59.000000E-06,-201.005026698E-03
-58.992000E-06,-2.597E-09
-58.984000E-06,+0.0E+00
-58.976000E-06,-201.005024101E-03
-58.968000E-06,-201.005026698E-03
-58.960000E-06,-2.597E-09
-58.952000E-06,-201.005024101E-03
-58.944000E-06,-201.005026698E-03
-58.936000E-06,-201.005026698E-03
-58.928000E-06,-201.005026698E-03
-58.920000E-06,-201.005026698E-03
-58.912000E-06,-201.005026698E-03
-58.904000E-06,-201.005026698E-03
-58.896000E-06,-2.598E-09
-58.888000E-06,+0.0E+00
-58.880000E-06,-201.005024099E-03
-58.872000E-06,-201.005026698E-03
-58.864000E-06,-201.005026698E-03
-58.856000E-06,-2.599E-09
-58.848000E-06,+0.0E+00
-58.840000E-06,-201.005024099E-03
-58.832000E-06,-2.599E-09
-58.824000E-06,-201.005024099E-03
-58.816000E-06,-2.599E-09
-58.808000E-06,-201.005024099E-03
-58.800000E-06,-201.005026698E-03
-58.792000E-06,-201.005026698E-03
-58.784000E-06,-2.599E-09
-58.776000E-06,-201.005024099E-03
-58.768000E-06,-201.005026698E-03
-58.760000E-06,-201.005026698E-03
-58.752000E-06,-201.005026698E-03
-58.744000E-06,-201.005026698E-03
-58.736000E-06,-2.600E-09
-58.728000E-06,-201.005024099E-03
-58.720000E-06,-2.600E-09
-58.712000E-06,+0.0E+00
-58.704000E-06,+0.0E+00
-58.696000E-06,-201.005024098E-03
-58.688000E-06,-2.600E-09
-58.680000E-06,-201.005024098E-03
-58.672000E-06,-201.005026698E-03
-58.664000E-06,-201.005026698E-03
-58.656000E-06,-201.005026698E-03
-58.648000E-06,-201.005026698E-03
-58.640000E-06,-201.005026698E-03
-58.632000E-06,-201.005026698E-03
-58.624000E-06,-2.600E-09
-58.616000E-06,+0.0E+00
-58.608000E-06,-201.005024097E-03
-58.600000E-06,-2.601E-09
-58.592000E-06,-201.005024097E-03
-58.584000E-06,-201.005026698E-03
-58.576000E-06,-201.005026698E-03
-58.568000E-06,-201.005026698E-03
-58.560000E-06,-201.005026698E-03
-58.552000E-06,-2.602E-09
-58.544000E-06,-201.005024096E-03
-58.536000E-06,-201.005026698E-03
-58.528000E-06,-201.005026698E-03
-58.520000E-06,-201.005026698E-03
-58.512000E-06,-201.005026698E-03
-58.504000E-06,-201.005026698E-03
-58.496000E-06,-201.005026698E-03
-58.488000E-06,-201.005026698E-03
-58.480000E-06,-201.005026698E-03
-58.472000E-06,-201.005026698E-03
-58.464000E-06,-201.005026698E-03
-58.456000E-06,-201.005026698E-03
-58.448000E-06,-2.603E-09
-58.440000E-06,-201.005024096E-03
-58.432000E-06,-201.005026698E-03
-58.424000E-06,-201.005026698E-03
-58.416000E-06,-2.603E-09
-58.408000E-06,+0.0E+00
-58.400000E-06,+0.0E+00
-58.392000E-06,-201.005024096E-03
-58.384000E-06,-2.603E-09
-58.376000E-06,+0.0E+00
-58.368000E-06,+0.0E+00
-58.360000E-06,+0.0E+00
-58.352000E-06,+0.0E+00
-58.344000E-06,-201.005024095E-03
-58.336000E-06,-2.603E-09
-58.328000E-06,+0.0E+00
-58.320000E-06,-201.005024095E-03
-58.312000E-06,-201.005026698E-03
-58.304000E-06,-201.005026698E-03
-58.296000E-06,-2.603E-09
-58.288000E-06,-201.005024095E-03
-58.280000E-06,-2.604E-09
-58.272000E-06,-201.005024094E-03
-58.264000E-06,-2.604E-09
-58.256000E-06,+0.0E+00
-58.248000E-06,+0.0E+00
-58.240000E-06,-201.005024094E-03
-58.232000E-06,-201.005026698E-03
-58.224000E-06,-2.604E-09
-58.216000E-06,+0.0E+00
-58.208000E-06,-201.005024093E-03
-58.200000E-06,-201.005026698E-03
-58.192000E-06,-201.005026698E-03
-58.184000E-06,-201.005026698E-03
-58.176000E-06,-2.605E-09
-58.168000E-06,-201.005024093E-03
-58.160000E-06,-201.005026698E-03
-58.152000E-06,-2.605E-09
-58.144000E-06,-201.005024093E-03
-58.136000E-06,-2.605E-09
-58.128000E-06,+0.0E+00
-58.120000E-06,-201.005024093E-03
-58.112000E-06,-201.005026698E-03
-58.104000E-06,-201.005026698E-03
-58.096000E-06,-2.605E-09
-58.088000E-06,-201.005024093E-03
-58.080000E-06,-201.005026698E-03
-58.072000E-06,-201.005026698E-03
-58.064000E-06,-201.005026698E-03
-58.056000E-06,-201.005026698E-03
-58.048000E-06,-2.606E-09
-58.040000E-06,-201.005024092E-03
-58.032000E-06,-201.005026698E-03
-58.024000E-06,-201.005026698E-03
-58.016000E-06,-201.005026698E-03
-58.008000E-06,-2.606E-09
-58.000000E-06,-201.005024092E-03
-57.992000E-06,-201.005026698E-03
-57.984000E-06,-201.005026698E-03
-57.976000E-06,-201.005026698E-03
-57.968000E-06,-2.606E-09
-57.960000E-06,+0.0E+00
-57.952000E-06,+0.0E+00
-57.944000E-06,+0.0E+00
-57.936000E-06,+0.0E+00
-57.928000E-06,+0.0E+00
-57.920000E-06,+0.0E+00
-57.912000E-06,+0.0E+00
-57.904000E-06,+0.0E+00
-57.896000E-06,+0.0E+00
-57.888000E-06,-201.005024091E-03
-57.880000E-06,-201.005026698E-03
-57.872000E-06,-201.005026698E-03
-57.864000E-06,-2.608E-09
-57.856000E-06,-201.005024090E-03
-57.848000E-06,-201.005026698E-03
-57.840000E-06,-2.608E-09
-57.832000E-06,-201.005024090E-03
-57.824000E-06,-2.608E-09
-57.816000E-06,-201.005024090E-03
-57.808000E-06,-201.005026698E-03
-57.800000E-06,-2.608E-09
-57.792000E-06,-201.005024090E-03
-57.784000E-06,-201.005026698E-03
-57.776000E-06,-2.608E-09
-57.768000E-06,-201.005024090E-03
-57.760000E-06,-201.005026698E-03
-57.752000E-06,-2.608E-09
-57.744000E-06,-201.005024090E-03
-57.736000E-06,-201.005026698E-03
-57.728000E-06,-2.608E-09
-57.720000E-06,+0.0E+00
-57.712000E-06,-201.005024089E-03
-57.704000E-06,-201.005026698E-03
-57.696000E-06,-201.005026698E-03
-57.688000E-06,-201.005026698E-03
-57.680000E-06,-2.609E-09
-57.672000E-06,-201.005024089E-03
-57.664000E-06,-2.609E-09
-57.656000E-06,-201.005024089E-03
-57.648000E-06,-201.005026698E-03
-57.640000E-06,-2.609E-09
-57.632000E-06,-201.005024089E-03
-57.624000E-06,-2.609E-09
-57.616000E-06,+0.0E+00
-57.608000E-06,-201.005024088E-03
-57.600000E-06,-201.005026698E-03
-57.592000E-06,-201.005026698E-03
-57.584000E-06,-2.610E-09
-57.576000E-06,-201.005024088E-03
-57.568000E-06,-201.005026698E-03
-57.560000E-06,-2.610E-09
-57.552000E-06,+0.0E+00
-57.544000E-06,+0.0E+00
-57.536000E-06,+0.0E+00
-57.528000E-06,-201.005024088E-03
-57.520000E-06,-2.611E-09
-57.512000E-06,-201.005024088E-03
-57.504000E-06,-2.611E-09
-57.496000E-06,+0.0E+00
-57.488000E-06,-201.005024088E-03
-57.480000E-06,-201.005026698E-03
-57.472000E-06,-201.005026698E-03
-57.464000E-06,-201.005026698E-03
-57.456000E-06,-2.611E-09
-57.448000E-06,+0.0E+00
-57.440000E-06,+0.0E+00
-57.432000E-06,+0.0E+00
-57.424000E-06,-201.005024087E-03
-57.416000E-06,-201.005026698E-03
-57.408000E-06,-201.005026698E-03
-57.400000E-06,-201.005026698E-03
-57.392000E-06,-2.611E-09
-57.384000E-06,-201.005024086E-03
-57.376000E-06,-2.612E-09
-57.368000E-06,-201.005024086E-03
-57.360000E-06,-201.005026698E-03
-57.352000E-06,-201.005026698E-03
-57.344000E-06,-201.005026698E-03
-57.336000E-06,-201.005026698E-03
-57.328000E-06,-2.612E-09
-57.320000E-06,+0.0E+00
-57.312000E-06,-201.005024086E-03
-57.304000E-06,-201.005026698E-03
-57.296000E-06,-201.005026698E-03
-57.288000E-06,-201.005026698E-03
-57.280000E-06,-2.612E-09
-57.272000E-06,-201.005024085E-03
-57.264000E-06,-2.613E-09
-57.256000E-06,+0.0E+00
-57.248000E-06,-201.005024085E-03
-57.240000E-06,-201.005026698E-03
-57.232000E-06,-2.613E-09
-57.224000E-06,+0.0E+00
-57.216000E-06,-201.005024085E-03
-57.208000E-06,-201.005026698E-03
-57.200000E-06,-201.005026698E-03
-57.192000E-06,-2.613E-09
-57.184000E-06,-201.005024085E-03
-57.176000E-06,-2.613E-09
-57.168000E-06,-201.005024085E-03
-57.160000E-06,-201.005026698E-03
-57.152000E-06,-201.005026698E-03
-57.144000E-06,-201.005026698E-03
-57.136000E-06,-2.613E-09
-57.128000E-06,-201.005024085E-03
-57.120000E-06,-2.613E-09
-57.112000E-06,+0.0E+00
-57.104000E-06,-201.005024084E-03
-57.096000E-06,-201.005026698E-03
-57.088000E-06,-201.005026698E-03
-57.080000E-06,-2.614E-09
-57.072000E-06,-201.005024084E-03
-57.064000E-06,-201.005026698E-03
-57.056000E-06,-201.005026698E-03
-57.048000E-06,-2.615E-09
-57.040000E-06,-201.005024083E-03
-57.032000E-06,-2.615E-09
-57.024000E-06,-201.005024083E-03
-57.016000E-06,-201.005026698E-03
-57.008000E-06,-201.005026698E-03
-57.000000E-06,-201.005026698E-03
-56.992000E-06,-201.005026698E-03
-56.984000E-06,-2.615E-09
-56.976000E-06,-201.005024083E-03
-56.968000E-06,-2.615E-09
-56.960000E-06,+0.0E+00
-56.952000E-06,+0.0E+00
-56.944000E-06,-201.005024082E-03
-56.936000E-06,-201.005026698E-03
-56.928000E-06,-201.005026698E-03
-56.920000E-06,-201.005026698E-03
-56.912000E-06,-2.616E-09
-56.904000E-06,-201.005024082E-03
-56.896000E-06,-201.005026698E-03
-56.888000E-06,-201.005026698E-03
-56.880000E-06,-201.005026698E-03
-56.872000E-06,-2.616E-09
-56.864000E-06,-201.005024082E-03
-56.856000E-06,-201.005026698E-03
-56.848000E-06,-201.005026698E-03
-56.840000E-06,-201.005026698E-03
-56.832000E-06,-201.005026698E-03
-56.824000E-06,-201.005026698E-03
-56.816000E-06,-201.005026698E-03
-56.808000E-06,-201.005026698E-03
-56.800000E-06,-201.005026698E-03
-56.792000E-06,-201.005026698E-03
-56.784000E-06,-201.005026698E-03
-56.776000E-06,-201.005026698E-03
-56.768000E-06,-2.617E-09
-56.760000E-06,+0.0E+00
-56.752000E-06,-201.005024081E-03
-56.744000E-06,-201.005026698E-03
-56.736000E-06,-201.005026698E-03
-56.728000E-06,-201.005026698E-03
-56.720000E-06,-201.005026698E-03
-56.712000E-06,-201.005026698E-03
-56.704000E-06,-201.005026698E-03
-56.696000E-06,-201.005026698E-03
-56.688000E-06,-201.005026698E-03
-56.680000E-06,-2.618E-09
-56.672000E-06,-201.005024080E-03
-56.664000E-06,-201.005026698E-03
-56.656000E-06,-201.005026698E-03
-56.648000E-06,-201.005026698E-03
-56.640000E-06,-201.005026698E-03
-56.632000E-06,-2.618E-09
-56.624000E-06,-201.005024080E-03
-56.616000E-06,-201.005026698E-03
-56.608000E-06,-201.005026698E-03
-56.600000E-06,-201.005026698E-03
-56.592000E-06,-2.619E-09
-56.584000E-06,-201.005024079E-03
-56.576000E-06,-201.005026698E-03
-56.568000E-06,-201.005026698E-03
-56.560000E-06,-201.005026698E-03
-56.552000E-06,-201.005026698E-03
-56.544000E-06,-2.619E-09
-56.536000E-06,+0.0E+00
-56.528000E-06,-201.005024079E-03
-56.520000E-06,-201.005026698E-03
-56.512000E-06,-201.005026698E-03
-56.504000E-06,-201.005026698E-03
-56.496000E-06,-2.619E-09
-56.488000E-06,-201.005024079E-03
-56.480000E-06,-2.619E-09
-56.472000E-06,+0.0E+00
-56.464000E-06,-402.010048158E-03
-56.456000E-06,-5.239E-09
-56.448000E-06,-201.005024079E-03
-56.440000E-06,-201.005026698E-03
-56.432000E-06,-2.620E-09
-56.424000E-06,+0.0E+00
-56.416000E-06,-201.005024078E-03
-56.408000E-06,-201.005026698E-03
-56.400000E-06,-201.005026698E-03
-56.392000E-06,-201.005026698E-03
-56.384000E-06,-201.005026698E-03
-56.376000E-06,-201.005026698E-03
-56.368000E-06,-2.621E-09
-56.360000E-06,-201.005024077E-03
-56.352000E-06,-2.621E-09
-56.344000E-06,+0.0E+00
-56.336000E-06,-201.005024077E-03
-56.328000E-06,-201.005026698E-03
-56.320000E-06,-201.005026698E-03
-56.312000E-06,-201.005026698E-03
-56.304000E-06,-2.621E-09
-56.296000E-06,-201.005024077E-03
-56.288000E-06,-2.621E-09
-56.280000E-06,-201.005024077E-03
-56.272000E-06,-2.622E-09
-56.264000E-06,-201.005024077E-03
-56.256000E-06,-201.005026698E-03
-56.248000E-06,-2.622E-09
-56.240000E-06,+0.0E+00
-56.232000E-06,+0.0E+00
-56.224000E-06,+0.0E+00
-56.216000E-06,-201.005024077E-03
-56.208000E-06,-201.005026698E-03
-56.200000E-06,-201.005026698E-03
-56.192000E-06,-201.005026698E-03
-56.184000E-06,-201.005026698E-03
-56.176000E-06,-201.005026698E-03
-56.168000E-06,-201.005026698E-03
-56.160000E-06,-201.005026698E-03
-56.152000E-06,-201.005026698E-03
-56.144000E-06,-201.005026698E-03
-56.136000E-06,-201.005026698E-03
-56.128000E-06,-201.005026698E-03
-56.120000E-06,-201.005026698E-03
-56.112000E-06,-2.622E-09
-56.104000E-06,+0.0E+00
-56.096000E-06,-201.005024075E-03
-56.088000E-06,-201.005026698E-03
-56.080000E-06,-201.005026698E-03
-56.072000E-06,-201.005026698E-03
-56.064000E-06,-201.005026698E-03
-56.056000E-06,-2.623E-09
-56.048000E-06,-201.005024075E-03
-56.040000E-06,-2.624E-09
-56.032000E-06,-201.005024074E-03
-56.024000E-06,-201.005026698E-03
-56.016000E-06,-402.010050772E-03
-56.008000E-06,-201.005029322E-03
-56.000000E-06,-201.005026698E-03
-55.992000E-06,-201.005026698E-03
-55.984000E-06,-201.005026698E-03
-55.976000E-06,-201.005026698E-03
-55.968000E-06,-201.005026698E-03
-55.960000E-06,-201.005026698E-03
-55.952000E-06,-201.005026698E-03
-55.944000E-06,-2.624E-09
-55.936000E-06,-201.005024074E-03
-55.928000E-06,-201.005026698E-03
-55.920000E-06,-201.005026698E-03
-55.912000E-06,-201.005026698E-03
-55.904000E-06,-201.005026698E-03
-55.896000E-06,-201.005026698E-03
-55.888000E-06,-201.005026698E-03
-55.880000E-06,-201.005026698E-03
-55.872000E-06,-201.005026698E-03
-55.864000E-06,-201.005026698E-03
-55.856000E-06,-201.005026698E-03
-55.848000E-06,-201.005026698E-03
-55.840000E-06,-201.005026698E-03
-55.832000E-06,-201.005026698E-03
-55.824000E-06,-201.005026698E-03
-55.816000E-06,-201.005026698E-03
-55.808000E-06,-201.005026698E-03
-55.800000E-06,-201.005026698E-03
-55.792000E-06,-201.005026698E-03
-55.784000E-06,-201.005026698E-03
-55.776000E-06,-201.005026698E-03
-55.768000E-06,-201.005026698E-03
-55.760000E-06,-201.005026698E-03
-55.752000E-06,-2.626E-09
-55.744000E-06,-201.005024072E-03
-55.736000E-06,-201.005026698E-03
-55.728000E-06,-201.005026698E-03
-55.720000E-06,-201.005026698E-03
-55.712000E-06,-201.005026698E-03
-55.704000E-06,-201.005026698E-03
-55.696000E-06,-201.005026698E-03
-55.688000E-06,-201.005026698E-03
-55.680000E-06,-201.005026698E-03
-55.672000E-06,-201.005026698E-03
-55.664000E-06,-201.005026698E-03
-55.656000E-06,-201.005026698E-03
-55.648000E-06,-201.005026698E-03
-55.640000E-06,-201.005026698E-03
-55.632000E-06,-201.005026698E-03
-55.624000E-06,-201.005026698E-03
-55.616000E-06,-201.005026698E-03
-55.608000E-06,-201.005026698E-03
-55.600000E-06,-201.005026698E-03
-55.592000E-06,-201.005026698E-03
-55.584000E-06,-201.005026698E-03
-55.576000E-06,-201.005026698E-03
-55.568000E-06,-201.005026698E-03
-55.560000E-06,-201.005026698E-03
-55.552000E-06,-201.005026698E-03
-55.544000E-06,-201.005026698E-03
-55.536000E-06,-201.005026698E-03
-55.528000E-06,-201.005026698E-03
-55.520000E-06,-201.005026698E-03
-55.512000E-06,-201.005026698E-03
-55.504000E-06,-201.005026698E-03
-55.496000E-06,-201.005026698E-03
-55.488000E-06,-201.005026698E-03
-55.480000E-06,-201.005026698E-03
-55.472000E-06,-201.005026698E-03
-55.464000E-06,-201.005026698E-03
-55.456000E-06,-201.005026698E-03
-55.448000E-06,-201.005026698E-03
-55.440000E-06,-201.005026698E-03
-55.432000E-06,-201.005026698E-03
-55.424000E-06,-201.005026698E-03
-55.416000E-06,-201.005026698E-03
-55.408000E-06,-201.005026698E-03
-55.400000E-06,-201.005026698E-03
-55.392000E-06,-201.005026698E-03
-55.384000E-06,-201.005026698E-03
-55.376000E-06,-201.005026698E-03
-55.368000E-06,-201.005026698E-03
-55.360000E-06,-201.005026698E-03
-55.352000E-06,-201.005026698E-03
-55.344000E-06,-201.005026698E-03
-55.336000E-06,-201.005026698E-03
-55.328000E-06,-201.005026698E-03
-55.320000E-06,-201.005026698E-03
-55.312000E-06,-201.005026698E-03
-55.304000E-06,-201.005026698E-03
-55.296000E-06,-201.005026698E-03
-55.288000E-06,-2.630E-09
-55.280000E-06,-201.005024069E-03
-55.272000E-06,-201.005026698E-03
-55.264000E-06,-201.005026698E-03
-55.256000E-06,-402.010050766E-03
-55.248000E-06,-201.005029328E-03
-55.240000E-06,-201.005026698E-03
-55.232000E-06,-201.005026698E-03
-55.224000E-06,-201.005026698E-03
-55.216000E-06,-201.005026698E-03
-55.208000E-06,-201.005026698E-03
-55.200000E-06,-201.005026698E-03
-55.192000E-06,-201.005026698E-03
-55.184000E-06,-201.005026698E-03
-55.176000E-06,-201.005026698E-03
-55.168000E-06,-201.005026698E-03
-55.160000E-06,-201.005026698E-03
-55.152000E-06,-201.005026698E-03
-55.144000E-06,-201.005026698E-03
-55.136000E-06,-201.005026698E-03
-55.128000E-06,-201.005026698E-03
-55.120000E-06,-201.005026698E-03
-55.112000E-06,-201.005026698E-03
-55.104000E-06,-201.005026698E-03
-55.096000E-06,-201.005026698E-03
-55.088000E-06,-201.005026698E-03
-55.080000E-06,-201.005026698E-03
-55.072000E-06,-402.010050764E-03
-55.064000E-06,-201.005029330E-03
-55.056000E-06,-201.005026698E-03
-55.048000E-06,-402.010050764E-03
-55.040000E-06,-201.005029331E-03
-55.032000E-06,-201.005026698E-03
-55.024000E-06,-402.010050764E-03
-55.016000E-06,-201.005029331E-03
-55.008000E-06,-201.005026698E-03
-55.000000E-06,-201.005026698E-03
-54.992000E-06,-201.005026698E-03
-54.984000E-06,-201.005026698E-03
-54.976000E-06,-201.005026698E-03
-54.968000E-06,-201.005026698E-03
-54.960000E-06,-201.005026698E-03
-54.952000E-06,-402.010050764E-03
-54.944000E-06,-402.010053396E-03
-54.936000E-06,-201.005029331E-03
-54.928000E-06,-201.005026698E-03
-54.920000E-06,-201.005026698E-03
-54.912000E-06,-201.005026698E-03
-54.904000E-06,-201.005026698E-03
-54.896000E-06,-201.005026698E-03
-54.888000E-06,-2.633E-09
-54.880000E-06,-201.005024065E-03
-54.872000E-06,-402.010050762E-03
-54.864000E-06,-201.005029332E-03
-54.856000E-06,-402.010050762E-03
-54.848000E-06,-201.005029332E-03
-54.840000E-06,-201.005026698E-03
-54.832000E-06,-201.005026698E-03
-54.824000E-06,-201.005026698E-03
-54.816000E-06,-201.005026698E-03
-54.808000E-06,-201.005026698E-03
-54.800000E-06,-402.010050762E-03
-54.792000E-06,-201.005029332E-03
-54.784000E-06,-201.005026698E-03
-54.776000E-06,-201.005026698E-03
-54.768000E-06,-201.005026698E-03
-54.760000E-06,-201.005026698E-03
-54.752000E-06,-201.005026698E-03
-54.744000E-06,-201.005026698E-03
-54.736000E-06,-201.005026698E-03
-54.728000E-06,-201.005026698E-03
-54.720000E-06,-201.005026698E-03
-54.712000E-06,-402.010050762E-03
-54.704000E-06,-201.005029334E-03
-54.696000E-06,-201.005026698E-03
-54.688000E-06,-201.005026698E-03
-54.680000E-06,-201.005026698E-03
-54.672000E-06,-201.005026698E-03
-54.664000E-06,-201.005026698E-03
-54.656000E-06,-201.005026698E-03
-54.648000E-06,-201.005026698E-03
-54.640000E-06,-201.005026698E-03
-54.632000E-06,-201.005026698E-03
-54.624000E-06,-201.005026698E-03
-54.616000E-06,-201.005026698E-03
-54.608000E-06,-201.005026698E-03
-54.600000E-06,-201.005026698E-03
-54.592000E-06,-201.005026698E-03
-54.584000E-06,-201.005026698E-03
-54.576000E-06,-201.005026698E-03
-54.568000E-06,-201.005026698E-03
-54.560000E-06,-201.005026698E-03
-54.552000E-06,-402.010050760E-03
-54.544000E-06,-201.005029334E-03
-54.536000E-06,-201.005026698E-03
-54.528000E-06,-201.005026698E-03
-54.520000E-06,-201.005026698E-03
-54.512000E-06,-201.005026698E-03
-54.504000E-06,-201.005026698E-03
-54.496000E-06,-201.005026698E-03
-54.488000E-06,-201.005026698E-03
-54.480000E-06,-402.010050759E-03
-54.472000E-06,-402.010053396E-03
-54.464000E-06,-201.005029335E-03
-54.456000E-06,-201.005026698E-03
-54.448000E-06,-201.005026698E-03
-54.440000E-06,-402.010050759E-03
-54.432000E-06,-201.005029336E-03
-54.424000E-06,-201.005026698E-03
-54.416000E-06,-402.010050759E-03
-54.408000E-06,-201.005029336E-03
-54.400000E-06,-201.005026698E-03
-54.392000E-06,-201.005026698E-03
-54.384000E-06,-201.005026698E-03
-54.376000E-06,-201.005026698E-03
-54.368000E-06,-402.010050758E-03
-54.360000E-06,-201.005029336E-03
-54.352000E-06,-201.005026698E-03
-54.344000E-06,-201.005026698E-03
-54.336000E-06,-201.005026698E-03
-54.328000E-06,-201.005026698E-03
-54.320000E-06,-201.005026698E-03
-54.312000E-06,-201.005026698E-03
-54.304000E-06,-201.005026698E-03
-54.296000E-06,-201.005026698E-03
-54.288000E-06,-402.010050758E-03
-54.280000E-06,-201.005029336E-03
-54.272000E-06,-201.005026698E-03
-54.264000E-06,-201.005026698E-03
-54.256000E-06,-201.005026698E-03
-54.248000E-06,-201.005026698E-03
-54.240000E-06,-402.010050757E-03
-54.232000E-06,-201.005029337E-03
-54.224000E-06,-201.005026698E-03
-54.216000E-06,-201.005026698E-03
-54.208000E-06,-201.005026698E-03
-54.200000E-06,-201.005026698E-03
-54.192000E-06,-201.005026698E-03
-54.184000E-06,-201.005026698E-03
-54.176000E-06,-201.005026698E-03
-54.168000E-06,-402.010050756E-03
-54.160000E-06,-201.005029338E-03
-54.152000E-06,-201.005026698E-03
-54.144000E-06,-201.005026698E-03
-54.136000E-06,-201.005026698E-03
-54.128000E-06,-201.005026698E-03
-54.120000E-06,-201.005026698E-03
-54.112000E-06,-201.005026698E-03
-54.104000E-06,-201.005026698E-03
-54.096000E-06,-201.005026698E-03
-54.088000E-06,-201.005026698E-03
-54.080000E-06,-201.005026698E-03
-54.072000E-06,-201.005026698E-03
-54.064000E-06,-201.005026698E-03
-54.056000E-06,-201.005026698E-03
-54.048000E-06,-402.010050756E-03
-54.040000E-06,-201.005029339E-03
-54.032000E-06,-201.005026698E-03
-54.024000E-06,-201.005026698E-03
-54.016000E-06,-201.005026698E-03
-54.008000E-06,-201.005026698E-03
-54.000000E-06,-402.010050755E-03
-53.992000E-06,-402.010053396E-03
-53.984000E-06,-201.005029339E-03
-53.976000E-06,-201.005026698E-03
-53.968000E-06,-201.005026698E-03
-53.960000E-06,-201.005026698E-03
-53.952000E-06,-201.005026698E-03
-53.944000E-06,-402.010050755E-03
-53.936000E-06,-201.005029340E-03
-53.928000E-06,-201.005026698E-03
-53.920000E-06,-201.005026698E-03
-53.912000E-06,-201.005026698E-03
-53.904000E-06,-201.005026698E-03
-53.896000E-06,-201.005026698E-03
-53.888000E-06,-201.005026698E-03
-53.880000E-06,-201.005026698E-03
-53.872000E-06,-201.005026698E-03
-53.864000E-06,-201.005026698E-03
-53.856000E-06,-201.005026698E-03
-53.848000E-06,-201.005026698E-03
-53.840000E-06,-402.010050753E-03
-53.832000E-06,-402.010053396E-03
-53.824000E-06,-402.010053396E-03
-53.816000E-06,-201.005029341E-03
-53.808000E-06,-201.005026698E-03
-53.800000E-06,-201.005026698E-03
-53.792000E-06,-201.005026698E-03
-53.784000E-06,-201.005026698E-03
-53.776000E-06,-201.005026698E-03
-53.768000E-06,-201.005026698E-03
-53.760000E-06,-201.005026698E-03
-53.752000E-06,-201.005026698E-03
-53.744000E-06,-201.005026698E-03
-53.736000E-06,-201.005026698E-03
-53.728000E-06,-201.005026698E-03
-53.720000E-06,-201.005026698E-03
-53.712000E-06,-201.005026698E-03
-53.704000E-06,-201.005026698E-03
-53.696000E-06,-201.005026698E-03
-53.688000E-06,-201.005026698E-03
-53.680000E-06,-201.005026698E-03
-53.672000E-06,-201.005026698E-03
-53.664000E-06,-201.005026698E-03
-53.656000E-06,-201.005026698E-03
-53.648000E-06,-402.010050752E-03
-53.640000E-06,-201.005029342E-03
-53.632000E-06,-201.005026698E-03
-53.624000E-06,-201.005026698E-03
-53.616000E-06,-201.005026698E-03
-53.608000E-06,-201.005026698E-03
-53.600000E-06,-201.005026698E-03
-53.592000E-06,-201.005026698E-03
-53.584000E-06,-201.005026698E-03
-53.576000E-06,-201.005026698E-03
-53.568000E-06,-402.010050751E-03
-53.560000E-06,-201.005029343E-03
-53.552000E-06,-201.005026698E-03
-53.544000E-06,-201.005026698E-03
-53.536000E-06,-201.005026698E-03
-53.528000E-06,-201.005026698E-03
-53.520000E-06,-201.005026698E-03
-53.512000E-06,-201.005026698E-03
-53.504000E-06,-402.010050751E-03
-53.496000E-06,-201.005029344E-03
-53.488000E-06,-201.005026698E-03
-53.480000E-06,-201.005026698E-03
-53.472000E-06,-201.005026698E-03
-53.464000E-06,-402.010050751E-03
-53.456000E-06,-201.005029344E-03
-53.448000E-06,-402.010050751E-03
-53.440000E-06,-201.005029344E-03
-53.432000E-06,-201.005026698E-03
-53.424000E-06,-201.005026698E-03
-53.416000E-06,-402.010050750E-03
-53.408000E-06,-201.005029345E-03
-53.400000E-06,-201.005026698E-03
-53.392000E-06,-402.010050750E-03
-53.384000E-06,-201.005029345E-03
-53.376000E-06,-201.005026698E-03
-53.368000E-06,-201.005026698E-03
-53.360000E-06,-201.005026698E-03
-53.352000E-06,-201.005026698E-03
-53.344000E-06,-402.010050749E-03
-53.336000E-06,-402.010053396E-03
-53.328000E-06,-201.005029345E-03
-53.320000E-06,-201.005026698E-03
-53.312000E-06,-201.005026698E-03
-53.304000E-06,-201.005026698E-03
-53.296000E-06,-201.005026698E-03
-53.288000E-06,-201.005026698E-03
-53.280000E-06,-201.005026698E-03
-53.272000E-06,-402.010050749E-03
-53.264000E-06,-201.005029346E-03
-53.256000E-06,-201.005026698E-03
-53.248000E-06,-201.005026698E-03
-53.240000E-06,-201.005026698E-03
-53.232000E-06,-201.005026698E-03
-53.224000E-06,-201.005026698E-03
-53.216000E-06,-201.005026698E-03
-53.208000E-06,-201.005026698E-03
-53.200000E-06,-201.005026698E-03
-53.192000E-06,-201.005026698E-03
-53.184000E-06,-201.005026698E-03
-53.176000E-06,-201.005026698E-03
-53.168000E-06,-201.005026698E-03
-53.160000E-06,-201.005026698E-03
-53.152000E-06,-201.005026698E-03
-53.144000E-06,-201.005026698E-03
-53.136000E-06,-201.005026698E-03
-53.128000E-06,-201.005026698E-03
-53.120000E-06,-201.005026698E-03
-53.112000E-06,-402.010050748E-03
-53.104000E-06,-201.005029347E-03
-53.096000E-06,-201.005026698E-03
-53.088000E-06,-402.010050747E-03
-53.080000E-06,-402.010053396E-03
-53.072000E-06,-201.005029347E-03
-53.064000E-06,-201.005026698E-03
-53.056000E-06,-201.005026698E-03
-53.048000E-06,-402.010050747E-03
-53.040000E-06,-201.005029347E-03
-53.032000E-06,-201.005026698E-03
-53.024000E-06,-201.005026698E-03
-53.016000E-06,-201.005026698E-03
-53.008000E-06,-402.010050746E-03
-53.000000E-06,-201.005029348E-03
-52.992000E-06,-402.010050746E-03
-52.984000E-06,-201.005029348E-03
-52.976000E-06,-201.005026698E-03
-52.968000E-06,-201.005026698E-03
-52.960000E-06,-201.005026698E-03
-52.952000E-06,-201.005026698E-03
-52.944000E-06,-201.005026698E-03
-52.936000E-06,-201.005026698E-03
-52.928000E-06,-201.005026698E-03
-52.920000E-06,-201.005026698E-03
-52.912000E-06,-201.005026698E-03
-52.904000E-06,-201.005026698E-03
-52.896000E-06,-201.005026698E-03
-52.888000E-06,-402.010050745E-03
-52.880000E-06,-201.005029349E-03
-52.872000E-06,-201.005026698E-03
-52.864000E-06,-201.005026698E-03
-52.856000E-06,-402.010050745E-03
-52.848000E-06,-201.005029350E-03
-52.840000E-06,-402.010050745E-03
-52.832000E-06,-201.005029350E-03
-52.824000E-06,-201.005026698E-03
-52.816000E-06,-201.005026698E-03
-52.808000E-06,-402.010050745E-03
-52.800000E-06,-402.010053396E-03
-52.792000E-06,-201.005029350E-03
-52.784000E-06,-201.005026698E-03
-52.776000E-06,-201.005026698E-03
-52.768000E-06,-402.010050745E-03
-52.760000E-06,-201.005029350E-03
-52.752000E-06,-402.010050744E-03
-52.744000E-06,-201.005029350E-03
-52.736000E-06,-201.005026698E-03
-52.728000E-06,-201.005026698E-03
-52.720000E-06,-402.010050744E-03
-52.712000E-06,-201.005029350E-03
-52.704000E-06,-201.005026698E-03
-52.696000E-06,-201.005026698E-03
-52.688000E-06,-201.005026698E-03
-52.680000E-06,-201.005026698E-03
-52.672000E-06,-201.005026698E-03
-52.664000E-06,-201.005026698E-03
-52.656000E-06,-201.005026698E-03
-52.648000E-06,-402.010050743E-03
-52.640000E-06,-201.005029351E-03
-52.632000E-06,-201.005026698E-03
-52.624000E-06,-201.005026698E-03
-52.616000E-06,-201.005026698E-03
-52.608000E-06,-201.005026698E-03
-52.600000E-06,-201.005026698E-03
-52.592000E-06,-201.005026698E-03
-52.584000E-06,-201.005026698E-03
-52.576000E-06,-402.010050743E-03
-52.568000E-06,-201.005029352E-03
-52.560000E-06,-201.005026698E-03
-52.552000E-06,-201.005026698E-03
-52.544000E-06,-201.005026698E-03
-52.536000E-06,-201.005026698E-03
-52.528000E-06,-201.005026698E-03
-52.520000E-06,-201.005026698E-03
-52.512000E-06,-201.005026698E-03
-52.504000E-06,-201.005026698E-03
-52.496000E-06,-201.005026698E-03
-52.488000E-06,-402.010050742E-03
-52.480000E-06,-402.010053396E-03
-52.472000E-06,-201.005029353E-03
-52.464000E-06,-402.010050742E-03
-52.456000E-06,-402.010053396E-03
-52.448000E-06,-201.005029353E-03
-52.440000E-06,-402.010050742E-03
-52.432000E-06,-201.005029353E-03
-52.424000E-06,-201.005026698E-03
-52.416000E-06,-402.010050741E-03
-52.408000E-06,-402.010053396E-03
-52.400000E-06,-201.005029353E-03
-52.392000E-06,-402.010050741E-03
-52.384000E-06,-402.010053396E-03
-52.376000E-06,-201.005029353E-03
-52.368000E-06,-201.005026698E-03
-52.360000E-06,-402.010050740E-03
-52.352000E-06,-201.005029354E-03
-52.344000E-06,-201.005026698E-03
-52.336000E-06,-201.005026698E-03
-52.328000E-06,-201.005026698E-03
-52.320000E-06,-402.010050740E-03
-52.312000E-06,-402.010053396E-03
-52.304000E-06,-201.005029354E-03
-52.296000E-06,-402.010050740E-03
-52.288000E-06,-201.005029354E-03
-52.280000E-06,-402.010050740E-03
-52.272000E-06,-201.005029354E-03
-52.264000E-06,-201.005026698E-03
-52.256000E-06,-201.005026698E-03
-52.248000E-06,-201.005026698E-03
-52.240000E-06,-201.005026698E-03
-52.232000E-06,-402.010050740E-03
-52.224000E-06,-402.010053396E-03
-52.216000E-06,-201.005029355E-03
-52.208000E-06,-402.010050740E-03
-52.200000E-06,-201.005029355E-03
-52.192000E-06,-201.005026698E-03
-52.184000E-06,-402.010050739E-03
-52.176000E-06,-201.005029355E-03
-52.168000E-06,-201.005026698E-03
-52.160000E-06,-201.005026698E-03
-52.152000E-06,-402.010050739E-03
-52.144000E-06,-402.010053396E-03
-52.136000E-06,-201.005029355E-03
-52.128000E-06,-201.005026698E-03
-52.120000E-06,-201.005026698E-03
-52.112000E-06,-201.005026698E-03
-52.104000E-06,-402.010050739E-03
-52.096000E-06,-201.005029356E-03
-52.088000E-06,-201.005026698E-03
-52.080000E-06,-402.010050738E-03
-52.072000E-06,-201.005029356E-03
-52.064000E-06,-402.010050738E-03
-52.056000E-06,-201.005029356E-03
-52.048000E-06,-402.010050738E-03
-52.040000E-06,-201.005029356E-03
-52.032000E-06,-402.010050737E-03
-52.024000E-06,-201.005029357E-03
-52.016000E-06,-402.010050737E-03
-52.008000E-06,-201.005029357E-03
-52.000000E-06,-402.010050737E-03
-51.992000E-06,-201.005029357E-03
-51.984000E-06,-402.010050737E-03
-51.976000E-06,-402.010053396E-03
-51.968000E-06,-402.010053396E-03
-51.960000E-06,-201.005029357E-03
-51.952000E-06,-402.010050737E-03
-51.944000E-06,-201.005029357E-03
-51.936000E-06,-201.005026698E-03
-51.928000E-06,-402.010050737E-03
-51.920000E-06,-402.010053396E-03
-51.912000E-06,-402.010053396E-03
-51.904000E-06,-402.010053396E-03
-51.896000E-06,-402.010053396E-03
-51.888000E-06,-201.005029358E-03
-51.880000E-06,-402.010050737E-03
-51.872000E-06,-402.010053396E-03
-51.864000E-06,-201.005029358E-03
-51.856000E-06,-402.010050736E-03
-51.848000E-06,-402.010053396E-03
-51.840000E-06,-402.010053396E-03
-51.832000E-06,-402.010053396E-03
-51.824000E-06,-201.005029358E-03
-51.816000E-06,-402.010050736E-03
-51.808000E-06,-201.005029358E-03
-51.800000E-06,-201.005026698E-03
-51.792000E-06,-402.010050736E-03
-51.784000E-06,-402.010053396E-03
-51.776000E-06,-201.005029358E-03
-51.768000E-06,-402.010050736E-03
-51.760000E-06,-201.005029359E-03
-51.752000E-06,-201.005026698E-03
-51.744000E-06,-402.010050735E-03
-51.736000E-06,-402.010053396E-03
-51.728000E-06,-402.010053396E-03
-51.720000E-06,-402.010053396E-03
-51.712000E-06,-201.005029359E-03
-51.704000E-06,-201.005026698E-03
-51.696000E-06,-201.005026698E-03
-51.688000E-06,-201.005026698E-03
-51.680000E-06,-201.005026698E-03
-51.672000E-06,-201.005026698E-03
-51.664000E-06,-402.010050734E-03
-51.656000E-06,-402.010053396E-03
-51.648000E-06,-201.005029360E-03
-51.640000E-06,-201.005026698E-03
-51.632000E-06,-402.010050734E-03
-51.624000E-06,-402.010053396E-03
-51.616000E-06,-402.010053396E-03
-51.608000E-06,-402.010053396E-03
-51.600000E-06,-201.005029360E-03
-51.592000E-06,-201.005026698E-03
-51.584000E-06,-402.010050734E-03
-51.576000E-06,-201.005029361E-03
-51.568000E-06,-201.005026698E-03
-51.560000E-06,-201.005026698E-03
-51.552000E-06,-201.005026698E-03
-51.544000E-06,-402.010050734E-03
-51.536000E-06,-201.005029361E-03
-51.528000E-06,-201.005026698E-03
-51.520000E-06,-201.005026698E-03
-51.512000E-06,-201.005026698E-03
-51.504000E-06,-402.010050733E-03
-51.496000E-06,-201.005029361E-03
-51.488000E-06,-201.005026698E-03
-51.480000E-06,-201.005026698E-03
-51.472000E-06,-201.005026698E-03
-51.464000E-06,-402.010050733E-03
-51.456000E-06,-402.010053396E-03
-51.448000E-06,-201.005029361E-03
-51.440000E-06,-201.005026698E-03
-51.432000E-06,-201.005026698E-03
-51.424000E-06,-201.005026698E-03
-51.416000E-06,-402.010050732E-03
-51.408000E-06,-402.010053396E-03
-51.400000E-06,-201.005029362E-03
-51.392000E-06,-402.010050732E-03
-51.384000E-06,-402.010053396E-03
-51.376000E-06,-402.010053396E-03
-51.368000E-06,-201.005029362E-03
-51.360000E-06,-201.005026698E-03
-51.352000E-06,-201.005026698E-03
-51.344000E-06,-201.005026698E-03
-51.336000E-06,-402.010050732E-03
-51.328000E-06,-402.010053396E-03
-51.320000E-06,-201.005029363E-03
-51.312000E-06,-201.005026698E-03
-51.304000E-06,-201.005026698E-03
-51.296000E-06,-201.005026698E-03
-51.288000E-06,-402.010050732E-03
-51.280000E-06,-402.010053396E-03
-51.272000E-06,-201.005029363E-03
-51.264000E-06,-201.005026698E-03
-51.256000E-06,-402.010050731E-03
-51.248000E-06,-201.005029364E-03
-51.240000E-06,-201.005026698E-03
-51.232000E-06,-402.010050731E-03
-51.224000E-06,-201.005029364E-03
-51.216000E-06,-402.010050731E-03
-51.208000E-06,-201.005029364E-03
-51.200000E-06,-201.005026698E-03
-51.192000E-06,-201.005026698E-03
-51.184000E-06,-402.010050730E-03
-51.176000E-06,-201.005029364E-03
-51.168000E-06,-201.005026698E-03
-51.160000E-06,-201.005026698E-03
-51.152000E-06,-402.010050730E-03
-51.144000E-06,-201.005029364E-03
-51.136000E-06,-402.010050730E-03
-51.128000E-06,-201.005029364E-03
-51.120000E-06,-201.005026698E-03
-51.112000E-06,-402.010050730E-03
-51.104000E-06,-201.005029364E-03
-51.096000E-06,-201.005026698E-03
-51.088000E-06,-201.005026698E-03
-51.080000E-06,-201.005026698E-03
-51.072000E-06,-402.010050729E-03
-51.064000E-06,-402.010053396E-03
-51.056000E-06,-402.010053396E-03
-51.048000E-06,-201.005029365E-03
-51.040000E-06,-201.005026698E-03
-51.032000E-06,-201.005026698E-03
-51.024000E-06,-402.010050729E-03
-51.016000E-06,-201.005029366E-03
-51.008000E-06,-201.005026698E-03
-51.000000E-06,-201.005026698E-03
-50.992000E-06,-201.005026698E-03
-50.984000E-06,-402.010050729E-03
-50.976000E-06,-201.005029366E-03
-50.968000E-06,-201.005026698E-03
-50.960000E-06,-402.010050729E-03
-50.952000E-06,-402.010053396E-03
-50.944000E-06,-402.010053396E-03
-50.936000E-06,-201.005029366E-03
-50.928000E-06,-402.010050728E-03
-50.920000E-06,-402.010053396E-03
-50.912000E-06,-201.005029366E-03
-50.904000E-06,-201.005026698E-03
-50.896000E-06,-201.005026698E-03
-50.888000E-06,-201.005026698E-03
-50.880000E-06,-201.005026698E-03
-50.872000E-06,-402.010050728E-03
-50.864000E-06,-201.005029367E-03
-50.856000E-06,-201.005026698E-03
-50.848000E-06,-201.005026698E-03
-50.840000E-06,-201.005026698E-03
-50.832000E-06,-201.005026698E-03
-50.824000E-06,-402.010050727E-03
-50.816000E-06,-201.005029367E-03
-50.808000E-06,-201.005026698E-03
-50.800000E-06,-201.005026698E-03
-50.792000E-06,-402.010050727E-03
-50.784000E-06,-402.010053396E-03
-50.776000E-06,-201.005029367E-03
-50.768000E-06,-402.010050727E-03
-50.760000E-06,-201.005029368E-03
-50.752000E-06,-402.010050726E-03
-50.744000E-06,-201.005029368E-03
-50.736000E-06,-402.010050726E-03
-50.728000E-06,-201.005029368E-03
-50.720000E-06,-201.005026698E-03
-50.712000E-06,-402.010050726E-03
-50.704000E-06,-201.005029368E-03
-50.696000E-06,-201.005026698E-03
-50.688000E-06,-201.005026698E-03
-50.680000E-06,-402.010050726E-03
-50.672000E-06,-201.005029369E-03
-50.664000E-06,-201.005026698E-03
-50.656000E-06,-201.005026698E-03
-50.648000E-06,-201.005026698E-03
-50.640000E-06,-402.010050726E-03
-50.632000E-06,-402.010053396E-03
-50.624000E-06,-201.005029369E-03
-50.616000E-06,-402.010050726E-03
-50.608000E-06,-201.005029369E-03
-50.600000E-06,-402.010050726E-03
-50.592000E-06,-402.010053396E-03
-50.584000E-06,-201.005029369E-03
-50.576000E-06,-201.005026698E-03
-50.568000E-06,-201.005026698E-03
-50.560000E-06,-201.005026698E-03
-50.552000E-06,-402.010050725E-03
-50.544000E-06,-201.005029369E-03
-50.536000E-06,-201.005026698E-03
-50.528000E-06,-201.005026698E-03
-50.520000E-06,-402.010050724E-03
-50.512000E-06,-201.005029370E-03
-50.504000E-06,-201.005026698E-03
-50.496000E-06,-402.010050724E-03
-50.488000E-06,-402.010053396E-03
-50.480000E-06,-402.010053396E-03
-50.472000E-06,-201.005029370E-03
-50.464000E-06,-402.010050724E-03
-50.456000E-06,-402.010053396E-03
-50.448000E-06,-201.005029370E-03
-50.440000E-06,-402.010050724E-03
-50.432000E-06,-201.005029370E-03
-50.424000E-06,-402.010050723E-03
-50.416000E-06,-402.010053396E-03
-50.408000E-06,-201.005029371E-03
-50.400000E-06,-201.005026698E-03
-50.392000E-06,-201.005026698E-03
-50.384000E-06,-402.010050723E-03
-50.376000E-06,-201.005029371E-03
-50.368000E-06,-201.005026698E-03
-50.360000E-06,-402.010050723E-03
-50.352000E-06,-402.010053396E-03
-50.344000E-06,-402.010053396E-03
-50.336000E-06,-402.010053396E-03
-50.328000E-06,-201.005029372E-03
-50.320000E-06,-402.010050723E-03
-50.312000E-06,-402.010053396E-03
-50.304000E-06,-402.010053396E-03
-50.296000E-06,-201.005029372E-03
-50.288000E-06,-402.010050723E-03
-50.280000E-06,-201.005029372E-03
-50.272000E-06,-201.005026698E-03
-50.264000E-06,-201.005026698E-03
-50.256000E-06,-402.010050722E-03
-50.248000E-06,-201.005029372E-03
-50.240000E-06,-402.010050722E-03
-50.232000E-06,-402.010053396E-03
-50.224000E-06,-201.005029372E-03
-50.216000E-06,-201.005026698E-03
-50.208000E-06,-201.005026698E-03
-50.200000E-06,-402.010050722E-03
-50.192000E-06,-201.005029373E-03
-50.184000E-06,-201.005026698E-03
-50.176000E-06,-402.010050721E-03
-50.168000E-06,-201.005029373E-03
-50.160000E-06,-402.010050721E-03
-50.152000E-06,-402.010053396E-03
-50.144000E-06,-402.010053396E-03
-50.136000E-06,-201.005029373E-03
-50.128000E-06,-402.010050721E-03
-50.120000E-06,-201.005029373E-03
-50.112000E-06,-402.010050721E-03
-50.104000E-06,-402.010053396E-03
-50.096000E-06,-201.005029373E-03
-50.088000E-06,-201.005026698E-03
-50.080000E-06,-201.005026698E-03
-50.072000E-06,-201.005026698E-03
-50.064000E-06,-201.005026698E-03
-50.056000E-06,-402.010050721E-03
-50.048000E-06,-201.005029374E-03
-50.040000E-06,-402.010050721E-03
-50.032000E-06,-402.010053396E-03
-50.024000E-06,-201.005029374E-03
-50.016000E-06,-201.005026698E-03
-50.008000E-06,-402.010050720E-03
-50.000000E-06,-402.010053396E-03
-49.992000E-06,-402.010053396E-03
-49.984000E-06,-402.010053396E-03
-49.976000E-06,-402.010053396E-03
-49.968000E-06,-402.010053396E-03
-49.960000E-06,-402.010053396E-03
-49.952000E-06,-402.010053396E-03
-49.944000E-06,-402.010053396E-03
-49.936000E-06,-201.005029374E-03
-49.928000E-06,-402.010050720E-03
-49.920000E-06,-201.005029375E-03
-49.912000E-06,-201.005026698E-03
-49.904000E-06,-201.005026698E-03
-49.896000E-06,-402.010050719E-03
-49.888000E-06,-201.005029375E-03
-49.880000E-06,-201.005026698E-03
-49.872000E-06,-402.010050719E-03
-49.864000E-06,-201.005029375E-03
-49.856000E-06,-201.005026698E-03
-49.848000E-06,-402.010050718E-03
-49.840000E-06,-402.010053396E-03
-49.832000E-06,-201.005029376E-03
-49.824000E-06,-201.005026698E-03
-49.816000E-06,-201.005026698E-03
-49.808000E-06,-201.005026698E-03
-49.800000E-06,-402.010050718E-03
-49.792000E-06,-201.005029376E-03
-49.784000E-06,-402.010050718E-03
-49.776000E-06,-201.005029376E-03
-49.768000E-06,-201.005026698E-03
-49.760000E-06,-201.005026698E-03
-49.752000E-06,-402.010050718E-03
-49.744000E-06,-201.005029377E-03
-49.736000E-06,-402.010050718E-03
-49.728000E-06,-402.010053396E-03
-49.720000E-06,-201.005029377E-03
-49.712000E-06,-402.010050718E-03
-49.704000E-06,-201.005029377E-03
-49.696000E-06,-201.005026698E-03
-49.688000E-06,-201.005026698E-03
-49.680000E-06,-201.005026698E-03
-49.672000E-06,-201.005026698E-03
-49.664000E-06,-402.010050717E-03
-49.656000E-06,-201.005029377E-03
-49.648000E-06,-402.010050717E-03
-49.640000E-06,-402.010053396E-03
-49.632000E-06,-201.005029377E-03
-49.624000E-06,-402.010050717E-03
-49.616000E-06,-201.005029377E-03
-49.608000E-06,-402.010050717E-03
-49.600000E-06,-201.005029377E-03
-49.592000E-06,-402.010050717E-03
-49.584000E-06,-402.010053396E-03
-49.576000E-06,-402.010053396E-03
-49.568000E-06,-402.010053396E-03
-49.560000E-06,-201.005029378E-03
-49.552000E-06,-201.005026698E-03
-49.544000E-06,-402.010050716E-03
-49.536000E-06,-201.005029378E-03
-49.528000E-06,-402.010050715E-03
-49.520000E-06,-201.005029379E-03
-49.512000E-06,-201.005026698E-03
-49.504000E-06,-402.010050715E-03
-49.496000E-06,-402.010053396E-03
-49.488000E-06,-201.005029379E-03
-49.480000E-06,-201.005026698E-03
-49.472000E-06,-201.005026698E-03
-49.464000E-06,-402.010050715E-03
-49.456000E-06,-201.005029379E-03
-49.448000E-06,-402.010050715E-03
-49.440000E-06,-201.005029379E-03
-49.432000E-06,-201.005026698E-03
-49.424000E-06,-201.005026698E-03
-49.416000E-06,-201.005026698E-03
-49.408000E-06,-201.005026698E-03
-49.400000E-06,-201.005026698E-03
-49.392000E-06,-402.010050715E-03
-49.384000E-06,-201.005029380E-03
-49.376000E-06,-402.010050715E-03
-49.368000E-06,-201.005029380E-03
-49.360000E-06,-402.010050714E-03
-49.352000E-06,-201.005029380E-03
-49.344000E-06,-402.010050714E-03
-49.336000E-06,-402.010053396E-03
-49.328000E-06,-201.005029380E-03
-49.320000E-06,-402.010050714E-03
-49.312000E-06,-402.010053396E-03
-49.304000E-06,-201.005029380E-03
-49.296000E-06,-402.010050714E-03
-49.288000E-06,-402.010053396E-03
-49.280000E-06,-402.010053396E-03
-49.272000E-06,-402.010053396E-03
-49.264000E-06,-201.005029380E-03
-49.256000E-06,-402.010050713E-03
-49.248000E-06,-201.005029381E-03
-49.240000E-06,-402.010050713E-03
-49.232000E-06,-402.010053396E-03
-49.224000E-06,-201.005029381E-03
-49.216000E-06,-402.010050713E-03
-49.208000E-06,-201.005029381E-03
-49.200000E-06,-402.010050713E-03
-49.192000E-06,-201.005029382E-03
-49.184000E-06,-402.010050713E-03
-49.176000E-06,-402.010053396E-03
-49.168000E-06,-402.010053396E-03
-49.160000E-06,-201.005029382E-03
-49.152000E-06,-402.010050713E-03
-49.144000E-06,-201.005029382E-03
-49.136000E-06,-201.005026698E-03
-49.128000E-06,-201.005026698E-03
-49.120000E-06,-201.005026698E-03
-49.112000E-06,-201.005026698E-03
-49.104000E-06,-201.005026698E-03
-49.096000E-06,-402.010050713E-03
-49.088000E-06,-402.010053396E-03
-49.080000E-06,-201.005029383E-03
-49.072000E-06,-201.005026698E-03
-49.064000E-06,-201.005026698E-03
-49.056000E-06,-402.010050712E-03
-49.048000E-06,-201.005029383E-03
-49.040000E-06,-201.005026698E-03
-49.032000E-06,-201.005026698E-03
-49.024000E-06,-402.010050711E-03
-49.016000E-06,-201.005029383E-03
-49.008000E-06,-402.010050711E-03
-49.000000E-06,-402.010053396E-03
-48.992000E-06,-402.010053396E-03
-48.984000E-06,-201.005029383E-03
-48.976000E-06,-201.005026698E-03
-48.968000E-06,-402.010050711E-03
-48.960000E-06,-402.010053396E-03
-48.952000E-06,-201.005029383E-03
-48.944000E-06,-201.005026698E-03
-48.936000E-06,-402.010050711E-03
-48.928000E-06,-201.005029383E-03
-48.920000E-06,-402.010050710E-03
-48.912000E-06,-201.005029384E-03
-48.904000E-06,-201.005026698E-03
-48.896000E-06,-201.005026698E-03
-48.888000E-06,-201.005026698E-03
-48.880000E-06,-201.005026698E-03
-48.872000E-06,-402.010050710E-03
-48.864000E-06,-402.010053396E-03
-48.856000E-06,-201.005029385E-03
-48.848000E-06,-201.005026698E-03
-48.840000E-06,-201.005026698E-03
-48.832000E-06,-402.010050710E-03
-48.824000E-06,-201.005029385E-03
-48.816000E-06,-402.010050710E-03
-48.808000E-06,-201.005029385E-03
-48.800000E-06,-402.010050710E-03
-48.792000E-06,-402.010053396E-03
-48.784000E-06,-201.005029385E-03
-48.776000E-06,-201.005026698E-03
-48.768000E-06,-201.005026698E-03
-48.760000E-06,-201.005026698E-03
-48.752000E-06,-201.005026698E-03
-48.744000E-06,-201.005026698E-03
-48.736000E-06,-201.005026698E-03
-48.728000E-06,-201.005026698E-03
-48.720000E-06,-402.010050709E-03
-48.712000E-06,-402.010053396E-03
-48.704000E-06,-402.010053396E-03
-48.696000E-06,-402.010053396E-03
-48.688000E-06,-201.005029386E-03
-48.680000E-06,-201.005026698E-03
-48.672000E-06,-201.005026698E-03
-48.664000E-06,-201.005026698E-03
-48.656000E-06,-402.010050708E-03
-48.648000E-06,-402.010053396E-03
-48.640000E-06,-201.005029386E-03
-48.632000E-06,-402.010050708E-03
-48.624000E-06,-201.005029386E-03
-48.616000E-06,-201.005026698E-03
-48.608000E-06,-201.005026698E-03
-48.600000E-06,-201.005026698E-03
-48.592000E-06,-201.005026698E-03
-48.584000E-06,-201.005026698E-03
-48.576000E-06,-201.005026698E-03
-48.568000E-06,-201.005026698E-03
-48.560000E-06,-201.005026698E-03
-48.552000E-06,-402.010050707E-03
-48.544000E-06,-201.005029387E-03
-48.536000E-06,-201.005026698E-03
-48.528000E-06,-402.010050707E-03
-48.520000E-06,-201.005029388E-03
-48.512000E-06,-201.005026698E-03
-48.504000E-06,-402.010050707E-03
-48.496000E-06,-201.005029388E-03
-48.488000E-06,-402.010050707E-03
-48.480000E-06,-402.010053396E-03
-48.472000E-06,-201.005029388E-03
-48.464000E-06,-201.005026698E-03
-48.456000E-06,-201.005026698E-03
-48.448000E-06,-201.005026698E-03
-48.440000E-06,-402.010050707E-03
-48.432000E-06,-402.010053396E-03
-48.424000E-06,-201.005029388E-03
-48.416000E-06,-201.005026698E-03
-48.408000E-06,-201.005026698E-03
-48.400000E-06,-201.005026698E-03
-48.392000E-06,-402.010050706E-03
-48.384000E-06,-201.005029388E-03
-48.376000E-06,-201.005026698E-03
-48.368000E-06,-201.005026698E-03
-48.360000E-06,-402.010050706E-03
-48.352000E-06,-201.005029389E-03
-48.344000E-06,-201.005026698E-03
-48.336000E-06,-201.005026698E-03
-48.328000E-06,-201.005026698E-03
-48.320000E-06,-201.005026698E-03
-48.312000E-06,-402.010050705E-03
-48.304000E-06,-201.005029389E-03
-48.296000E-06,-402.010050705E-03
-48.288000E-06,-201.005029389E-03
-48.280000E-06,-201.005026698E-03
-48.272000E-06,-201.005026698E-03
-48.264000E-06,-402.010050705E-03
-48.256000E-06,-402.010053396E-03
-48.248000E-06,-201.005029390E-03
-48.240000E-06,-201.005026698E-03
-48.232000E-06,-201.005026698E-03
-48.224000E-06,-201.005026698E-03
-48.216000E-06,-201.005026698E-03
-48.208000E-06,-402.010050704E-03
-48.200000E-06,-402.010053396E-03
-48.192000E-06,-201.005029390E-03
-48.184000E-06,-402.010050704E-03
-48.176000E-06,-201.005029391E-03
-48.168000E-06,-201.005026698E-03
-48.160000E-06,-201.005026698E-03
-48.152000E-06,-402.010050704E-03
-48.144000E-06,-201.005029391E-03
-48.136000E-06,-402.010050704E-03
-48.128000E-06,-201.005029391E-03
-48.120000E-06,-201.005026698E-03
-48.112000E-06,-402.010050704E-03
-48.104000E-06,-201.005029391E-03
-48.096000E-06,-201.005026698E-03
-48.088000E-06,-201.005026698E-03
-48.080000E-06,-201.005026698E-03
-48.072000E-06,-402.010050703E-03
-48.064000E-06,-201.005029391E-03
-48.056000E-06,-201.005026698E-03
-48.048000E-06,-402.010050703E-03
-48.040000E-06,-402.010053396E-03
-48.032000E-06,-201.005029391E-03
-48.024000E-06,-201.005026698E-03
-48.016000E-06,-201.005026698E-03
-48.008000E-06,-201.005026698E-03
-48.000000E-06,-201.005026698E-03
-47.992000E-06,-201.005026698E-03
-47.984000E-06,-201.005026698E-03
-47.976000E-06,-201.005026698E-03
-47.968000E-06,-201.005026698E-03
-47.960000E-06,-201.005026698E-03
-47.952000E-06,-402.010050702E-03
-47.944000E-06,-402.010053396E-03
-47.936000E-06,-402.010053396E-03
-47.928000E-06,-201.005029392E-03
-47.920000E-06,-402.010050702E-03
-47.912000E-06,-402.010053396E-03
-47.904000E-06,-201.005029393E-03
-47.896000E-06,-201.005026698E-03
-47.888000E-06,-402.010050702E-03
-47.880000E-06,-201.005029393E-03
-47.872000E-06,-402.010050702E-03
-47.864000E-06,-201.005029393E-03
-47.856000E-06,-201.005026698E-03
-47.848000E-06,-201.005026698E-03
-47.840000E-06,-201.005026698E-03
-47.832000E-06,-402.010050701E-03
-47.824000E-06,-402.010053396E-03
-47.816000E-06,-402.010053396E-03
-47.808000E-06,-402.010053396E-03
-47.800000E-06,-402.010053396E-03
-47.792000E-06,-201.005029394E-03
-47.784000E-06,-402.010050701E-03
-47.776000E-06,-201.005029394E-03
-47.768000E-06,-201.005026698E-03
-47.760000E-06,-2.695E-09
-47.752000E-06,-201.005024002E-03
-47.744000E-06,-402.010050700E-03
-47.736000E-06,-402.010053396E-03
-47.728000E-06,-201.005029394E-03
-47.720000E-06,-201.005026698E-03
-47.712000E-06,-201.005026698E-03
-47.704000E-06,-201.005026698E-03
-47.696000E-06,-201.005026698E-03
-47.688000E-06,-402.010050699E-03
-47.680000E-06,-201.005029395E-03
-47.672000E-06,-402.010050699E-03
-47.664000E-06,-201.005029395E-03
-47.656000E-06,-402.010050699E-03
-47.648000E-06,-402.010053396E-03
-47.640000E-06,-402.010053396E-03
-47.632000E-06,-201.005029395E-03
-47.624000E-06,-201.005026698E-03
-47.616000E-06,-201.005026698E-03
-47.608000E-06,-402.010050699E-03
-47.600000E-06,-201.005029395E-03
-47.592000E-06,-402.010050699E-03
-47.584000E-06,-201.005029396E-03
-47.576000E-06,-201.005026698E-03
-47.568000E-06,-402.010050699E-03
-47.560000E-06,-201.005029396E-03
-47.552000E-06,-201.005026698E-03
-47.544000E-06,-402.010050699E-03
-47.536000E-06,-402.010053396E-03
-47.528000E-06,-201.005029396E-03
-47.520000E-06,-402.010050698E-03
-47.512000E-06,-201.005029396E-03
-47.504000E-06,-201.005026698E-03
-47.496000E-06,-201.005026698E-03
-47.488000E-06,-201.005026698E-03
-47.480000E-06,-402.010050698E-03
-47.472000E-06,-201.005029396E-03
-47.464000E-06,-201.005026698E-03
-47.456000E-06,-201.005026698E-03
-47.448000E-06,-201.005026698E-03
-47.440000E-06,-201.005026698E-03
-47.432000E-06,-201.005026698E-03
-47.424000E-06,-201.005026698E-03
-47.416000E-06,-402.010050697E-03
-47.408000E-06,-402.010053396E-03
-47.400000E-06,-201.005029397E-03
-47.392000E-06,-402.010050697E-03
-47.384000E-06,-201.005029397E-03
-47.376000E-06,-201.005026698E-03
-47.368000E-06,-201.005026698E-03
-47.360000E-06,-402.010050697E-03
-47.352000E-06,-201.005029398E-03
-47.344000E-06,-402.010050696E-03
-47.336000E-06,-402.010053396E-03
-47.328000E-06,-201.005029398E-03
-47.320000E-06,-402.010050696E-03
-47.312000E-06,-201.005029398E-03
-47.304000E-06,-201.005026698E-03
-47.296000E-06,-402.010050696E-03
-47.288000E-06,-402.010053396E-03
-47.280000E-06,-201.005029398E-03
-47.272000E-06,-201.005026698E-03
-47.264000E-06,-201.005026698E-03
-47.256000E-06,-201.005026698E-03
-47.248000E-06,-402.010050696E-03
-47.240000E-06,-402.010053396E-03
-47.232000E-06,-201.005029399E-03
-47.224000E-06,-201.005026698E-03
-47.216000E-06,-402.010050696E-03
-47.208000E-06,-402.010053396E-03
-47.200000E-06,-201.005029399E-03
-47.192000E-06,-402.010050696E-03
-47.184000E-06,-201.005029399E-03
-47.176000E-06,-201.005026698E-03
-47.168000E-06,-402.010050695E-03
-47.160000E-06,-402.010053396E-03
-47.152000E-06,-402.010053396E-03
-47.144000E-06,-402.010053396E-03
-47.136000E-06,-201.005029399E-03
-47.128000E-06,-201.005026698E-03
-47.120000E-06,-201.005026698E-03
-47.112000E-06,-201.005026698E-03
-47.104000E-06,-402.010050695E-03
-47.096000E-06,-402.010053396E-03
-47.088000E-06,-402.010053396E-03
-47.080000E-06,-201.005029400E-03
-47.072000E-06,-201.005026698E-03
-47.064000E-06,-201.005026698E-03
-47.056000E-06,-402.010050694E-03
-47.048000E-06,-201.005029400E-03
-47.040000E-06,-402.010050694E-03
-47.032000E-06,-402.010053396E-03
-47.024000E-06,-201.005029400E-03
-47.016000E-06,-402.010050694E-03
-47.008000E-06,-402.010053396E-03
-47.000000E-06,-201.005029401E-03
-46.992000E-06,-201.005026698E-03
-46.984000E-06,-402.010050694E-03
-46.976000E-06,-402.010053396E-03
-46.968000E-06,-201.005029401E-03
-46.960000E-06,-402.010050694E-03
-46.952000E-06,-402.010053396E-03
-46.944000E-06,-201.005029401E-03
-46.936000E-06,-201.005026698E-03
-46.928000E-06,-402.010050694E-03
-46.920000E-06,-201.005029401E-03
-46.912000E-06,-402.010050693E-03
-46.904000E-06,-402.010053396E-03
-46.896000E-06,-201.005029402E-03
-46.888000E-06,-402.010050693E-03
-46.880000E-06,-402.010053396E-03
-46.872000E-06,-201.005029402E-03
-46.864000E-06,-201.005026698E-03
-46.856000E-06,-402.010050693E-03
-46.848000E-06,-402.010053396E-03
-46.840000E-06,-201.005029402E-03
-46.832000E-06,-402.010050692E-03
-46.824000E-06,-402.010053396E-03
-46.816000E-06,-201.005029402E-03
-46.808000E-06,-201.005026698E-03
-46.800000E-06,-402.010050692E-03
-46.792000E-06,-201.005029402E-03
-46.784000E-06,-402.010050692E-03
-46.776000E-06,-201.005029402E-03
-46.768000E-06,-201.005026698E-03
-46.760000E-06,-402.010050692E-03
-46.752000E-06,-201.005029402E-03
-46.744000E-06,-402.010050691E-03
-46.736000E-06,-402.010053396E-03
-46.728000E-06,-201.005029403E-03
-46.720000E-06,-402.010050691E-03
-46.712000E-06,-201.005029403E-03
-46.704000E-06,-402.010050691E-03
-46.696000E-06,-402.010053396E-03
-46.688000E-06,-201.005029403E-03
-46.680000E-06,-402.010050691E-03
-46.672000E-06,-402.010053396E-03
-46.664000E-06,-201.005029404E-03
-46.656000E-06,-201.005026698E-03
-46.648000E-06,-201.005026698E-03
-46.640000E-06,-201.005026698E-03
-46.632000E-06,-402.010050691E-03
-46.624000E-06,-402.010053396E-03
-46.616000E-06,-201.005029404E-03
-46.608000E-06,-201.005026698E-03
-46.600000E-06,-402.010050691E-03
-46.592000E-06,-402.010053396E-03
-46.584000E-06,-201.005029404E-03
-46.576000E-06,-201.005026698E-03
-46.568000E-06,-402.010050690E-03
-46.560000E-06,-201.005029404E-03
-46.552000E-06,-402.010050690E-03
-46.544000E-06,-402.010053396E-03
-46.536000E-06,-201.005029404E-03
-46.528000E-06,-201.005026698E-03
-46.520000E-06,-402.010050690E-03
-46.512000E-06,-402.010053396E-03
-46.504000E-06,-201.005029405E-03
-46.496000E-06,-402.010050689E-03
-46.488000E-06,-402.010053396E-03
-46.480000E-06,-201.005029405E-03
-46.472000E-06,-201.005026698E-03
-46.464000E-06,-402.010050689E-03
-46.456000E-06,-402.010053396E-03
-46.448000E-06,-402.010053396E-03
-46.440000E-06,-201.005029405E-03
-46.432000E-06,-201.005026698E-03
-46.424000E-06,-402.010050689E-03
-46.416000E-06,-201.005029405E-03
-46.408000E-06,-402.010050688E-03
-46.400000E-06,-201.005029406E-03
-46.392000E-06,-402.010050688E-03
-46.384000E-06,-201.005029406E-03
-46.376000E-06,-402.010050688E-03
-46.368000E-06,-402.010053396E-03
-46.360000E-06,-201.005029406E-03
-46.352000E-06,-201.005026698E-03
-46.344000E-06,-201.005026698E-03
-46.336000E-06,-402.010050688E-03
-46.328000E-06,-402.010053396E-03
-46.320000E-06,-402.010053396E-03
-46.312000E-06,-201.005029407E-03
-46.304000E-06,-402.010050688E-03
-46.296000E-06,-402.010053396E-03
-46.288000E-06,-201.005029407E-03
-46.280000E-06,-402.010050688E-03
-46.272000E-06,-402.010053396E-03
-46.264000E-06,-402.010053396E-03
-46.256000E-06,-402.010053396E-03
-46.248000E-06,-402.010053396E-03
-46.240000E-06,-402.010053396E-03
-46.232000E-06,-402.010053396E-03
-46.224000E-06,-201.005029407E-03
-46.216000E-06,-201.005026698E-03
-46.208000E-06,-402.010050687E-03
-46.200000E-06,-402.010053396E-03
-46.192000E-06,-201.005029407E-03
-46.184000E-06,-402.010050686E-03
-46.176000E-06,-402.010053396E-03
-46.168000E-06,-402.010053396E-03
-46.160000E-06,-402.010053396E-03
-46.152000E-06,-402.010053396E-03
-46.144000E-06,-201.005029408E-03
-46.136000E-06,-201.005026698E-03
-46.128000E-06,-201.005026698E-03
-46.120000E-06,-402.010050686E-03
-46.112000E-06,-201.005029408E-03
-46.104000E-06,-201.005026698E-03
-46.096000E-06,-402.010050686E-03
-46.088000E-06,-201.005029408E-03
-46.080000E-06,-402.010050685E-03
-46.072000E-06,-201.005029409E-03
-46.064000E-06,-201.005026698E-03
-46.056000E-06,-402.010050685E-03
-46.048000E-06,-201.005029409E-03
-46.040000E-06,-201.005026698E-03
-46.032000E-06,-402.010050685E-03
-46.024000E-06,-402.010053396E-03
-46.016000E-06,-201.005029410E-03
-46.008000E-06,-402.010050685E-03
-46.000000E-06,-402.010053396E-03
-45.992000E-06,-402.010053396E-03
-45.984000E-06,-201.005029410E-03
-45.976000E-06,-201.005026698E-03
-45.968000E-06,-402.010050685E-03
-45.960000E-06,-402.010053396E-03
-45.952000E-06,-402.010053396E-03
-45.944000E-06,-201.005029410E-03
-45.936000E-06,-402.010050685E-03
-45.928000E-06,-201.005029410E-03
-45.920000E-06,-402.010050685E-03
-45.912000E-06,-402.010053396E-03
-45.904000E-06,-402.010053396E-03
-45.896000E-06,-402.010053396E-03
-45.888000E-06,-402.010053396E-03
-45.880000E-06,-402.010053396E-03
-45.872000E-06,-402.010053396E-03
-45.864000E-06,-402.010053396E-03
-45.856000E-06,-201.005029410E-03
-45.848000E-06,-201.005026698E-03
-45.840000E-06,-201.005026698E-03
-45.832000E-06,-201.005026698E-03
-45.824000E-06,-201.005026698E-03
-45.816000E-06,-201.005026698E-03
-45.808000E-06,-201.005026698E-03
-45.800000E-06,-402.010050683E-03
-45.792000E-06,-201.005029411E-03
-45.784000E-06,-201.005026698E-03
-45.776000E-06,-201.005026698E-03
-45.768000E-06,-402.010050683E-03
-45.760000E-06,-201.005029411E-03
-45.752000E-06,-402.010050683E-03
-45.744000E-06,-201.005029412E-03
-45.736000E-06,-201.005026698E-03
-45.728000E-06,-402.010050683E-03
-45.720000E-06,-201.005029412E-03
-45.712000E-06,-201.005026698E-03
-45.704000E-06,-402.010050683E-03
-45.696000E-06,-402.010053396E-03
-45.688000E-06,-402.010053396E-03
-45.680000E-06,-201.005029413E-03
-45.672000E-06,-402.010050682E-03
-45.664000E-06,-201.005029413E-03
-45.656000E-06,-201.005026698E-03
-45.648000E-06,-402.010050682E-03
-45.640000E-06,-201.005029413E-03
-45.632000E-06,-402.010050682E-03
-45.624000E-06,-201.005029413E-03
-45.616000E-06,-402.010050682E-03
-45.608000E-06,-402.010053396E-03
-45.600000E-06,-402.010053396E-03
-45.592000E-06,-402.010053396E-03
-45.584000E-06,-402.010053396E-03
-45.576000E-06,-402.010053396E-03
-45.568000E-06,-402.010053396E-03
-45.560000E-06,-402.010053396E-03
-45.552000E-06,-201.005029413E-03
-45.544000E-06,-402.010050681E-03
-45.536000E-06,-201.005029413E-03
-45.528000E-06,-201.005026698E-03
-45.520000E-06,-201.005026698E-03
-45.512000E-06,-201.005026698E-03
-45.504000E-06,-201.005026698E-03
-45.496000E-06,-402.010050680E-03
-45.488000E-06,-402.010053396E-03
-45.480000E-06,-402.010053396E-03
-45.472000E-06,-402.010053396E-03
-45.464000E-06,-201.005029414E-03
-45.456000E-06,-201.005026698E-03
-45.448000E-06,-201.005026698E-03
-45.440000E-06,-201.005026698E-03
-45.432000E-06,-201.005026698E-03
-45.424000E-06,-201.005026698E-03
-45.416000E-06,-402.010050680E-03
-45.408000E-06,-201.005029415E-03
-45.400000E-06,-402.010050680E-03
-45.392000E-06,-402.010053396E-03
-45.384000E-06,-402.010053396E-03
-45.376000E-06,-402.010053396E-03
-45.368000E-06,-201.005029415E-03
-45.360000E-06,-402.010050680E-03
-45.352000E-06,-201.005029415E-03
-45.344000E-06,-402.010050679E-03
-45.336000E-06,-201.005029415E-03
-45.328000E-06,-402.010050679E-03
-45.320000E-06,-402.010053396E-03
-45.312000E-06,-201.005029415E-03
-45.304000E-06,-402.010050679E-03
-45.296000E-06,-402.010053396E-03
-45.288000E-06,-201.005029415E-03
-45.280000E-06,-201.005026698E-03
-45.272000E-06,-402.010050679E-03
-45.264000E-06,-402.010053396E-03
-45.256000E-06,-402.010053396E-03
-45.248000E-06,-201.005029415E-03
-45.240000E-06,-402.010050678E-03
-45.232000E-06,-402.010053396E-03
-45.224000E-06,-201.005029416E-03
-45.216000E-06,-402.010050678E-03
-45.208000E-06,-201.005029416E-03
-45.200000E-06,-402.010050678E-03
-45.192000E-06,-201.005029416E-03
-45.184000E-06,-201.005026698E-03
-45.176000E-06,-201.005026698E-03
-45.168000E-06,-402.010050677E-03
-45.160000E-06,-402.010053396E-03
-45.152000E-06,-402.010053396E-03
-45.144000E-06,-402.010053396E-03
-45.136000E-06,-201.005029417E-03
-45.128000E-06,-402.010050677E-03
-45.120000E-06,-402.010053396E-03
-45.112000E-06,-402.010053396E-03
-45.104000E-06,-201.005029417E-03
-45.096000E-06,-201.005026698E-03
-45.088000E-06,-201.005026698E-03
-45.080000E-06,-201.005026698E-03
-45.072000E-06,-402.010050677E-03
-45.064000E-06,-201.005029418E-03
-45.056000E-06,-201.005026698E-03
-45.048000E-06,-402.010050677E-03
-45.040000E-06,-201.005029418E-03
-45.032000E-06,-201.005026698E-03
-45.024000E-06,-402.010050677E-03
-45.016000E-06,-402.010053396E-03
-45.008000E-06,-201.005029418E-03
-45.000000E-06,-402.010050676E-03
-44.992000E-06,-402.010053396E-03
-44.984000E-06,-402.010053396E-03
-44.976000E-06,-201.005029418E-03
-44.968000E-06,-402.010050676E-03
-44.960000E-06,-402.010053396E-03
-44.952000E-06,-402.010053396E-03
-44.944000E-06,-201.005029418E-03
-44.936000E-06,-402.010050676E-03
-44.928000E-06,-402.010053396E-03
-44.920000E-06,-201.005029418E-03
-44.912000E-06,-201.005026698E-03
-44.904000E-06,-402.010050675E-03
-44.896000E-06,-201.005029419E-03
-44.888000E-06,-201.005026698E-03
-44.880000E-06,-402.010050675E-03
-44.872000E-06,-402.010053396E-03
-44.864000E-06,-402.010053396E-03
-44.856000E-06,-402.010053396E-03
-44.848000E-06,-201.005029420E-03
-44.840000E-06,-402.010050675E-03
-44.832000E-06,-402.010053396E-03
-44.824000E-06,-402.010053396E-03
-44.816000E-06,-402.010053396E-03
-44.808000E-06,-402.010053396E-03
-44.800000E-06,-402.010053396E-03
-44.792000E-06,-201.005029420E-03
-44.784000E-06,-402.010050675E-03
-44.776000E-06,-201.005029420E-03
-44.768000E-06,-402.010050675E-03
-44.760000E-06,-201.005029420E-03
-44.752000E-06,-201.005026698E-03
-44.744000E-06,-201.005026698E-03
-44.736000E-06,-201.005026698E-03
-44.728000E-06,-402.010050674E-03
-44.720000E-06,-402.010053396E-03
-44.712000E-06,-402.010053396E-03
-44.704000E-06,-402.010053396E-03
-44.696000E-06,-201.005029421E-03
-44.688000E-06,-201.005026698E-03
-44.680000E-06,-402.010050673E-03
-44.672000E-06,-201.005029421E-03
-44.664000E-06,-402.010050673E-03
-44.656000E-06,-402.010053396E-03
-44.648000E-06,-402.010053396E-03
-44.640000E-06,-402.010053396E-03
-44.632000E-06,-402.010053396E-03
-44.624000E-06,-402.010053396E-03
-44.616000E-06,-402.010053396E-03
-44.608000E-06,-201.005029421E-03
-44.600000E-06,-402.010050673E-03
-44.592000E-06,-402.010053396E-03
-44.584000E-06,-402.010053396E-03
-44.576000E-06,-402.010053396E-03
-44.568000E-06,-201.005029422E-03
-44.560000E-06,-402.010050672E-03
-44.552000E-06,-402.010053396E-03
-44.544000E-06,-402.010053396E-03
-44.536000E-06,-402.010053396E-03
-44.528000E-06,-402.010053396E-03
-44.520000E-06,-402.010053396E-03
-44.512000E-06,-402.010053396E-03
-44.504000E-06,-402.010053396E-03
-44.496000E-06,-201.005029423E-03
-44.488000E-06,-402.010050672E-03
-44.480000E-06,-402.010053396E-03
-44.472000E-06,-402.010053396E-03
-44.464000E-06,-402.010053396E-03
-44.456000E-06,-402.010053396E-03
-44.448000E-06,-402.010053396E-03
-44.440000E-06,-402.010053396E-03
-44.432000E-06,-402.010053396E-03
-44.424000E-06,-402.010053396E-03
-44.416000E-06,-402.010053396E-03
-44.408000E-06,-402.010053396E-03
-44.400000E-06,-402.010053396E-03
-44.392000E-06,-201.005029423E-03
-44.384000E-06,-402.010050671E-03
-44.376000E-06,-402.010053396E-03
-44.368000E-06,-402.010053396E-03
-44.360000E-06,-402.010053396E-03
-44.352000E-06,-201.005029423E-03
-44.344000E-06,-402.010050670E-03
-44.336000E-06,-402.010053396E-03
-44.328000E-06,-201.005029424E-03
-44.320000E-06,-201.005026698E-03
-44.312000E-06,-402.010050670E-03
-44.304000E-06,-201.005029424E-03
-44.296000E-06,-402.010050670E-03
-44.288000E-06,-201.005029424E-03
-44.280000E-06,-402.010050670E-03
-44.272000E-06,-402.010053396E-03
-44.264000E-06,-402.010053396E-03
-44.256000E-06,-402.010053396E-03
-44.248000E-06,-402.010053396E-03
-44.240000E-06,-201.005029425E-03
-44.232000E-06,-402.010050669E-03
-44.224000E-06,-402.010053396E-03
-44.216000E-06,-201.005029425E-03
-44.208000E-06,-402.010050669E-03
-44.200000E-06,-402.010053396E-03
-44.192000E-06,-402.010053396E-03
-44.184000E-06,-201.005029425E-03
-44.176000E-06,-402.010050669E-03
-44.168000E-06,-402.010053396E-03
-44.160000E-06,-402.010053396E-03
-44.152000E-06,-402.010053396E-03
-44.144000E-06,-402.010053396E-03
-44.136000E-06,-402.010053396E-03
-44.128000E-06,-402.010053396E-03
-44.120000E-06,-201.005029426E-03
-44.112000E-06,-402.010050669E-03
-44.104000E-06,-201.005029426E-03
-44.096000E-06,-402.010050669E-03
-44.088000E-06,-402.010053396E-03
-44.080000E-06,-402.010053396E-03
-44.072000E-06,-402.010053396E-03
-44.064000E-06,-402.010053396E-03
-44.056000E-06,-402.010053396E-03
-44.048000E-06,-201.005029426E-03
-44.040000E-06,-201.005026698E-03
-44.032000E-06,-201.005026698E-03
-44.024000E-06,-402.010050668E-03
-44.016000E-06,-402.010053396E-03
-44.008000E-06,-201.005029427E-03
-44.000000E-06,-201.005026698E-03
-43.992000E-06,-201.005026698E-03
-43.984000E-06,-402.010050667E-03
-43.976000E-06,-402.010053396E-03
-43.968000E-06,-402.010053396E-03
-43.960000E-06,-402.010053396E-03
-43.952000E-06,-402.010053396E-03
-43.944000E-06,-402.010053396E-03
-43.936000E-06,-201.005029427E-03
-43.928000E-06,-402.010050667E-03
-43.920000E-06,-402.010053396E-03
-43.912000E-06,-402.010053396E-03
-43.904000E-06,-402.010053396E-03
-43.896000E-06,-201.005029428E-03
-43.888000E-06,-402.010050666E-03
-43.880000E-06,-402.010053396E-03
-43.872000E-06,-402.010053396E-03
-43.864000E-06,-201.005029428E-03
-43.856000E-06,-402.010050666E-03
-43.848000E-06,-402.010053396E-03
-43.840000E-06,-402.010053396E-03
-43.832000E-06,-402.010053396E-03
-43.824000E-06,-402.010053396E-03
-43.816000E-06,-402.010053396E-03
-43.808000E-06,-402.010053396E-03
-43.800000E-06,-402.010053396E-03
-43.792000E-06,-402.010053396E-03
-43.784000E-06,-201.005029429E-03
-43.776000E-06,-402.010050666E-03
-43.768000E-06,-402.010053396E-03
-43.760000E-06,-402.010053396E-03
-43.752000E-06,-402.010053396E-03
-43.744000E-06,-201.005029429E-03
-43.736000E-06,-402.010050665E-03
-43.728000E-06,-402.010053396E-03
-43.720000E-06,-402.010053396E-03
-43.712000E-06,-402.010053396E-03
-43.704000E-06,-402.010053396E-03
-43.696000E-06,-201.005029429E-03
-43.688000E-06,-402.010050665E-03
-43.680000E-06,-402.010053396E-03
-43.672000E-06,-402.010053396E-03
-43.664000E-06,-402.010053396E-03
-43.656000E-06,-402.010053396E-03
-43.648000E-06,-402.010053396E-03
-43.640000E-06,-402.010053396E-03
-43.632000E-06,-402.010053396E-03
-43.624000E-06,-402.010053396E-03
-43.616000E-06,-402.010053396E-03
-43.608000E-06,-402.010053396E-03
-43.600000E-06,-402.010053396E-03
-43.592000E-06,-402.010053396E-03
-43.584000E-06,-201.005029430E-03
-43.576000E-06,-402.010050664E-03
-43.568000E-06,-402.010053396E-03
-43.560000E-06,-201.005029431E-03
-43.552000E-06,-402.010050664E-03
-43.544000E-06,-402.010053396E-03
-43.536000E-06,-402.010053396E-03
-43.528000E-06,-402.010053396E-03
-43.520000E-06,-402.010053396E-03
-43.512000E-06,-402.010053396E-03
-43.504000E-06,-402.010053396E-03
-43.496000E-06,-201.005029432E-03
-43.488000E-06,-402.010050663E-03
-43.480000E-06,-402.010053396E-03
-43.472000E-06,-402.010053396E-03
-43.464000E-06,-402.010053396E-03
-43.456000E-06,-402.010053396E-03
-43.448000E-06,-402.010053396E-03
-43.440000E-06,-402.010053396E-03
-43.432000E-06,-402.010053396E-03
-43.424000E-06,-201.005029432E-03
-43.416000E-06,-402.010050663E-03
-43.408000E-06,-201.005029432E-03
-43.400000E-06,-402.010050662E-03
-43.392000E-06,-402.010053396E-03
-43.384000E-06,-201.005029432E-03
-43.376000E-06,-402.010050662E-03
-43.368000E-06,-402.010053396E-03
-43.360000E-06,-402.010053396E-03
-43.352000E-06,-402.010053396E-03
-43.344000E-06,-402.010053396E-03
-43.336000E-06,-402.010053396E-03
-43.328000E-06,-402.010053396E-03
-43.320000E-06,-402.010053396E-03
-43.312000E-06,-402.010053396E-03
-43.304000E-06,-603.015077359E-03
-43.296000E-06,-402.010056131E-03
-43.288000E-06,-402.010053396E-03
-43.280000E-06,-402.010053396E-03
-43.272000E-06,-402.010053396E-03
-43.264000E-06,-402.010053396E-03
-43.256000E-06,-402.010053396E-03
-43.248000E-06,-402.010053396E-03
-43.240000E-06,-402.010053396E-03
-43.232000E-06,-402.010053396E-03
-43.224000E-06,-402.010053396E-03
-43.216000E-06,-402.010053396E-03
-43.208000E-06,-402.010053396E-03
-43.200000E-06,-402.010053396E-03
-43.192000E-06,-402.010053396E-03
-43.184000E-06,-402.010053396E-03
-43.176000E-06,-402.010053396E-03
-43.168000E-06,-402.010053396E-03
-43.160000E-06,-402.010053396E-03
-43.152000E-06,-402.010053396E-03
-43.144000E-06,-402.010053396E-03
-43.136000E-06,-201.005029434E-03
-43.128000E-06,-402.010050660E-03
-43.120000E-06,-402.010053396E-03
-43.112000E-06,-402.010053396E-03
-43.104000E-06,-402.010053396E-03
-43.096000E-06,-402.010053396E-03
-43.088000E-06,-402.010053396E-03
-43.080000E-06,-402.010053396E-03
-43.072000E-06,-402.010053396E-03
-43.064000E-06,-402.010053396E-03
-43.056000E-06,-402.010053396E-03
-43.048000E-06,-402.010053396E-03
-43.040000E-06,-402.010053396E-03
-43.032000E-06,-402.010053396E-03
-43.024000E-06,-402.010053396E-03
-43.016000E-06,-402.010053396E-03
-43.008000E-06,-402.010053396E-03
-43.000000E-06,-402.010053396E-03
-42.992000E-06,-402.010053396E-03
-42.984000E-06,-603.015077357E-03
-42.976000E-06,-402.010056134E-03
-42.968000E-06,-402.010053396E-03
-42.960000E-06,-402.010053396E-03
-42.952000E-06,-402.010053396E-03
-42.944000E-06,-201.005029436E-03
-42.936000E-06,-402.010050658E-03
-42.928000E-06,-402.010053396E-03
-42.920000E-06,-402.010053396E-03
-42.912000E-06,-402.010053396E-03
-42.904000E-06,-402.010053396E-03
-42.896000E-06,-402.010053396E-03
-42.888000E-06,-402.010053396E-03
-42.880000E-06,-402.010053396E-03
-42.872000E-06,-201.005029437E-03
-42.864000E-06,-402.010050658E-03
-42.856000E-06,-402.010053396E-03
-42.848000E-06,-402.010053396E-03
-42.840000E-06,-603.015077355E-03
-42.832000E-06,-402.010056135E-03
-42.824000E-06,-402.010053396E-03
-42.816000E-06,-402.010053396E-03
-42.808000E-06,-402.010053396E-03
-42.800000E-06,-402.010053396E-03
-42.792000E-06,-402.010053396E-03
-42.784000E-06,-402.010053396E-03
-42.776000E-06,-603.015077355E-03
-42.768000E-06,-402.010056135E-03
-42.760000E-06,-402.010053396E-03
-42.752000E-06,-402.010053396E-03
-42.744000E-06,-402.010053396E-03
-42.736000E-06,-402.010053396E-03
-42.728000E-06,-402.010053396E-03
-42.720000E-06,-402.010053396E-03
-42.712000E-06,-402.010053396E-03
-42.704000E-06,-402.010053396E-03
-42.696000E-06,-402.010053396E-03
-42.688000E-06,-402.010053396E-03
-42.680000E-06,-402.010053396E-03
-42.672000E-06,-402.010053396E-03
-42.664000E-06,-201.005029439E-03
-42.656000E-06,-402.010050655E-03
-42.648000E-06,-402.010053396E-03
-42.640000E-06,-402.010053396E-03
-42.632000E-06,-402.010053396E-03
-42.624000E-06,-402.010053396E-03
-42.616000E-06,-402.010053396E-03
-42.608000E-06,-402.010053396E-03
-42.600000E-06,-402.010053396E-03
-42.592000E-06,-402.010053396E-03
-42.584000E-06,-402.010053396E-03
-42.576000E-06,-402.010053396E-03
-42.568000E-06,-402.010053396E-03
-42.560000E-06,-402.010053396E-03
-42.552000E-06,-201.005029440E-03
-42.544000E-06,-402.010050655E-03
-42.536000E-06,-402.010053396E-03
-42.528000E-06,-201.005029440E-03
-42.520000E-06,-402.010050655E-03
-42.512000E-06,-402.010053396E-03
-42.504000E-06,-402.010053396E-03
-42.496000E-06,-402.010053396E-03
-42.488000E-06,-402.010053396E-03
-42.480000E-06,-402.010053396E-03
-42.472000E-06,-402.010053396E-03
-42.464000E-06,-402.010053396E-03
-42.456000E-06,-402.010053396E-03
-42.448000E-06,-402.010053396E-03
-42.440000E-06,-402.010053396E-03
-42.432000E-06,-402.010053396E-03
-42.424000E-06,-402.010053396E-03
-42.416000E-06,-402.010053396E-03
-42.408000E-06,-402.010053396E-03
-42.400000E-06,-402.010053396E-03
-42.392000E-06,-402.010053396E-03
-42.384000E-06,-402.010053396E-03
-42.376000E-06,-402.010053396E-03
-42.368000E-06,-402.010053396E-03
-42.360000E-06,-402.010053396E-03
-42.352000E-06,-402.010053396E-03
-42.344000E-06,-402.010053396E-03
-42.336000E-06,-402.010053396E-03
-42.328000E-06,-402.010053396E-03
-42.320000E-06,-402.010053396E-03
-42.312000E-06,-402.010053396E-03
-42.304000E-06,-402.010053396E-03
-42.296000E-06,-402.010053396E-03
-42.288000E-06,-402.010053396E-03
-42.280000E-06,-402.010053396E-03
-42.272000E-06,-402.010053396E-03
-42.264000E-06,-402.010053396E-03
-42.256000E-06,-402.010053396E-03
-42.248000E-06,-402.010053396E-03
-42.240000E-06,-402.010053396E-03
-42.232000E-06,-402.010053396E-03
-42.224000E-06,-402.010053396E-03
-42.216000E-06,-402.010053396E-03
-42.208000E-06,-402.010053396E-03
-42.200000E-06,-402.010053396E-03
-42.192000E-06,-402.010053396E-03
-42.184000E-06,-402.010053396E-03
-42.176000E-06,-402.010053396E-03
-42.168000E-06,-402.010053396E-03
-42.160000E-06,-402.010053396E-03
-42.152000E-06,-402.010053396E-03
-42.144000E-06,-402.010053396E-03
-42.136000E-06,-402.010053396E-03
-42.128000E-06,-402.010053396E-03
-42.120000E-06,-402.010053396E-03
-42.112000E-06,-402.010053396E-03
-42.104000E-06,-402.010053396E-03
-42.096000E-06,-603.015077349E-03
-42.088000E-06,-402.010056141E-03
-42.080000E-06,-402.010053396E-03
-42.072000E-06,-402.010053396E-03
-42.064000E-06,-402.010053396E-03
-42.056000E-06,-603.015077348E-03
-42.048000E-06,-402.010056142E-03
-42.040000E-06,-402.010053396E-03
-42.032000E-06,-402.010053396E-03
-42.024000E-06,-402.010053396E-03
-42.016000E-06,-402.010053396E-03
-42.008000E-06,-402.010053396E-03
-42.000000E-06,-402.010053396E-03
-41.992000E-06,-402.010053396E-03
-41.984000E-06,-402.010053396E-03
-41.976000E-06,-201.005029445E-03
-41.968000E-06,-402.010050650E-03
-41.960000E-06,-402.010053396E-03
-41.952000E-06,-402.010053396E-03
-41.944000E-06,-603.015077348E-03
-41.936000E-06,-402.010056143E-03
-41.928000E-06,-402.010053396E-03
-41.920000E-06,-402.010053396E-03
-41.912000E-06,-402.010053396E-03
-41.904000E-06,-402.010053396E-03
-41.896000E-06,-603.015077347E-03
-41.888000E-06,-402.010056144E-03
-41.880000E-06,-402.010053396E-03
-41.872000E-06,-402.010053396E-03
-41.864000E-06,-402.010053396E-03
-41.856000E-06,-402.010053396E-03
-41.848000E-06,-402.010053396E-03
-41.840000E-06,-402.010053396E-03
-41.832000E-06,-402.010053396E-03
-41.824000E-06,-402.010053396E-03
-41.816000E-06,-402.010053396E-03
-41.808000E-06,-402.010053396E-03
-41.800000E-06,-402.010053396E-03
-41.792000E-06,-402.010053396E-03
-41.784000E-06,-402.010053396E-03
-41.776000E-06,-402.010053396E-03
-41.768000E-06,-402.010053396E-03
-41.760000E-06,-402.010053396E-03
-41.752000E-06,-402.010053396E-03
-41.744000E-06,-402.010053396E-03
-41.736000E-06,-603.015077346E-03
-41.728000E-06,-402.010056145E-03
-41.720000E-06,-603.015077346E-03
-41.712000E-06,-402.010056145E-03
-41.704000E-06,-402.010053396E-03
-41.696000E-06,-402.010053396E-03
-41.688000E-06,-402.010053396E-03
-41.680000E-06,-402.010053396E-03
-41.672000E-06,-402.010053396E-03
-41.664000E-06,-402.010053396E-03
-41.656000E-06,-402.010053396E-03
-41.648000E-06,-402.010053396E-03
-41.640000E-06,-402.010053396E-03
-41.632000E-06,-402.010053396E-03
-41.624000E-06,-402.010053396E-03
-41.616000E-06,-402.010053396E-03
-41.608000E-06,-402.010053396E-03
-41.600000E-06,-402.010053396E-03
-41.592000E-06,-402.010053396E-03
-41.584000E-06,-603.015077345E-03
-41.576000E-06,-402.010056146E-03
-41.568000E-06,-201.005029448E-03
-41.560000E-06,-402.010050646E-03
-41.552000E-06,-603.015077344E-03
-41.544000E-06,-603.015080094E-03
-41.536000E-06,-402.010056146E-03
-41.528000E-06,-402.010053396E-03
-41.520000E-06,-402.010053396E-03
-41.512000E-06,-402.010053396E-03
-41.504000E-06,-402.010053396E-03
-41.496000E-06,-603.015077343E-03
-41.488000E-06,-402.010056147E-03
-41.480000E-06,-402.010053396E-03
-41.472000E-06,-402.010053396E-03
-41.464000E-06,-402.010053396E-03
-41.456000E-06,-402.010053396E-03
-41.448000E-06,-402.010053396E-03
-41.440000E-06,-402.010053396E-03
-41.432000E-06,-402.010053396E-03
-41.424000E-06,-402.010053396E-03
-41.416000E-06,-402.010053396E-03
-41.408000E-06,-402.010053396E-03
-41.400000E-06,-402.010053396E-03
-41.392000E-06,-402.010053396E-03
-41.384000E-06,-402.010053396E-03
-41.376000E-06,-402.010053396E-03
-41.368000E-06,-402.010053396E-03
-41.360000E-06,-402.010053396E-03
-41.352000E-06,-402.010053396E-03
-41.344000E-06,-603.015077343E-03
-41.336000E-06,-603.015080094E-03
-41.328000E-06,-402.010056149E-03
-41.320000E-06,-402.010053396E-03
-41.312000E-06,-402.010053396E-03
-41.304000E-06,-402.010053396E-03
-41.296000E-06,-402.010053396E-03
-41.288000E-06,-402.010053396E-03
-41.280000E-06,-402.010053396E-03
-41.272000E-06,-402.010053396E-03
-41.264000E-06,-402.010053396E-03
-41.256000E-06,-402.010053396E-03
-41.248000E-06,-603.015077342E-03
-41.240000E-06,-402.010056149E-03
-41.232000E-06,-402.010053396E-03
-41.224000E-06,-402.010053396E-03
-41.216000E-06,-402.010053396E-03
-41.208000E-06,-402.010053396E-03
-41.200000E-06,-402.010053396E-03
-41.192000E-06,-603.015077341E-03
-41.184000E-06,-603.015080094E-03
-41.176000E-06,-603.015080094E-03
-41.168000E-06,-402.010056150E-03
-41.160000E-06,-402.010053396E-03
-41.152000E-06,-402.010053396E-03
-41.144000E-06,-402.010053396E-03
-41.136000E-06,-603.015077340E-03
-41.128000E-06,-603.015080094E-03
-41.120000E-06,-603.015080094E-03
-41.112000E-06,-402.010056150E-03
-41.104000E-06,-402.010053396E-03
-41.096000E-06,-402.010053396E-03
-41.088000E-06,-603.015077340E-03
-41.080000E-06,-603.015080094E-03
-41.072000E-06,-402.010056150E-03
-41.064000E-06,-402.010053396E-03
-41.056000E-06,-603.015077340E-03
-41.048000E-06,-603.015080094E-03
-41.040000E-06,-402.010056151E-03
-41.032000E-06,-603.015077340E-03
-41.024000E-06,-402.010056151E-03
-41.016000E-06,-603.015077340E-03
-41.008000E-06,-402.010056151E-03
-41.000000E-06,-402.010053396E-03
-40.992000E-06,-402.010053396E-03
-40.984000E-06,-402.010053396E-03
-40.976000E-06,-402.010053396E-03
-40.968000E-06,-402.010053396E-03
-40.960000E-06,-402.010053396E-03
-40.952000E-06,-402.010053396E-03
-40.944000E-06,-402.010053396E-03
-40.936000E-06,-402.010053396E-03
-40.928000E-06,-603.015077339E-03
-40.920000E-06,-402.010056152E-03
-40.912000E-06,-402.010053396E-03
-40.904000E-06,-402.010053396E-03
-40.896000E-06,-603.015077338E-03
-40.888000E-06,-603.015080094E-03
-40.880000E-06,-603.015080094E-03
-40.872000E-06,-402.010056152E-03
-40.864000E-06,-402.010053396E-03
-40.856000E-06,-603.015077338E-03
-40.848000E-06,-402.010056152E-03
-40.840000E-06,-402.010053396E-03
-40.832000E-06,-603.015077338E-03
-40.824000E-06,-402.010056153E-03
-40.816000E-06,-402.010053396E-03
-40.808000E-06,-402.010053396E-03
-40.800000E-06,-402.010053396E-03
-40.792000E-06,-402.010053396E-03
-40.784000E-06,-402.010053396E-03
-40.776000E-06,-402.010053396E-03
-40.768000E-06,-402.010053396E-03
-40.760000E-06,-402.010053396E-03
-40.752000E-06,-402.010053396E-03
-40.744000E-06,-402.010053396E-03
-40.736000E-06,-402.010053396E-03
-40.728000E-06,-402.010053396E-03
-40.720000E-06,-402.010053396E-03
-40.712000E-06,-402.010053396E-03
-40.704000E-06,-402.010053396E-03
-40.696000E-06,-402.010053396E-03
-40.688000E-06,-603.015077337E-03
-40.680000E-06,-402.010056154E-03
-40.672000E-06,-603.015077337E-03
-40.664000E-06,-603.015080094E-03
-40.656000E-06,-603.015080094E-03
-40.648000E-06,-402.010056155E-03
-40.640000E-06,-402.010053396E-03
-40.632000E-06,-402.010053396E-03
-40.624000E-06,-402.010053396E-03
-40.616000E-06,-402.010053396E-03
-40.608000E-06,-402.010053396E-03
-40.600000E-06,-603.015077336E-03
-40.592000E-06,-402.010056155E-03
-40.584000E-06,-603.015077336E-03
-40.576000E-06,-402.010056155E-03
-40.568000E-06,-603.015077336E-03
-40.560000E-06,-402.010056155E-03
-40.552000E-06,-402.010053396E-03
-40.544000E-06,-603.015077335E-03
-40.536000E-06,-603.015080094E-03
-40.528000E-06,-402.010056155E-03
-40.520000E-06,-402.010053396E-03
-40.512000E-06,-402.010053396E-03
-40.504000E-06,-402.010053396E-03
-40.496000E-06,-402.010053396E-03
-40.488000E-06,-402.010053396E-03
-40.480000E-06,-603.015077335E-03
-40.472000E-06,-402.010056156E-03
-40.464000E-06,-402.010053396E-03
-40.456000E-06,-402.010053396E-03
-40.448000E-06,-402.010053396E-03
-40.440000E-06,-402.010053396E-03
-40.432000E-06,-402.010053396E-03
-40.424000E-06,-402.010053396E-03
-40.416000E-06,-402.010053396E-03
-40.408000E-06,-603.015077335E-03
-40.400000E-06,-402.010056156E-03
-40.392000E-06,-603.015077334E-03
-40.384000E-06,-402.010056157E-03
-40.376000E-06,-603.015077334E-03
-40.368000E-06,-402.010056157E-03
-40.360000E-06,-201.005029459E-03
-40.352000E-06,-402.010050636E-03
-40.344000E-06,-402.010053396E-03
-40.336000E-06,-402.010053396E-03
-40.328000E-06,-603.015077333E-03
-40.320000E-06,-402.010056157E-03
-40.312000E-06,-603.015077333E-03
-40.304000E-06,-402.010056157E-03
-40.296000E-06,-402.010053396E-03
-40.288000E-06,-603.015077333E-03
-40.280000E-06,-603.015080094E-03
-40.272000E-06,-402.010056157E-03
-40.264000E-06,-402.010053396E-03
-40.256000E-06,-603.015077333E-03
-40.248000E-06,-402.010056157E-03
-40.240000E-06,-603.015077333E-03
-40.232000E-06,-402.010056157E-03
-40.224000E-06,-603.015077332E-03
-40.216000E-06,-603.015080094E-03
-40.208000E-06,-402.010056158E-03
-40.200000E-06,-402.010053396E-03
-40.192000E-06,-402.010053396E-03
-40.184000E-06,-603.015077332E-03
-40.176000E-06,-603.015080094E-03
-40.168000E-06,-402.010056159E-03
-40.160000E-06,-603.015077332E-03
-40.152000E-06,-603.015080094E-03
-40.144000E-06,-402.010056159E-03
-40.136000E-06,-402.010053396E-03
-40.128000E-06,-402.010053396E-03
-40.120000E-06,-402.010053396E-03
-40.112000E-06,-402.010053396E-03
-40.104000E-06,-402.010053396E-03
-40.096000E-06,-402.010053396E-03
-40.088000E-06,-402.010053396E-03
-40.080000E-06,-402.010053396E-03
-40.072000E-06,-402.010053396E-03
-40.064000E-06,-603.015077332E-03
-40.056000E-06,-402.010056160E-03
-40.048000E-06,-402.010053396E-03
-40.040000E-06,-402.010053396E-03
-40.032000E-06,-402.010053396E-03
-40.024000E-06,-402.010053396E-03
-40.016000E-06,-603.015077331E-03
-40.008000E-06,-402.010056160E-03
-40.000000E-06,-402.010053396E-03
-39.992000E-06,-402.010053396E-03
-39.984000E-06,-603.015077330E-03
-39.976000E-06,-402.010056160E-03
-39.968000E-06,-402.010053396E-03
-39.960000E-06,-402.010053396E-03
-39.952000E-06,-603.015077330E-03
-39.944000E-06,-603.015080094E-03
-39.936000E-06,-603.015080094E-03
-39.928000E-06,-402.010056160E-03
-39.920000E-06,-603.015077330E-03
-39.912000E-06,-402.010056160E-03
-39.904000E-06,-402.010053396E-03
-39.896000E-06,-402.010053396E-03
-39.888000E-06,-603.015077329E-03
-39.880000E-06,-201.005032228E-03
-39.872000E-06,-402.010050631E-03
-39.864000E-06,-402.010053396E-03
-39.856000E-06,-603.015077329E-03
-39.848000E-06,-402.010056161E-03
-39.840000E-06,-603.015077329E-03
-39.832000E-06,-402.010056162E-03
-39.824000E-06,-603.015077329E-03
-39.816000E-06,-402.010056162E-03
-39.808000E-06,-402.010053396E-03
-39.800000E-06,-402.010053396E-03
-39.792000E-06,-402.010053396E-03
-39.784000E-06,-603.015077329E-03
-39.776000E-06,-402.010056162E-03
-39.768000E-06,-402.010053396E-03
-39.760000E-06,-402.010053396E-03
-39.752000E-06,-603.015077329E-03
-39.744000E-06,-402.010056162E-03
-39.736000E-06,-603.015077329E-03
-39.728000E-06,-603.015080094E-03
-39.720000E-06,-603.015080094E-03
-39.712000E-06,-402.010056163E-03
-39.704000E-06,-402.010053396E-03
-39.696000E-06,-603.015077328E-03
-39.688000E-06,-402.010056163E-03
-39.680000E-06,-402.010053396E-03
-39.672000E-06,-603.015077328E-03
-39.664000E-06,-402.010056163E-03
-39.656000E-06,-402.010053396E-03
-39.648000E-06,-603.015077327E-03
-39.640000E-06,-402.010056163E-03
-39.632000E-06,-402.010053396E-03
-39.624000E-06,-603.015077327E-03
-39.616000E-06,-402.010056163E-03
-39.608000E-06,-603.015077327E-03
-39.600000E-06,-402.010056163E-03
-39.592000E-06,-402.010053396E-03
-39.584000E-06,-402.010053396E-03
-39.576000E-06,-603.015077327E-03
-39.568000E-06,-402.010056163E-03
-39.560000E-06,-603.015077327E-03
-39.552000E-06,-402.010056164E-03
-39.544000E-06,-603.015077327E-03
-39.536000E-06,-603.015080094E-03
-39.528000E-06,-603.015080094E-03
-39.520000E-06,-402.010056164E-03
-39.512000E-06,-402.010053396E-03
-39.504000E-06,-402.010053396E-03
-39.496000E-06,-402.010053396E-03
-39.488000E-06,-603.015077326E-03
-39.480000E-06,-603.015080094E-03
-39.472000E-06,-402.010056165E-03
-39.464000E-06,-603.015077326E-03
-39.456000E-06,-402.010056165E-03
-39.448000E-06,-402.010053396E-03
-39.440000E-06,-603.015077326E-03
-39.432000E-06,-603.015080094E-03
-39.424000E-06,-603.015080094E-03
-39.416000E-06,-603.015080094E-03
-39.408000E-06,-603.015080094E-03
-39.400000E-06,-402.010056165E-03
-39.392000E-06,-603.015077325E-03
-39.384000E-06,-603.015080094E-03
-39.376000E-06,-402.010056165E-03
-39.368000E-06,-402.010053396E-03
-39.360000E-06,-402.010053396E-03
-39.352000E-06,-402.010053396E-03
-39.344000E-06,-603.015077325E-03
-39.336000E-06,-603.015080094E-03
-39.328000E-06,-402.010056166E-03
-39.320000E-06,-603.015077324E-03
-39.312000E-06,-603.015080094E-03
-39.304000E-06,-603.015080094E-03
-39.296000E-06,-402.010056166E-03
-39.288000E-06,-402.010053396E-03
-39.280000E-06,-603.015077324E-03
-39.272000E-06,-402.010056166E-03
-39.264000E-06,-402.010053396E-03
-39.256000E-06,-402.010053396E-03
-39.248000E-06,-402.010053396E-03
-39.240000E-06,-603.015077324E-03
-39.232000E-06,-603.015080094E-03
-39.224000E-06,-603.015080094E-03
-39.216000E-06,-402.010056167E-03
-39.208000E-06,-402.010053396E-03
-39.200000E-06,-603.015077324E-03
-39.192000E-06,-402.010056167E-03
-39.184000E-06,-402.010053396E-03
-39.176000E-06,-603.015077324E-03
-39.168000E-06,-603.015080094E-03
-39.160000E-06,-603.015080094E-03
-39.152000E-06,-402.010056168E-03
-39.144000E-06,-402.010053396E-03
-39.136000E-06,-402.010053396E-03
-39.128000E-06,-603.015077323E-03
-39.120000E-06,-402.010056168E-03
-39.112000E-06,-603.015077323E-03
-39.104000E-06,-402.010056168E-03
-39.096000E-06,-603.015077323E-03
-39.088000E-06,-603.015080094E-03
-39.080000E-06,-603.015080094E-03
-39.072000E-06,-402.010056168E-03
-39.064000E-06,-603.015077323E-03
-39.056000E-06,-603.015080094E-03
-39.048000E-06,-402.010056168E-03
-39.040000E-06,-402.010053396E-03
-39.032000E-06,-603.015077322E-03
-39.024000E-06,-603.015080094E-03
-39.016000E-06,-402.010056168E-03
-39.008000E-06,-402.010053396E-03
-39.000000E-06,-402.010053396E-03
-38.992000E-06,-603.015077321E-03
-38.984000E-06,-402.010056169E-03
-38.976000E-06,-402.010053396E-03
-38.968000E-06,-603.015077321E-03
-38.960000E-06,-402.010056169E-03
-38.952000E-06,-603.015077321E-03
-38.944000E-06,-603.015080094E-03
-38.936000E-06,-603.015080094E-03
-38.928000E-06,-603.015080094E-03
-38.920000E-06,-402.010056169E-03
-38.912000E-06,-402.010053396E-03
-38.904000E-06,-603.015077321E-03
-38.896000E-06,-603.015080094E-03
-38.888000E-06,-402.010056170E-03
-38.880000E-06,-402.010053396E-03
-38.872000E-06,-402.010053396E-03
-38.864000E-06,-402.010053396E-03
-38.856000E-06,-603.015077321E-03
-38.848000E-06,-603.015080094E-03
-38.840000E-06,-603.015080094E-03
-38.832000E-06,-402.010056170E-03
-38.824000E-06,-402.010053396E-03
-38.816000E-06,-603.015077320E-03
-38.808000E-06,-402.010056171E-03
-38.800000E-06,-603.015077320E-03
-38.792000E-06,-402.010056171E-03
-38.784000E-06,-402.010053396E-03
-38.776000E-06,-402.010053396E-03
-38.768000E-06,-402.010053396E-03
-38.760000E-06,-402.010053396E-03
-38.752000E-06,-402.010053396E-03
-38.744000E-06,-402.010053396E-03
-38.736000E-06,-402.010053396E-03
-38.728000E-06,-402.010053396E-03
-38.720000E-06,-402.010053396E-03
-38.712000E-06,-402.010053396E-03
-38.704000E-06,-402.010053396E-03
-38.696000E-06,-402.010053396E-03
-38.688000E-06,-603.015077319E-03
-38.680000E-06,-402.010056171E-03
-38.672000E-06,-603.015077319E-03
-38.664000E-06,-603.015080094E-03
-38.656000E-06,-603.015080094E-03
-38.648000E-06,-603.015080094E-03
-38.640000E-06,-402.010056172E-03
-38.632000E-06,-402.010053396E-03
-38.624000E-06,-402.010053396E-03
-38.616000E-06,-603.015077319E-03
-38.608000E-06,-603.015080094E-03
-38.600000E-06,-603.015080094E-03
-38.592000E-06,-402.010056172E-03
-38.584000E-06,-603.015077319E-03
-38.576000E-06,-402.010056172E-03
-38.568000E-06,-402.010053396E-03
-38.560000E-06,-402.010053396E-03
-38.552000E-06,-402.010053396E-03
-38.544000E-06,-402.010053396E-03
-38.536000E-06,-402.010053396E-03
-38.528000E-06,-402.010053396E-03
-38.520000E-06,-402.010053396E-03
-38.512000E-06,-402.010053396E-03
-38.504000E-06,-603.015077318E-03
-38.496000E-06,-603.015080094E-03
-38.488000E-06,-402.010056174E-03
-38.480000E-06,-402.010053396E-03
-38.472000E-06,-402.010053396E-03
-38.464000E-06,-603.015077317E-03
-38.456000E-06,-402.010056174E-03
-38.448000E-06,-603.015077317E-03
-38.440000E-06,-402.010056174E-03
-38.432000E-06,-603.015077317E-03
-38.424000E-06,-402.010056174E-03
-38.416000E-06,-402.010053396E-03
-38.408000E-06,-603.015077317E-03
-38.400000E-06,-603.015080094E-03
-38.392000E-06,-603.015080094E-03
-38.384000E-06,-402.010056174E-03
-38.376000E-06,-603.015077316E-03
-38.368000E-06,-402.010056174E-03
-38.360000E-06,-402.010053396E-03
-38.352000E-06,-402.010053396E-03
-38.344000E-06,-402.010053396E-03
-38.336000E-06,-603.015077316E-03
-38.328000E-06,-603.015080094E-03
-38.320000E-06,-603.015080094E-03
-38.312000E-06,-402.010056175E-03
-38.304000E-06,-402.010053396E-03
-38.296000E-06,-402.010053396E-03
-38.288000E-06,-402.010053396E-03
-38.280000E-06,-402.010053396E-03
-38.272000E-06,-603.015077316E-03
-38.264000E-06,-402.010056175E-03
-38.256000E-06,-402.010053396E-03
-38.248000E-06,-603.015077316E-03
-38.240000E-06,-603.015080094E-03
-38.232000E-06,-402.010056175E-03
-38.224000E-06,-603.015077315E-03
-38.216000E-06,-402.010056176E-03
-38.208000E-06,-402.010053396E-03
-38.200000E-06,-402.010053396E-03
-38.192000E-06,-603.015077315E-03
-38.184000E-06,-402.010056176E-03
-38.176000E-06,-402.010053396E-03
-38.168000E-06,-603.015077315E-03
-38.160000E-06,-402.010056176E-03
-38.152000E-06,-402.010053396E-03
-38.144000E-06,-402.010053396E-03
-38.136000E-06,-402.010053396E-03
-38.128000E-06,-402.010053396E-03
-38.120000E-06,-603.015077314E-03
-38.112000E-06,-603.015080094E-03
-38.104000E-06,-402.010056176E-03
-38.096000E-06,-402.010053396E-03
-38.088000E-06,-402.010053396E-03
-38.080000E-06,-402.010053396E-03
-38.072000E-06,-402.010053396E-03
-38.064000E-06,-603.015077314E-03
-38.056000E-06,-402.010056177E-03
-38.048000E-06,-603.015077313E-03
-38.040000E-06,-402.010056177E-03
-38.032000E-06,-402.010053396E-03
-38.024000E-06,-402.010053396E-03
-38.016000E-06,-402.010053396E-03
-38.008000E-06,-603.015077313E-03
-38.000000E-06,-603.015080094E-03
-37.992000E-06,-603.015080094E-03
-37.984000E-06,-402.010056178E-03
-37.976000E-06,-402.010053396E-03
-37.968000E-06,-402.010053396E-03
-37.960000E-06,-402.010053396E-03
-37.952000E-06,-603.015077313E-03
-37.944000E-06,-402.010056178E-03
-37.936000E-06,-402.010053396E-03
-37.928000E-06,-402.010053396E-03
-37.920000E-06,-402.010053396E-03
-37.912000E-06,-402.010053396E-03
-37.904000E-06,-402.010053396E-03
-37.896000E-06,-402.010053396E-03
-37.888000E-06,-402.010053396E-03
-37.880000E-06,-603.015077312E-03
-37.872000E-06,-603.015080094E-03
-37.864000E-06,-402.010056179E-03
-37.856000E-06,-402.010053396E-03
-37.848000E-06,-402.010053396E-03
-37.840000E-06,-402.010053396E-03
-37.832000E-06,-402.010053396E-03
-37.824000E-06,-402.010053396E-03
-37.816000E-06,-402.010053396E-03
-37.808000E-06,-402.010053396E-03
-37.800000E-06,-402.010053396E-03
-37.792000E-06,-603.015077311E-03
-37.784000E-06,-402.010056179E-03
-37.776000E-06,-201.005029481E-03
-37.768000E-06,-402.010050613E-03
-37.760000E-06,-402.010053396E-03
-37.752000E-06,-603.015077311E-03
-37.744000E-06,-603.015080094E-03
-37.736000E-06,-603.015080094E-03
-37.728000E-06,-402.010056179E-03
-37.720000E-06,-603.015077310E-03
-37.712000E-06,-603.015080094E-03
-37.704000E-06,-402.010056180E-03
-37.696000E-06,-402.010053396E-03
-37.688000E-06,-402.010053396E-03
-37.680000E-06,-603.015077310E-03
-37.672000E-06,-402.010056180E-03
-37.664000E-06,-402.010053396E-03
-37.656000E-06,-402.010053396E-03
-37.648000E-06,-402.010053396E-03
-37.640000E-06,-402.010053396E-03
-37.632000E-06,-603.015077310E-03
-37.624000E-06,-402.010056181E-03
-37.616000E-06,-402.010053396E-03
-37.608000E-06,-402.010053396E-03
-37.600000E-06,-402.010053396E-03
-37.592000E-06,-402.010053396E-03
-37.584000E-06,-603.015077310E-03
-37.576000E-06,-402.010056181E-03
-37.568000E-06,-402.010053396E-03
-37.560000E-06,-402.010053396E-03
-37.552000E-06,-402.010053396E-03
-37.544000E-06,-603.015077309E-03
-37.536000E-06,-402.010056182E-03
-37.528000E-06,-603.015077309E-03
-37.520000E-06,-402.010056182E-03
-37.512000E-06,-402.010053396E-03
-37.504000E-06,-402.010053396E-03
-37.496000E-06,-402.010053396E-03
-37.488000E-06,-402.010053396E-03
-37.480000E-06,-402.010053396E-03
-37.472000E-06,-402.010053396E-03
-37.464000E-06,-603.015077308E-03
-37.456000E-06,-603.015080094E-03
-37.448000E-06,-402.010056182E-03
-37.440000E-06,-402.010053396E-03
-37.432000E-06,-402.010053396E-03
-37.424000E-06,-603.015077308E-03
-37.416000E-06,-402.010056182E-03
-37.408000E-06,-402.010053396E-03
-37.400000E-06,-402.010053396E-03
-37.392000E-06,-402.010053396E-03
-37.384000E-06,-603.015077308E-03
-37.376000E-06,-603.015080094E-03
-37.368000E-06,-402.010056183E-03
-37.360000E-06,-402.010053396E-03
-37.352000E-06,-402.010053396E-03
-37.344000E-06,-402.010053396E-03
-37.336000E-06,-402.010053396E-03
-37.328000E-06,-402.010053396E-03
-37.320000E-06,-402.010053396E-03
-37.312000E-06,-603.015077307E-03
-37.304000E-06,-402.010056184E-03
-37.296000E-06,-603.015077307E-03
-37.288000E-06,-402.010056184E-03
-37.280000E-06,-402.010053396E-03
-37.272000E-06,-402.010053396E-03
-37.264000E-06,-402.010053396E-03
-37.256000E-06,-402.010053396E-03
-37.248000E-06,-402.010053396E-03
-37.240000E-06,-603.015077307E-03
-37.232000E-06,-402.010056184E-03
-37.224000E-06,-603.015077307E-03
-37.216000E-06,-402.010056184E-03
-37.208000E-06,-402.010053396E-03
-37.200000E-06,-402.010053396E-03
-37.192000E-06,-402.010053396E-03
-37.184000E-06,-402.010053396E-03
-37.176000E-06,-402.010053396E-03
-37.168000E-06,-402.010053396E-03
-37.160000E-06,-402.010053396E-03
-37.152000E-06,-603.015077305E-03
-37.144000E-06,-603.015080094E-03
-37.136000E-06,-402.010056185E-03
-37.128000E-06,-402.010053396E-03
-37.120000E-06,-402.010053396E-03
-37.112000E-06,-402.010053396E-03
-37.104000E-06,-603.015077305E-03
-37.096000E-06,-402.010056185E-03
-37.088000E-06,-402.010053396E-03
-37.080000E-06,-402.010053396E-03
-37.072000E-06,-402.010053396E-03
-37.064000E-06,-603.015077305E-03
-37.056000E-06,-402.010056185E-03
-37.048000E-06,-402.010053396E-03
-37.040000E-06,-402.010053396E-03
-37.032000E-06,-402.010053396E-03
-37.024000E-06,-402.010053396E-03
-37.016000E-06,-402.010053396E-03
-37.008000E-06,-402.010053396E-03
-37.000000E-06,-402.010053396E-03
-36.992000E-06,-402.010053396E-03
-36.984000E-06,-402.010053396E-03
-36.976000E-06,-402.010053396E-03
-36.968000E-06,-603.015077304E-03
-36.960000E-06,-402.010056187E-03
-36.952000E-06,-402.010053396E-03
-36.944000E-06,-402.010053396E-03
-36.936000E-06,-402.010053396E-03
-36.928000E-06,-603.015077304E-03
-36.920000E-06,-603.015080094E-03
-36.912000E-06,-603.015080094E-03
-36.904000E-06,-402.010056187E-03
-36.896000E-06,-402.010053396E-03
-36.888000E-06,-402.010053396E-03
-36.880000E-06,-402.010053396E-03
-36.872000E-06,-402.010053396E-03
-36.864000E-06,-402.010053396E-03
-36.856000E-06,-402.010053396E-03
-36.848000E-06,-402.010053396E-03
-36.840000E-06,-402.010053396E-03
-36.832000E-06,-402.010053396E-03
-36.824000E-06,-402.010053396E-03
-36.816000E-06,-402.010053396E-03
-36.808000E-06,-402.010053396E-03
-36.800000E-06,-402.010053396E-03
-36.792000E-06,-603.015077302E-03
-36.784000E-06,-603.015080094E-03
-36.776000E-06,-402.010056188E-03
-36.768000E-06,-402.010053396E-03
-36.760000E-06,-402.010053396E-03
-36.752000E-06,-402.010053396E-03
-36.744000E-06,-402.010053396E-03
-36.736000E-06,-402.010053396E-03
-36.728000E-06,-402.010053396E-03
-36.720000E-06,-402.010053396E-03
-36.712000E-06,-402.010053396E-03
-36.704000E-06,-402.010053396E-03
-36.696000E-06,-603.015077302E-03
-36.688000E-06,-402.010056189E-03
-36.680000E-06,-402.010053396E-03
-36.672000E-06,-402.010053396E-03
-36.664000E-06,-402.010053396E-03
-36.656000E-06,-402.010053396E-03
-36.648000E-06,-603.015077301E-03
-36.640000E-06,-603.015080094E-03
-36.632000E-06,-402.010056190E-03
-36.624000E-06,-402.010053396E-03
-36.616000E-06,-402.010053396E-03
-36.608000E-06,-402.010053396E-03
-36.600000E-06,-603.015077301E-03
-36.592000E-06,-402.010056190E-03
-36.584000E-06,-402.010053396E-03
-36.576000E-06,-402.010053396E-03
-36.568000E-06,-402.010053396E-03
-36.560000E-06,-402.010053396E-03
-36.552000E-06,-402.010053396E-03
-36.544000E-06,-402.010053396E-03
-36.536000E-06,-402.010053396E-03
-36.528000E-06,-402.010053396E-03
-36.520000E-06,-603.015077300E-03
-36.512000E-06,-603.015080094E-03
-36.504000E-06,-402.010056190E-03
-36.496000E-06,-402.010053396E-03
-36.488000E-06,-603.015077299E-03
-36.480000E-06,-402.010056191E-03
-36.472000E-06,-402.010053396E-03
-36.464000E-06,-402.010053396E-03
-36.456000E-06,-402.010053396E-03
-36.448000E-06,-402.010053396E-03
-36.440000E-06,-402.010053396E-03
-36.432000E-06,-402.010053396E-03
-36.424000E-06,-402.010053396E-03
-36.416000E-06,-402.010053396E-03
-36.408000E-06,-402.010053396E-03
-36.400000E-06,-402.010053396E-03
-36.392000E-06,-402.010053396E-03
-36.384000E-06,-402.010053396E-03
-36.376000E-06,-402.010053396E-03
-36.368000E-06,-402.010053396E-03
-36.360000E-06,-603.015077299E-03
-36.352000E-06,-402.010056192E-03
-36.344000E-06,-402.010053396E-03
-36.336000E-06,-402.010053396E-03
-36.328000E-06,-402.010053396E-03
-36.320000E-06,-402.010053396E-03
-36.312000E-06,-402.010053396E-03
-36.304000E-06,-201.005029494E-03
-36.296000E-06,-603.015074502E-03
-36.288000E-06,-402.010056193E-03
-36.280000E-06,-402.010053396E-03
-36.272000E-06,-402.010053396E-03
-36.264000E-06,-402.010053396E-03
-36.256000E-06,-402.010053396E-03
-36.248000E-06,-402.010053396E-03
-36.240000E-06,-402.010053396E-03
-36.232000E-06,-603.015077298E-03
-36.224000E-06,-402.010056193E-03
-36.216000E-06,-603.015077297E-03
-36.208000E-06,-402.010056193E-03
-36.200000E-06,-402.010053396E-03
-36.192000E-06,-402.010053396E-03
-36.184000E-06,-402.010053396E-03
-36.176000E-06,-402.010053396E-03
-36.168000E-06,-402.010053396E-03
-36.160000E-06,-402.010053396E-03
-36.152000E-06,-402.010053396E-03
-36.144000E-06,-402.010053396E-03
-36.136000E-06,-402.010053396E-03
-36.128000E-06,-402.010053396E-03
-36.120000E-06,-402.010053396E-03
-36.112000E-06,-402.010053396E-03
-36.104000E-06,-402.010053396E-03
-36.096000E-06,-402.010053396E-03
-36.088000E-06,-402.010053396E-03
-36.080000E-06,-402.010053396E-03
-36.072000E-06,-402.010053396E-03
-36.064000E-06,-402.010053396E-03
-36.056000E-06,-603.015077297E-03
-36.048000E-06,-402.010056195E-03
-36.040000E-06,-402.010053396E-03
-36.032000E-06,-402.010053396E-03
-36.024000E-06,-402.010053396E-03
-36.016000E-06,-402.010053396E-03
-36.008000E-06,-402.010053396E-03
-36.000000E-06,-402.010053396E-03
-35.992000E-06,-402.010053396E-03
-35.984000E-06,-402.010053396E-03
-35.976000E-06,-402.010053396E-03
-35.968000E-06,-402.010053396E-03
-35.960000E-06,-402.010053396E-03
-35.952000E-06,-402.010053396E-03
-35.944000E-06,-402.010053396E-03
-35.936000E-06,-402.010053396E-03
-35.928000E-06,-402.010053396E-03
-35.920000E-06,-402.010053396E-03
-35.912000E-06,-402.010053396E-03
-35.904000E-06,-402.010053396E-03
-35.896000E-06,-402.010053396E-03
-35.888000E-06,-402.010053396E-03
-35.880000E-06,-402.010053396E-03
-35.872000E-06,-402.010053396E-03
-35.864000E-06,-402.010053396E-03
-35.856000E-06,-402.010053396E-03
-35.848000E-06,-402.010053396E-03
-35.840000E-06,-402.010053396E-03
-35.832000E-06,-402.010053396E-03
-35.824000E-06,-402.010053396E-03
-35.816000E-06,-402.010053396E-03
-35.808000E-06,-402.010053396E-03
-35.800000E-06,-402.010053396E-03
-35.792000E-06,-402.010053396E-03
-35.784000E-06,-201.005029499E-03
-35.776000E-06,-402.010050596E-03
-35.768000E-06,-402.010053396E-03
-35.760000E-06,-402.010053396E-03
-35.752000E-06,-402.010053396E-03
-35.744000E-06,-402.010053396E-03
-35.736000E-06,-603.015077294E-03
-35.728000E-06,-402.010056197E-03
-35.720000E-06,-402.010053396E-03
-35.712000E-06,-201.005029500E-03
-35.704000E-06,-402.010050595E-03
-35.696000E-06,-402.010053396E-03
-35.688000E-06,-603.015077293E-03
-35.680000E-06,-402.010056198E-03
-35.672000E-06,-402.010053396E-03
-35.664000E-06,-402.010053396E-03
-35.656000E-06,-402.010053396E-03
-35.648000E-06,-402.010053396E-03
-35.640000E-06,-402.010053396E-03
-35.632000E-06,-402.010053396E-03
-35.624000E-06,-402.010053396E-03
-35.616000E-06,-402.010053396E-03
-35.608000E-06,-402.010053396E-03
-35.600000E-06,-402.010053396E-03
-35.592000E-06,-402.010053396E-03
-35.584000E-06,-402.010053396E-03
-35.576000E-06,-402.010053396E-03
-35.568000E-06,-402.010053396E-03
-35.560000E-06,-402.010053396E-03
-35.552000E-06,-402.010053396E-03
-35.544000E-06,-402.010053396E-03
-35.536000E-06,-402.010053396E-03
-35.528000E-06,-402.010053396E-03
-35.520000E-06,-402.010053396E-03
-35.512000E-06,-402.010053396E-03
-35.504000E-06,-402.010053396E-03
-35.496000E-06,-402.010053396E-03
-35.488000E-06,-402.010053396E-03
-35.480000E-06,-402.010053396E-03
-35.472000E-06,-402.010053396E-03
-35.464000E-06,-402.010053396E-03
-35.456000E-06,-402.010053396E-03
-35.448000E-06,-402.010053396E-03
-35.440000E-06,-402.010053396E-03
-35.432000E-06,-402.010053396E-03
-35.424000E-06,-603.015077291E-03
-35.416000E-06,-402.010056200E-03
-35.408000E-06,-402.010053396E-03
-35.400000E-06,-402.010053396E-03
-35.392000E-06,-402.010053396E-03
-35.384000E-06,-402.010053396E-03
-35.376000E-06,-402.010053396E-03
-35.368000E-06,-402.010053396E-03
-35.360000E-06,-402.010053396E-03
-35.352000E-06,-402.010053396E-03
-35.344000E-06,-402.010053396E-03
-35.336000E-06,-402.010053396E-03
-35.328000E-06,-402.010053396E-03
-35.320000E-06,-402.010053396E-03
-35.312000E-06,-402.010053396E-03
-35.304000E-06,-402.010053396E-03
-35.296000E-06,-402.010053396E-03
-35.288000E-06,-402.010053396E-03
-35.280000E-06,-402.010053396E-03
-35.272000E-06,-402.010053396E-03
-35.264000E-06,-402.010053396E-03
-35.256000E-06,-402.010053396E-03
-35.248000E-06,-402.010053396E-03
-35.240000E-06,-402.010053396E-03
-35.232000E-06,-402.010053396E-03
-35.224000E-06,-402.010053396E-03
-35.216000E-06,-402.010053396E-03
-35.208000E-06,-402.010053396E-03
-35.200000E-06,-402.010053396E-03
-35.192000E-06,-402.010053396E-03
-35.184000E-06,-402.010053396E-03
-35.176000E-06,-402.010053396E-03
-35.168000E-06,-201.005029504E-03
-35.160000E-06,-603.015074483E-03
-35.152000E-06,-402.010056203E-03
-35.144000E-06,-402.010053396E-03
-35.136000E-06,-201.005029505E-03
-35.128000E-06,-402.010050590E-03
-35.120000E-06,-402.010053396E-03
-35.112000E-06,-402.010053396E-03
-35.104000E-06,-402.010053396E-03
-35.096000E-06,-402.010053396E-03
-35.088000E-06,-402.010053396E-03
-35.080000E-06,-402.010053396E-03
-35.072000E-06,-402.010053396E-03
-35.064000E-06,-402.010053396E-03
-35.056000E-06,-402.010053396E-03
-35.048000E-06,-402.010053396E-03
-35.040000E-06,-402.010053396E-03
-35.032000E-06,-402.010053396E-03
-35.024000E-06,-402.010053396E-03
-35.016000E-06,-402.010053396E-03
-35.008000E-06,-402.010053396E-03
-35.000000E-06,-402.010053396E-03
-34.992000E-06,-402.010053396E-03
-34.984000E-06,-402.010053396E-03
-34.976000E-06,-201.005029506E-03
-34.968000E-06,-402.010050588E-03
-34.960000E-06,-402.010053396E-03
-34.952000E-06,-402.010053396E-03
-34.944000E-06,-402.010053396E-03
-34.936000E-06,-402.010053396E-03
-34.928000E-06,-402.010053396E-03
-34.920000E-06,-402.010053396E-03
-34.912000E-06,-402.010053396E-03
-34.904000E-06,-402.010053396E-03
-34.896000E-06,-402.010053396E-03
-34.888000E-06,-402.010053396E-03
-34.880000E-06,-402.010053396E-03
-34.872000E-06,-402.010053396E-03
-34.864000E-06,-402.010053396E-03
-34.856000E-06,-402.010053396E-03
-34.848000E-06,-402.010053396E-03
-34.840000E-06,-402.010053396E-03
-34.832000E-06,-402.010053396E-03
-34.824000E-06,-402.010053396E-03
-34.816000E-06,-402.010053396E-03
-34.808000E-06,-402.010053396E-03
-34.800000E-06,-402.010053396E-03
-34.792000E-06,-402.010053396E-03
-34.784000E-06,-402.010053396E-03
-34.776000E-06,-603.015077285E-03
-34.768000E-06,-402.010056206E-03
-34.760000E-06,-402.010053396E-03
-34.752000E-06,-402.010053396E-03
-34.744000E-06,-402.010053396E-03
-34.736000E-06,-402.010053396E-03
-34.728000E-06,-201.005029508E-03
-34.720000E-06,-402.010050587E-03
-34.712000E-06,-402.010053396E-03
-34.704000E-06,-402.010053396E-03
-34.696000E-06,-402.010053396E-03
-34.688000E-06,-402.010053396E-03
-34.680000E-06,-603.015077284E-03
-34.672000E-06,-402.010056206E-03
-34.664000E-06,-402.010053396E-03
-34.656000E-06,-402.010053396E-03
-34.648000E-06,-402.010053396E-03
-34.640000E-06,-402.010053396E-03
-34.632000E-06,-402.010053396E-03
-34.624000E-06,-402.010053396E-03
-34.616000E-06,-402.010053396E-03
-34.608000E-06,-402.010053396E-03
-34.600000E-06,-402.010053396E-03
-34.592000E-06,-402.010053396E-03
-34.584000E-06,-402.010053396E-03
-34.576000E-06,-402.010053396E-03
-34.568000E-06,-402.010053396E-03
-34.560000E-06,-402.010053396E-03
-34.552000E-06,-402.010053396E-03
-34.544000E-06,-201.005029510E-03
-34.536000E-06,-402.010050585E-03
-34.528000E-06,-402.010053396E-03
-34.520000E-06,-603.015077283E-03
-34.512000E-06,-402.010056208E-03
-34.504000E-06,-402.010053396E-03
-34.496000E-06,-402.010053396E-03
-34.488000E-06,-402.010053396E-03
-34.480000E-06,-402.010053396E-03
-34.472000E-06,-201.005029511E-03
-34.464000E-06,-402.010050584E-03
-34.456000E-06,-402.010053396E-03
-34.448000E-06,-402.010053396E-03
-34.440000E-06,-402.010053396E-03
-34.432000E-06,-402.010053396E-03
-34.424000E-06,-402.010053396E-03
-34.416000E-06,-402.010053396E-03
-34.408000E-06,-402.010053396E-03
-34.400000E-06,-402.010053396E-03
-34.392000E-06,-402.010053396E-03
-34.384000E-06,-402.010053396E-03
-34.376000E-06,-402.010053396E-03
-34.368000E-06,-402.010053396E-03
-34.360000E-06,-402.010053396E-03
-34.352000E-06,-402.010053396E-03
-34.344000E-06,-402.010053396E-03
-34.336000E-06,-402.010053396E-03
-34.328000E-06,-402.010053396E-03
-34.320000E-06,-402.010053396E-03
-34.312000E-06,-402.010053396E-03
-34.304000E-06,-402.010053396E-03
-34.296000E-06,-402.010053396E-03
-34.288000E-06,-402.010053396E-03
-34.280000E-06,-402.010053396E-03
-34.272000E-06,-402.010053396E-03
-34.264000E-06,-402.010053396E-03
-34.256000E-06,-201.005029512E-03
-34.248000E-06,-402.010050582E-03
-34.240000E-06,-402.010053396E-03
-34.232000E-06,-402.010053396E-03
-34.224000E-06,-201.005029512E-03
-34.216000E-06,-402.010050582E-03
-34.208000E-06,-402.010053396E-03
-34.200000E-06,-402.010053396E-03
-34.192000E-06,-201.005029513E-03
-34.184000E-06,-402.010050582E-03
-34.176000E-06,-402.010053396E-03
-34.168000E-06,-402.010053396E-03
-34.160000E-06,-402.010053396E-03
-34.152000E-06,-402.010053396E-03
-34.144000E-06,-402.010053396E-03
-34.136000E-06,-402.010053396E-03
-34.128000E-06,-402.010053396E-03
-34.120000E-06,-402.010053396E-03
-34.112000E-06,-402.010053396E-03
-34.104000E-06,-201.005029513E-03
-34.096000E-06,-402.010050581E-03
-34.088000E-06,-402.010053396E-03
-34.080000E-06,-402.010053396E-03
-34.072000E-06,-402.010053396E-03
-34.064000E-06,-201.005029513E-03
-34.056000E-06,-402.010050581E-03
-34.048000E-06,-402.010053396E-03
-34.040000E-06,-402.010053396E-03
-34.032000E-06,-402.010053396E-03
-34.024000E-06,-402.010053396E-03
-34.016000E-06,-402.010053396E-03
-34.008000E-06,-402.010053396E-03
-34.000000E-06,-402.010053396E-03
-33.992000E-06,-402.010053396E-03
-33.984000E-06,-402.010053396E-03
-33.976000E-06,-402.010053396E-03
-33.968000E-06,-402.010053396E-03
-33.960000E-06,-201.005029515E-03
-33.952000E-06,-201.005026698E-03
-33.944000E-06,-201.005026698E-03
-33.936000E-06,-402.010050579E-03
-33.928000E-06,-201.005029515E-03
-33.920000E-06,-402.010050579E-03
-33.912000E-06,-201.005029515E-03
-33.904000E-06,-402.010050579E-03
-33.896000E-06,-402.010053396E-03
-33.888000E-06,-402.010053396E-03
-33.880000E-06,-402.010053396E-03
-33.872000E-06,-402.010053396E-03
-33.864000E-06,-201.005029516E-03
-33.856000E-06,-402.010050579E-03
-33.848000E-06,-201.005029516E-03
-33.840000E-06,-201.005026698E-03
-33.832000E-06,-201.005026698E-03
-33.824000E-06,-402.010050579E-03
-33.816000E-06,-402.010053396E-03
-33.808000E-06,-402.010053396E-03
-33.800000E-06,-201.005029516E-03
-33.792000E-06,-402.010050578E-03
-33.784000E-06,-402.010053396E-03
-33.776000E-06,-402.010053396E-03
-33.768000E-06,-402.010053396E-03
-33.760000E-06,-201.005029516E-03
-33.752000E-06,-402.010050578E-03
-33.744000E-06,-201.005029516E-03
-33.736000E-06,-402.010050578E-03
-33.728000E-06,-402.010053396E-03
-33.720000E-06,-201.005029516E-03
-33.712000E-06,-201.005026698E-03
-33.704000E-06,-402.010050577E-03
-33.696000E-06,-201.005029517E-03
-33.688000E-06,-201.005026698E-03
-33.680000E-06,-402.010050577E-03
-33.672000E-06,-402.010053396E-03
-33.664000E-06,-402.010053396E-03
-33.656000E-06,-201.005029517E-03
-33.648000E-06,-402.010050577E-03
-33.640000E-06,-402.010053396E-03
-33.632000E-06,-201.005029518E-03
-33.624000E-06,-402.010050577E-03
-33.616000E-06,-402.010053396E-03
-33.608000E-06,-201.005029518E-03
-33.600000E-06,-402.010050577E-03
-33.592000E-06,-402.010053396E-03
-33.584000E-06,-402.010053396E-03
-33.576000E-06,-402.010053396E-03
-33.568000E-06,-402.010053396E-03
-33.560000E-06,-402.010053396E-03
-33.552000E-06,-201.005029518E-03
-33.544000E-06,-402.010050576E-03
-33.536000E-06,-201.005029519E-03
-33.528000E-06,-201.005026698E-03
-33.520000E-06,-201.005026698E-03
-33.512000E-06,-402.010050576E-03
-33.504000E-06,-201.005029519E-03
-33.496000E-06,-201.005026698E-03
-33.488000E-06,-201.005026698E-03
-33.480000E-06,-402.010050575E-03
-33.472000E-06,-402.010053396E-03
-33.464000E-06,-402.010053396E-03
-33.456000E-06,-402.010053396E-03
-33.448000E-06,-402.010053396E-03
-33.440000E-06,-402.010053396E-03
-33.432000E-06,-402.010053396E-03
-33.424000E-06,-402.010053396E-03
-33.416000E-06,-402.010053396E-03
-33.408000E-06,-402.010053396E-03
-33.400000E-06,-201.005029519E-03
-33.392000E-06,-402.010050575E-03
-33.384000E-06,-402.010053396E-03
-33.376000E-06,-402.010053396E-03
-33.368000E-06,-402.010053396E-03
-33.360000E-06,-402.010053396E-03
-33.352000E-06,-402.010053396E-03
-33.344000E-06,-201.005029520E-03
-33.336000E-06,-201.005026698E-03
-33.328000E-06,-402.010050574E-03
-33.320000E-06,-201.005029520E-03
-33.312000E-06,-201.005026698E-03
-33.304000E-06,-201.005026698E-03
-33.296000E-06,-402.010050574E-03
-33.288000E-06,-402.010053396E-03
-33.280000E-06,-201.005029521E-03
-33.272000E-06,-201.005026698E-03
-33.264000E-06,-201.005026698E-03
-33.256000E-06,-201.005026698E-03
-33.248000E-06,-402.010050574E-03
-33.240000E-06,-402.010053396E-03
-33.232000E-06,-201.005029521E-03
-33.224000E-06,-402.010050574E-03
-33.216000E-06,-201.005029521E-03
-33.208000E-06,-201.005026698E-03
-33.200000E-06,-402.010050573E-03
-33.192000E-06,-201.005029521E-03
-33.184000E-06,-201.005026698E-03
-33.176000E-06,-402.010050573E-03
-33.168000E-06,-201.005029521E-03
-33.160000E-06,-402.010050573E-03
-33.152000E-06,-201.005029521E-03
-33.144000E-06,-201.005026698E-03
-33.136000E-06,-402.010050572E-03
-33.128000E-06,-402.010053396E-03
-33.120000E-06,-201.005029522E-03
-33.112000E-06,-402.010050572E-03
-33.104000E-06,-402.010053396E-03
-33.096000E-06,-201.005029522E-03
-33.088000E-06,-201.005026698E-03
-33.080000E-06,-201.005026698E-03
-33.072000E-06,-201.005026698E-03
-33.064000E-06,-402.010050572E-03
-33.056000E-06,-402.010053396E-03
-33.048000E-06,-402.010053396E-03
-33.040000E-06,-402.010053396E-03
-33.032000E-06,-402.010053396E-03
-33.024000E-06,-402.010053396E-03
-33.016000E-06,-201.005029523E-03
-33.008000E-06,-201.005026698E-03
-33.000000E-06,-402.010050571E-03
-32.992000E-06,-201.005029523E-03
-32.984000E-06,-402.010050571E-03
-32.976000E-06,-201.005029524E-03
-32.968000E-06,-201.005026698E-03
-32.960000E-06,-201.005026698E-03
-32.952000E-06,-402.010050571E-03
-32.944000E-06,-402.010053396E-03
-32.936000E-06,-402.010053396E-03
-32.928000E-06,-402.010053396E-03
-32.920000E-06,-201.005029524E-03
-32.912000E-06,-201.005026698E-03
-32.904000E-06,-402.010050571E-03
-32.896000E-06,-402.010053396E-03
-32.888000E-06,-201.005029524E-03
-32.880000E-06,-402.010050571E-03
-32.872000E-06,-402.010053396E-03
-32.864000E-06,-201.005029524E-03
-32.856000E-06,-201.005026698E-03
-32.848000E-06,-402.010050570E-03
-32.840000E-06,-402.010053396E-03
-32.832000E-06,-402.010053396E-03
-32.824000E-06,-201.005029524E-03
-32.816000E-06,-201.005026698E-03
-32.808000E-06,-201.005026698E-03
-32.800000E-06,-201.005026698E-03
-32.792000E-06,-402.010050569E-03
-32.784000E-06,-201.005029525E-03
-32.776000E-06,-402.010050569E-03
-32.768000E-06,-201.005029525E-03
-32.760000E-06,-402.010050569E-03
-32.752000E-06,-201.005029525E-03
-32.744000E-06,-201.005026698E-03
-32.736000E-06,-402.010050569E-03
-32.728000E-06,-201.005029525E-03
-32.720000E-06,-201.005026698E-03
-32.712000E-06,-402.010050568E-03
-32.704000E-06,-201.005029526E-03
-32.696000E-06,-201.005026698E-03
-32.688000E-06,-201.005026698E-03
-32.680000E-06,-201.005026698E-03
-32.672000E-06,-201.005026698E-03
-32.664000E-06,-201.005026698E-03
-32.656000E-06,-402.010050568E-03
-32.648000E-06,-201.005029526E-03
-32.640000E-06,-402.010050568E-03
-32.632000E-06,-201.005029527E-03
-32.624000E-06,-201.005026698E-03
-32.616000E-06,-201.005026698E-03
-32.608000E-06,-402.010050568E-03
-32.600000E-06,-201.005029527E-03
-32.592000E-06,-201.005026698E-03
-32.584000E-06,-201.005026698E-03
-32.576000E-06,-402.010050568E-03
-32.568000E-06,-201.005029527E-03
-32.560000E-06,-201.005026698E-03
-32.552000E-06,-201.005026698E-03
-32.544000E-06,-402.010050567E-03
-32.536000E-06,-402.010053396E-03
-32.528000E-06,-201.005029527E-03
-32.520000E-06,-201.005026698E-03
-32.512000E-06,-201.005026698E-03
-32.504000E-06,-201.005026698E-03
-32.496000E-06,-201.005026698E-03
-32.488000E-06,-201.005026698E-03
-32.480000E-06,-402.010050567E-03
-32.472000E-06,-201.005029528E-03
-32.464000E-06,-402.010050566E-03
-32.456000E-06,-402.010053396E-03
-32.448000E-06,-402.010053396E-03
-32.440000E-06,-201.005029528E-03
-32.432000E-06,-201.005026698E-03
-32.424000E-06,-402.010050566E-03
-32.416000E-06,-402.010053396E-03
-32.408000E-06,-201.005029528E-03
-32.400000E-06,-201.005026698E-03
-32.392000E-06,-201.005026698E-03
-32.384000E-06,-201.005026698E-03
-32.376000E-06,-201.005026698E-03
-32.368000E-06,-201.005026698E-03
-32.360000E-06,-201.005026698E-03
-32.352000E-06,-201.005026698E-03
-32.344000E-06,-201.005026698E-03
-32.336000E-06,-201.005026698E-03
-32.328000E-06,-201.005026698E-03
-32.320000E-06,-402.010050566E-03
-32.312000E-06,-201.005029529E-03
-32.304000E-06,-201.005026698E-03
-32.296000E-06,-201.005026698E-03
-32.288000E-06,-201.005026698E-03
-32.280000E-06,-402.010050565E-03
-32.272000E-06,-402.010053396E-03
-32.264000E-06,-201.005029530E-03
-32.256000E-06,-201.005026698E-03
-32.248000E-06,-201.005026698E-03
-32.240000E-06,-201.005026698E-03
-32.232000E-06,-201.005026698E-03
-32.224000E-06,-402.010050565E-03
-32.216000E-06,-402.010053396E-03
-32.208000E-06,-402.010053396E-03
-32.200000E-06,-201.005029530E-03
-32.192000E-06,-402.010050564E-03
-32.184000E-06,-201.005029530E-03
-32.176000E-06,-402.010050564E-03
-32.168000E-06,-201.005029530E-03
-32.160000E-06,-201.005026698E-03
-32.152000E-06,-201.005026698E-03
-32.144000E-06,-201.005026698E-03
-32.136000E-06,-201.005026698E-03
-32.128000E-06,-201.005026698E-03
-32.120000E-06,-402.010050563E-03
-32.112000E-06,-201.005029531E-03
-32.104000E-06,-201.005026698E-03
-32.096000E-06,-201.005026698E-03
-32.088000E-06,-201.005026698E-03
-32.080000E-06,-201.005026698E-03
-32.072000E-06,-201.005026698E-03
-32.064000E-06,-201.005026698E-03
-32.056000E-06,-201.005026698E-03
-32.048000E-06,-201.005026698E-03
-32.040000E-06,-201.005026698E-03
-32.032000E-06,-402.010050563E-03
-32.024000E-06,-201.005029532E-03
-32.016000E-06,-201.005026698E-03
-32.008000E-06,-201.005026698E-03
-32.000000E-06,-402.010050563E-03
-31.992000E-06,-201.005029532E-03
-31.984000E-06,-402.010050563E-03
-31.976000E-06,-201.005029532E-03
-31.968000E-06,-201.005026698E-03
-31.960000E-06,-201.005026698E-03
-31.952000E-06,-201.005026698E-03
-31.944000E-06,-201.005026698E-03
-31.936000E-06,-201.005026698E-03
-31.928000E-06,-201.005026698E-03
-31.920000E-06,-201.005026698E-03
-31.912000E-06,-201.005026698E-03
-31.904000E-06,-201.005026698E-03
-31.896000E-06,-201.005026698E-03
-31.888000E-06,-201.005026698E-03
-31.880000E-06,-201.005026698E-03
-31.872000E-06,-201.005026698E-03
-31.864000E-06,-201.005026698E-03
-31.856000E-06,-201.005026698E-03
-31.848000E-06,-201.005026698E-03
-31.840000E-06,-402.010050561E-03
-31.832000E-06,-201.005029533E-03
-31.824000E-06,-201.005026698E-03
-31.816000E-06,-201.005026698E-03
-31.808000E-06,-201.005026698E-03
-31.800000E-06,-201.005026698E-03
-31.792000E-06,-201.005026698E-03
-31.784000E-06,-402.010050560E-03
-31.776000E-06,-201.005029534E-03
-31.768000E-06,-402.010050560E-03
-31.760000E-06,-201.005029534E-03
-31.752000E-06,-201.005026698E-03
-31.744000E-06,-201.005026698E-03
-31.736000E-06,-201.005026698E-03
-31.728000E-06,-402.010050560E-03
-31.720000E-06,-201.005029534E-03
-31.712000E-06,-201.005026698E-03
-31.704000E-06,-201.005026698E-03
-31.696000E-06,-201.005026698E-03
-31.688000E-06,-201.005026698E-03
-31.680000E-06,-201.005026698E-03
-31.672000E-06,-201.005026698E-03
-31.664000E-06,-201.005026698E-03
-31.656000E-06,-201.005026698E-03
-31.648000E-06,-201.005026698E-03
-31.640000E-06,-201.005026698E-03
-31.632000E-06,-201.005026698E-03
-31.624000E-06,-402.010050559E-03
-31.616000E-06,-402.010053396E-03
-31.608000E-06,-201.005029535E-03
-31.600000E-06,-201.005026698E-03
-31.592000E-06,-201.005026698E-03
-31.584000E-06,-201.005026698E-03
-31.576000E-06,-201.005026698E-03
-31.568000E-06,-201.005026698E-03
-31.560000E-06,-402.010050559E-03
-31.552000E-06,-402.010053396E-03
-31.544000E-06,-402.010053396E-03
-31.536000E-06,-201.005029536E-03
-31.528000E-06,-402.010050558E-03
-31.520000E-06,-402.010053396E-03
-31.512000E-06,-201.005029536E-03
-31.504000E-06,-201.005026698E-03
-31.496000E-06,-201.005026698E-03
-31.488000E-06,-201.005026698E-03
-31.480000E-06,-201.005026698E-03
-31.472000E-06,-201.005026698E-03
-31.464000E-06,-2.839E-09
-31.456000E-06,-402.010047719E-03
-31.448000E-06,-201.005029537E-03
-31.440000E-06,-201.005026698E-03
-31.432000E-06,-201.005026698E-03
-31.424000E-06,-201.005026698E-03
-31.416000E-06,-402.010050558E-03
-31.408000E-06,-402.010053396E-03
-31.400000E-06,-201.005029537E-03
-31.392000E-06,-201.005026698E-03
-31.384000E-06,-201.005026698E-03
-31.376000E-06,-201.005026698E-03
-31.368000E-06,-201.005026698E-03
-31.360000E-06,-201.005026698E-03
-31.352000E-06,-201.005026698E-03
-31.344000E-06,-201.005026698E-03
-31.336000E-06,-402.010050557E-03
-31.328000E-06,-402.010053396E-03
-31.320000E-06,-402.010053396E-03
-31.312000E-06,-201.005029538E-03
-31.304000E-06,-201.005026698E-03
-31.296000E-06,-201.005026698E-03
-31.288000E-06,-201.005026698E-03
-31.280000E-06,-201.005026698E-03
-31.272000E-06,-402.010050556E-03
-31.264000E-06,-402.010053396E-03
-31.256000E-06,-201.005029538E-03
-31.248000E-06,-402.010050556E-03
-31.240000E-06,-201.005029538E-03
-31.232000E-06,-201.005026698E-03
-31.224000E-06,-201.005026698E-03
-31.216000E-06,-201.005026698E-03
-31.208000E-06,-201.005026698E-03
-31.200000E-06,-201.005026698E-03
-31.192000E-06,-201.005026698E-03
-31.184000E-06,-201.005026698E-03
-31.176000E-06,-201.005026698E-03
-31.168000E-06,-201.005026698E-03
-31.160000E-06,-201.005026698E-03
-31.152000E-06,-201.005026698E-03
-31.144000E-06,-201.005026698E-03
-31.136000E-06,-201.005026698E-03
-31.128000E-06,-201.005026698E-03
-31.120000E-06,-201.005026698E-03
-31.112000E-06,-201.005026698E-03
-31.104000E-06,-201.005026698E-03
-31.096000E-06,-201.005026698E-03
-31.088000E-06,-201.005026698E-03
-31.080000E-06,-201.005026698E-03
-31.072000E-06,-201.005026698E-03
-31.064000E-06,-402.010050555E-03
-31.056000E-06,-5.683E-09
-31.048000E-06,-201.005023856E-03
-31.040000E-06,-201.005026698E-03
-31.032000E-06,-201.005026698E-03
-31.024000E-06,-201.005026698E-03
-31.016000E-06,-201.005026698E-03
-31.008000E-06,-201.005026698E-03
-31.000000E-06,-201.005026698E-03
-30.992000E-06,-201.005026698E-03
-30.984000E-06,-201.005026698E-03
-30.976000E-06,-201.005026698E-03
-30.968000E-06,-201.005026698E-03
-30.960000E-06,-201.005026698E-03
-30.952000E-06,-201.005026698E-03
-30.944000E-06,-201.005026698E-03
-30.936000E-06,-201.005026698E-03
-30.928000E-06,-201.005026698E-03
-30.920000E-06,-201.005026698E-03
-30.912000E-06,-201.005026698E-03
-30.904000E-06,-201.005026698E-03
-30.896000E-06,-201.005026698E-03
-30.888000E-06,-201.005026698E-03
-30.880000E-06,-201.005026698E-03
-30.872000E-06,-201.005026698E-03
-30.864000E-06,-201.005026698E-03
-30.856000E-06,-201.005026698E-03
-30.848000E-06,-201.005026698E-03
-30.840000E-06,-201.005026698E-03
-30.832000E-06,-201.005026698E-03
-30.824000E-06,-201.005026698E-03
-30.816000E-06,-201.005026698E-03
-30.808000E-06,-201.005026698E-03
-30.800000E-06,-201.005026698E-03
-30.792000E-06,-201.005026698E-03
-30.784000E-06,-2.845E-09
-30.776000E-06,-201.005023854E-03
-30.768000E-06,-201.005026698E-03
-30.760000E-06,-201.005026698E-03
-30.752000E-06,-201.005026698E-03
-30.744000E-06,-201.005026698E-03
-30.736000E-06,-2.845E-09
-30.728000E-06,-201.005023854E-03
-30.720000E-06,-201.005026698E-03
-30.712000E-06,-201.005026698E-03
-30.704000E-06,-201.005026698E-03
-30.696000E-06,-201.005026698E-03
-30.688000E-06,-201.005026698E-03
-30.680000E-06,-201.005026698E-03
-30.672000E-06,-201.005026698E-03
-30.664000E-06,-201.005026698E-03
-30.656000E-06,-2.845E-09
-30.648000E-06,-201.005023853E-03
-30.640000E-06,-201.005026698E-03
-30.632000E-06,-201.005026698E-03
-30.624000E-06,-201.005026698E-03
-30.616000E-06,-201.005026698E-03
-30.608000E-06,-201.005026698E-03
-30.600000E-06,-201.005026698E-03
-30.592000E-06,-201.005026698E-03
-30.584000E-06,-201.005026698E-03
-30.576000E-06,-402.010050550E-03
-30.568000E-06,-201.005029544E-03
-30.560000E-06,-201.005026698E-03
-30.552000E-06,-201.005026698E-03
-30.544000E-06,-201.005026698E-03
-30.536000E-06,-201.005026698E-03
-30.528000E-06,-201.005026698E-03
-30.520000E-06,-201.005026698E-03
-30.512000E-06,-201.005026698E-03
-30.504000E-06,-201.005026698E-03
-30.496000E-06,-201.005026698E-03
-30.488000E-06,-201.005026698E-03
-30.480000E-06,-201.005026698E-03
-30.472000E-06,-201.005026698E-03
-30.464000E-06,-201.005026698E-03
-30.456000E-06,-201.005026698E-03
-30.448000E-06,-201.005026698E-03
-30.440000E-06,-201.005026698E-03
-30.432000E-06,-201.005026698E-03
-30.424000E-06,-201.005026698E-03
-30.416000E-06,-201.005026698E-03
-30.408000E-06,-201.005026698E-03
-30.400000E-06,-201.005026698E-03
-30.392000E-06,-201.005026698E-03
-30.384000E-06,-201.005026698E-03
-30.376000E-06,-201.005026698E-03
-30.368000E-06,-201.005026698E-03
-30.360000E-06,-201.005026698E-03
-30.352000E-06,-201.005026698E-03
-30.344000E-06,-201.005026698E-03
-30.336000E-06,-201.005026698E-03
-30.328000E-06,-201.005026698E-03
-30.320000E-06,-201.005026698E-03
-30.312000E-06,-201.005026698E-03
-30.304000E-06,-201.005026698E-03
-30.296000E-06,-201.005026698E-03
-30.288000E-06,-201.005026698E-03
-30.280000E-06,-201.005026698E-03
-30.272000E-06,-201.005026698E-03
-30.264000E-06,-201.005026698E-03
-30.256000E-06,-201.005026698E-03
-30.248000E-06,-201.005026698E-03
-30.240000E-06,-201.005026698E-03
-30.232000E-06,-201.005026698E-03
-30.224000E-06,-201.005026698E-03
-30.216000E-06,-201.005026698E-03
-30.208000E-06,-201.005026698E-03
-30.200000E-06,-201.005026698E-03
-30.192000E-06,-201.005026698E-03
-30.184000E-06,-201.005026698E-03
-30.176000E-06,-201.005026698E-03
-30.168000E-06,-201.005026698E-03
-30.160000E-06,-201.005026698E-03
-30.152000E-06,-201.005026698E-03
-30.144000E-06,-201.005026698E-03
-30.136000E-06,-201.005026698E-03
-30.128000E-06,-201.005026698E-03
-30.120000E-06,-201.005026698E-03
-30.112000E-06,-201.005026698E-03
-30.104000E-06,-201.005026698E-03
-30.096000E-06,-201.005026698E-03
-30.088000E-06,-201.005026698E-03
-30.080000E-06,-201.005026698E-03
-30.072000E-06,-201.005026698E-03
-30.064000E-06,-201.005026698E-03
-30.056000E-06,-201.005026698E-03
-30.048000E-06,-2.846E-09
-30.040000E-06,-201.005023852E-03
-30.032000E-06,-2.846E-09
-30.024000E-06,-201.005023852E-03
-30.016000E-06,-201.005026698E-03
-30.008000E-06,-201.005026698E-03
-30.000000E-06,-201.005026698E-03
-29.992000E-06,-201.005026698E-03
-29.984000E-06,-201.005026698E-03
-29.976000E-06,-2.845E-09
-29.968000E-06,-201.005023853E-03
-29.960000E-06,-201.005026698E-03
-29.952000E-06,-201.005026698E-03
-29.944000E-06,-201.005026698E-03
-29.936000E-06,-201.005026698E-03
-29.928000E-06,-201.005026698E-03
-29.920000E-06,-201.005026698E-03
-29.912000E-06,-201.005026698E-03
-29.904000E-06,-201.005026698E-03
-29.896000E-06,-201.005026698E-03
-29.888000E-06,-201.005026698E-03
-29.880000E-06,-201.005026698E-03
-29.872000E-06,-201.005026698E-03
-29.864000E-06,-2.845E-09
-29.856000E-06,-201.005023853E-03
-29.848000E-06,-201.005026698E-03
-29.840000E-06,-2.845E-09
-29.832000E-06,-201.005023853E-03
-29.824000E-06,-201.005026698E-03
-29.816000E-06,-201.005026698E-03
-29.808000E-06,-201.005026698E-03
-29.800000E-06,-201.005026698E-03
-29.792000E-06,-201.005026698E-03
-29.784000E-06,-201.005026698E-03
-29.776000E-06,-201.005026698E-03
-29.768000E-06,-201.005026698E-03
-29.760000E-06,-201.005026698E-03
-29.752000E-06,-201.005026698E-03
-29.744000E-06,-201.005026698E-03
-29.736000E-06,-201.005026698E-03
-29.728000E-06,-201.005026698E-03
-29.720000E-06,-201.005026698E-03
-29.712000E-06,-201.005026698E-03
-29.704000E-06,-201.005026698E-03
-29.696000E-06,-201.005026698E-03
-29.688000E-06,-201.005026698E-03
-29.680000E-06,-201.005026698E-03
-29.672000E-06,-201.005026698E-03
-29.664000E-06,-201.005026698E-03
-29.656000E-06,-201.005026698E-03
-29.648000E-06,-201.005026698E-03
-29.640000E-06,-201.005026698E-03
-29.632000E-06,-201.005026698E-03
-29.624000E-06,-201.005026698E-03
-29.616000E-06,-201.005026698E-03
-29.608000E-06,-201.005026698E-03
-29.600000E-06,-201.005026698E-03
-29.592000E-06,-201.005026698E-03
-29.584000E-06,-201.005026698E-03
-29.576000E-06,-201.005026698E-03
-29.568000E-06,-201.005026698E-03
-29.560000E-06,-201.005026698E-03
-29.552000E-06,-201.005026698E-03
-29.544000E-06,-201.005026698E-03
-29.536000E-06,-201.005026698E-03
-29.528000E-06,-201.005026698E-03
-29.520000E-06,-2.845E-09
-29.512000E-06,-201.005023854E-03
-29.504000E-06,-201.005026698E-03
-29.496000E-06,-201.005026698E-03
-29.488000E-06,-201.005026698E-03
-29.480000E-06,-201.005026698E-03
-29.472000E-06,-201.005026698E-03
-29.464000E-06,-201.005026698E-03
-29.456000E-06,-201.005026698E-03
-29.448000E-06,-201.005026698E-03
-29.440000E-06,-201.005026698E-03
-29.432000E-06,-201.005026698E-03
-29.424000E-06,-201.005026698E-03
-29.416000E-06,-201.005026698E-03
-29.408000E-06,-201.005026698E-03
-29.400000E-06,-201.005026698E-03
-29.392000E-06,-201.005026698E-03
-29.384000E-06,-201.005026698E-03
-29.376000E-06,-201.005026698E-03
-29.368000E-06,-2.845E-09
-29.360000E-06,-201.005023854E-03
-29.352000E-06,-201.005026698E-03
-29.344000E-06,-201.005026698E-03
-29.336000E-06,-201.005026698E-03
-29.328000E-06,-2.845E-09
-29.320000E-06,-201.005023854E-03
-29.312000E-06,-201.005026698E-03
-29.304000E-06,-201.005026698E-03
-29.296000E-06,-201.005026698E-03
-29.288000E-06,-201.005026698E-03
-29.280000E-06,-201.005026698E-03
-29.272000E-06,-201.005026698E-03
-29.264000E-06,-201.005026698E-03
-29.256000E-06,-201.005026698E-03
-29.248000E-06,-201.005026698E-03
-29.240000E-06,-2.845E-09
-29.232000E-06,-201.005023854E-03
-29.224000E-06,-201.005026698E-03
-29.216000E-06,-201.005026698E-03
-29.208000E-06,-2.844E-09
-29.200000E-06,-201.005023854E-03
-29.192000E-06,-201.005026698E-03
-29.184000E-06,-2.844E-09
-29.176000E-06,-201.005023854E-03
-29.168000E-06,-201.005026698E-03
-29.160000E-06,-201.005026698E-03
-29.152000E-06,-201.005026698E-03
-29.144000E-06,-201.005026698E-03
-29.136000E-06,-201.005026698E-03
-29.128000E-06,-201.005026698E-03
-29.120000E-06,-201.005026698E-03
-29.112000E-06,-201.005026698E-03
-29.104000E-06,-201.005026698E-03
-29.096000E-06,-201.005026698E-03
-29.088000E-06,-2.844E-09
-29.080000E-06,+0.0E+00
-29.072000E-06,-201.005023854E-03
-29.064000E-06,-201.005026698E-03
-29.056000E-06,-201.005026698E-03
-29.048000E-06,-201.005026698E-03
-29.040000E-06,-201.005026698E-03
-29.032000E-06,-201.005026698E-03
-29.024000E-06,-201.005026698E-03
-29.016000E-06,-201.005026698E-03
-29.008000E-06,-201.005026698E-03
-29.000000E-06,-201.005026698E-03
-28.992000E-06,-201.005026698E-03
-28.984000E-06,-201.005026698E-03
-28.976000E-06,-201.005026698E-03
-28.968000E-06,-201.005026698E-03
-28.960000E-06,-201.005026698E-03
-28.952000E-06,-201.005026698E-03
-28.944000E-06,-2.844E-09
-28.936000E-06,+0.0E+00
-28.928000E-06,-201.005023854E-03
-28.920000E-06,-201.005026698E-03
-28.912000E-06,-201.005026698E-03
-28.904000E-06,-201.005026698E-03
-28.896000E-06,-201.005026698E-03
-28.888000E-06,-201.005026698E-03
-28.880000E-06,-201.005026698E-03
-28.872000E-06,-2.843E-09
-28.864000E-06,-201.005023855E-03
-28.856000E-06,-201.005026698E-03
-28.848000E-06,-2.843E-09
-28.840000E-06,-201.005023855E-03
-28.832000E-06,-201.005026698E-03
-28.824000E-06,-2.843E-09
-28.816000E-06,-201.005023855E-03
-28.808000E-06,-201.005026698E-03
-28.800000E-06,-201.005026698E-03
-28.792000E-06,-201.005026698E-03
-28.784000E-06,-201.005026698E-03
-28.776000E-06,-201.005026698E-03
-28.768000E-06,-201.005026698E-03
-28.760000E-06,-201.005026698E-03
-28.752000E-06,-201.005026698E-03
-28.744000E-06,-201.005026698E-03
-28.736000E-06,-201.005026698E-03
-28.728000E-06,-201.005026698E-03
-28.720000E-06,-2.843E-09
-28.712000E-06,+0.0E+00
-28.704000E-06,-201.005023855E-03
-28.696000E-06,-201.005026698E-03
-28.688000E-06,-201.005026698E-03
-28.680000E-06,-201.005026698E-03
-28.672000E-06,-201.005026698E-03
-28.664000E-06,-201.005026698E-03
-28.656000E-06,-2.843E-09
-28.648000E-06,+0.0E+00
-28.640000E-06,-201.005023855E-03
-28.632000E-06,-201.005026698E-03
-28.624000E-06,-201.005026698E-03
-28.616000E-06,-201.005026698E-03
-28.608000E-06,-2.843E-09
-28.600000E-06,+0.0E+00
-28.592000E-06,-201.005023855E-03
-28.584000E-06,-201.005026698E-03
-28.576000E-06,-201.005026698E-03
-28.568000E-06,-201.005026698E-03
-28.560000E-06,-2.843E-09
-28.552000E-06,-201.005023855E-03
-28.544000E-06,-201.005026698E-03
-28.536000E-06,-201.005026698E-03
-28.528000E-06,-201.005026698E-03
-28.520000E-06,-201.005026698E-03
-28.512000E-06,-201.005026698E-03
-28.504000E-06,-2.843E-09
-28.496000E-06,+0.0E+00
-28.488000E-06,-201.005023855E-03
-28.480000E-06,-201.005026698E-03
-28.472000E-06,-2.843E-09
-28.464000E-06,-201.005023855E-03
-28.456000E-06,-2.843E-09
-28.448000E-06,-201.005023855E-03
-28.440000E-06,-201.005026698E-03
-28.432000E-06,-201.005026698E-03
-28.424000E-06,-201.005026698E-03
-28.416000E-06,-201.005026698E-03
-28.408000E-06,-201.005026698E-03
-28.400000E-06,-2.842E-09
-28.392000E-06,-201.005023856E-03
-28.384000E-06,-2.842E-09
-28.376000E-06,-201.005023856E-03
-28.368000E-06,-201.005026698E-03
-28.360000E-06,-2.842E-09
-28.352000E-06,-201.005023856E-03
-28.344000E-06,-201.005026698E-03
-28.336000E-06,-201.005026698E-03
-28.328000E-06,-201.005026698E-03
-28.320000E-06,-201.005026698E-03
-28.312000E-06,-201.005026698E-03
-28.304000E-06,-201.005026698E-03
-28.296000E-06,-201.005026698E-03
-28.288000E-06,-201.005026698E-03
-28.280000E-06,-201.005026698E-03
-28.272000E-06,-2.842E-09
-28.264000E-06,+0.0E+00
-28.256000E-06,+0.0E+00
-28.248000E-06,-201.005023856E-03
-28.240000E-06,-201.005026698E-03
-28.232000E-06,-201.005026698E-03
-28.224000E-06,-201.005026698E-03
-28.216000E-06,-201.005026698E-03
-28.208000E-06,-201.005026698E-03
-28.200000E-06,-201.005026698E-03
-28.192000E-06,-201.005026698E-03
-28.184000E-06,-201.005026698E-03
-28.176000E-06,-201.005026698E-03
-28.168000E-06,-201.005026698E-03
-28.160000E-06,-2.842E-09
-28.152000E-06,-201.005023856E-03
-28.144000E-06,-201.005026698E-03
-28.136000E-06,-2.842E-09
-28.128000E-06,-201.005023856E-03
-28.120000E-06,-201.005026698E-03
-28.112000E-06,-201.005026698E-03
-28.104000E-06,-201.005026698E-03
-28.096000E-06,-201.005026698E-03
-28.088000E-06,-2.842E-09
-28.080000E-06,-201.005023856E-03
-28.072000E-06,-2.842E-09
-28.064000E-06,-201.005023856E-03
-28.056000E-06,-201.005026698E-03
-28.048000E-06,-2.842E-09
-28.040000E-06,-201.005023856E-03
-28.032000E-06,-201.005026698E-03
-28.024000E-06,-201.005026698E-03
-28.016000E-06,-201.005026698E-03
-28.008000E-06,-201.005026698E-03
-28.000000E-06,-201.005026698E-03
-27.992000E-06,-201.005026698E-03
-27.984000E-06,-201.005026698E-03
-27.976000E-06,-2.842E-09
-27.968000E-06,-201.005023856E-03
-27.960000E-06,-201.005026698E-03
-27.952000E-06,-201.005026698E-03
-27.944000E-06,-201.005026698E-03
-27.936000E-06,-201.005026698E-03
-27.928000E-06,-201.005026698E-03
-27.920000E-06,-201.005026698E-03
-27.912000E-06,-201.005026698E-03
-27.904000E-06,-201.005026698E-03
-27.896000E-06,-201.005026698E-03
-27.888000E-06,-201.005026698E-03
-27.880000E-06,-201.005026698E-03
-27.872000E-06,-2.842E-09
-27.864000E-06,-201.005023856E-03
-27.856000E-06,-2.842E-09
-27.848000E-06,-201.005023856E-03
-27.840000E-06,-201.005026698E-03
-27.832000E-06,-201.005026698E-03
-27.824000E-06,-2.842E-09
-27.816000E-06,-201.005023856E-03
-27.808000E-06,-201.005026698E-03
-27.800000E-06,-201.005026698E-03
-27.792000E-06,-201.005026698E-03
-27.784000E-06,-201.005026698E-03
-27.776000E-06,-201.005026698E-03
-27.768000E-06,-201.005026698E-03
-27.760000E-06,-201.005026698E-03
-27.752000E-06,-2.842E-09
-27.744000E-06,-201.005023856E-03
-27.736000E-06,-201.005026698E-03
-27.728000E-06,-201.005026698E-03
-27.720000E-06,-201.005026698E-03
-27.712000E-06,-201.005026698E-03
-27.704000E-06,-2.842E-09
-27.696000E-06,-201.005023856E-03
-27.688000E-06,-201.005026698E-03
-27.680000E-06,-201.005026698E-03
-27.672000E-06,-2.842E-09
-27.664000E-06,+0.0E+00
-27.656000E-06,+0.0E+00
-27.648000E-06,+0.0E+00
-27.640000E-06,-201.005023857E-03
-27.632000E-06,-2.841E-09
-27.624000E-06,-201.005023857E-03
-27.616000E-06,-201.005026698E-03
-27.608000E-06,-201.005026698E-03
-27.600000E-06,-2.841E-09
-27.592000E-06,-201.005023857E-03
-27.584000E-06,-201.005026698E-03
-27.576000E-06,-201.005026698E-03
-27.568000E-06,-2.841E-09
-27.560000E-06,-201.005023857E-03
-27.552000E-06,-2.841E-09
-27.544000E-06,-201.005023857E-03
-27.536000E-06,-201.005026698E-03
-27.528000E-06,-201.005026698E-03
-27.520000E-06,-2.841E-09
-27.512000E-06,-201.005023857E-03
-27.504000E-06,-2.841E-09
-27.496000E-06,-201.005023857E-03
-27.488000E-06,-2.841E-09
-27.480000E-06,-201.005023857E-03
-27.472000E-06,-201.005026698E-03
-27.464000E-06,-201.005026698E-03
-27.456000E-06,-2.841E-09
-27.448000E-06,-201.005023857E-03
-27.440000E-06,-201.005026698E-03
-27.432000E-06,-201.005026698E-03
-27.424000E-06,-2.841E-09
-27.416000E-06,-402.010047714E-03
-27.408000E-06,-201.005029539E-03
-27.400000E-06,-2.841E-09
-27.392000E-06,+0.0E+00
-27.384000E-06,-201.005023857E-03
-27.376000E-06,-201.005026698E-03
-27.368000E-06,-2.841E-09
-27.360000E-06,-201.005023857E-03
-27.352000E-06,-201.005026698E-03
-27.344000E-06,-201.005026698E-03
-27.336000E-06,-201.005026698E-03
-27.328000E-06,-201.005026698E-03
-27.320000E-06,-2.840E-09
-27.312000E-06,+0.0E+00
-27.304000E-06,+0.0E+00
-27.296000E-06,-201.005023858E-03
-27.288000E-06,-2.840E-09
-27.280000E-06,+0.0E+00
-27.272000E-06,+0.0E+00
-27.264000E-06,-201.005023858E-03
-27.256000E-06,-2.840E-09
-27.248000E-06,-201.005023858E-03
-27.240000E-06,-201.005026698E-03
-27.232000E-06,-201.005026698E-03
-27.224000E-06,-201.005026698E-03
-27.216000E-06,-201.005026698E-03
-27.208000E-06,-201.005026698E-03
-27.200000E-06,-2.840E-09
-27.192000E-06,-201.005023858E-03
-27.184000E-06,-201.005026698E-03
-27.176000E-06,-201.005026698E-03
-27.168000E-06,-2.840E-09
-27.160000E-06,+0.0E+00
-27.152000E-06,+0.0E+00
-27.144000E-06,-201.005023858E-03
-27.136000E-06,-201.005026698E-03
-27.128000E-06,-2.840E-09
-27.120000E-06,+0.0E+00
-27.112000E-06,+0.0E+00
-27.104000E-06,-201.005023858E-03
-27.096000E-06,-2.840E-09
-27.088000E-06,+0.0E+00
-27.080000E-06,+0.0E+00
-27.072000E-06,-201.005023858E-03
-27.064000E-06,-201.005026698E-03
-27.056000E-06,-2.840E-09
-27.048000E-06,+0.0E+00
-27.040000E-06,+0.0E+00
-27.032000E-06,-201.005023858E-03
-27.024000E-06,-201.005026698E-03
-27.016000E-06,-2.840E-09
-27.008000E-06,+0.0E+00
-27.000000E-06,-201.005023858E-03
-26.992000E-06,-201.005026698E-03
-26.984000E-06,-201.005026698E-03
-26.976000E-06,-201.005026698E-03
-26.968000E-06,-201.005026698E-03
-26.960000E-06,-2.840E-09
-26.952000E-06,+0.0E+00
-26.944000E-06,+0.0E+00
-26.936000E-06,+0.0E+00
-26.928000E-06,-201.005023858E-03
-26.920000E-06,-201.005026698E-03
-26.912000E-06,-2.840E-09
-26.904000E-06,-201.005023858E-03
-26.896000E-06,-201.005026698E-03
-26.888000E-06,-2.839E-09
-26.880000E-06,+0.0E+00
-26.872000E-06,+0.0E+00
-26.864000E-06,+0.0E+00
-26.856000E-06,-201.005023859E-03
-26.848000E-06,-201.005026698E-03
-26.840000E-06,-201.005026698E-03
-26.832000E-06,-201.005026698E-03
-26.824000E-06,-201.005026698E-03
-26.816000E-06,-2.839E-09
-26.808000E-06,-201.005023859E-03
-26.800000E-06,-201.005026698E-03
-26.792000E-06,-2.839E-09
-26.784000E-06,+0.0E+00
-26.776000E-06,+0.0E+00
-26.768000E-06,+0.0E+00
-26.760000E-06,-201.005023859E-03
-26.752000E-06,-201.005026698E-03
-26.744000E-06,-201.005026698E-03
-26.736000E-06,-201.005026698E-03
-26.728000E-06,-2.839E-09
-26.720000E-06,+0.0E+00
-26.712000E-06,-201.005023859E-03
-26.704000E-06,-201.005026698E-03
-26.696000E-06,-2.839E-09
-26.688000E-06,+0.0E+00
-26.680000E-06,+0.0E+00
-26.672000E-06,-201.005023859E-03
-26.664000E-06,-201.005026698E-03
-26.656000E-06,-201.005026698E-03
-26.648000E-06,-201.005026698E-03
-26.640000E-06,-201.005026698E-03
-26.632000E-06,-201.005026698E-03
-26.624000E-06,-2.839E-09
-26.616000E-06,-201.005023859E-03
-26.608000E-06,-2.839E-09
-26.600000E-06,+0.0E+00
-26.592000E-06,-201.005023859E-03
-26.584000E-06,-2.839E-09
-26.576000E-06,+0.0E+00
-26.568000E-06,-201.005023859E-03
-26.560000E-06,-2.839E-09
-26.552000E-06,-201.005023859E-03
-26.544000E-06,-201.005026698E-03
-26.536000E-06,-2.839E-09
-26.528000E-06,+0.0E+00
-26.520000E-06,+0.0E+00
-26.512000E-06,-201.005023859E-03
-26.504000E-06,-2.839E-09
-26.496000E-06,+0.0E+00
-26.488000E-06,-201.005023859E-03
-26.480000E-06,-201.005026698E-03
-26.472000E-06,-201.005026698E-03
-26.464000E-06,-2.839E-09
-26.456000E-06,+0.0E+00
-26.448000E-06,+0.0E+00
-26.440000E-06,+0.0E+00
-26.432000E-06,+0.0E+00
-26.424000E-06,+0.0E+00
-26.416000E-06,+0.0E+00
-26.408000E-06,-201.005023859E-03
-26.400000E-06,-201.005026698E-03
-26.392000E-06,-2.839E-09
-26.384000E-06,+0.0E+00
-26.376000E-06,+0.0E+00
-26.368000E-06,+0.0E+00
-26.360000E-06,-201.005023859E-03
-26.352000E-06,-201.005026698E-03
-26.344000E-06,-201.005026698E-03
-26.336000E-06,-201.005026698E-03
-26.328000E-06,-2.839E-09
-26.320000E-06,-201.005023859E-03
-26.312000E-06,-2.839E-09
-26.304000E-06,+0.0E+00
-26.296000E-06,+0.0E+00
-26.288000E-06,+0.0E+00
-26.280000E-06,+0.0E+00
-26.272000E-06,+0.0E+00
-26.264000E-06,+0.0E+00
-26.256000E-06,+0.0E+00
-26.248000E-06,+0.0E+00
-26.240000E-06,+0.0E+00
-26.232000E-06,-201.005023859E-03
-26.224000E-06,-201.005026698E-03
-26.216000E-06,-2.839E-09
-26.208000E-06,-201.005023859E-03
-26.200000E-06,-2.839E-09
-26.192000E-06,-201.005023859E-03
-26.184000E-06,-2.839E-09
-26.176000E-06,+0.0E+00
-26.168000E-06,+0.0E+00
-26.160000E-06,+0.0E+00
-26.152000E-06,+0.0E+00
-26.144000E-06,-201.005023859E-03
-26.136000E-06,-201.005026698E-03
-26.128000E-06,-201.005026698E-03
-26.120000E-06,-2.839E-09
-26.112000E-06,-201.005023860E-03
-26.104000E-06,-201.005026698E-03
-26.096000E-06,-2.838E-09
-26.088000E-06,+0.0E+00
-26.080000E-06,+0.0E+00
-26.072000E-06,+0.0E+00
-26.064000E-06,+0.0E+00
-26.056000E-06,+0.0E+00
-26.048000E-06,-201.005023860E-03
-26.040000E-06,-2.838E-09
-26.032000E-06,+0.0E+00
-26.024000E-06,-201.005023860E-03
-26.016000E-06,-201.005026698E-03
-26.008000E-06,-2.838E-09
-26.000000E-06,+0.0E+00
-25.992000E-06,-201.005023860E-03
-25.984000E-06,-2.838E-09
-25.976000E-06,-201.005023860E-03
-25.968000E-06,-2.838E-09
-25.960000E-06,-201.005023860E-03
-25.952000E-06,-2.838E-09
-25.944000E-06,-201.005023860E-03
-25.936000E-06,-2.838E-09
-25.928000E-06,-201.005023860E-03
-25.920000E-06,-2.838E-09
-25.912000E-06,-201.005023860E-03
-25.904000E-06,-201.005026698E-03
-25.896000E-06,-201.005026698E-03
-25.888000E-06,-201.005026698E-03
-25.880000E-06,-2.838E-09
-25.872000E-06,+0.0E+00
-25.864000E-06,+0.0E+00
-25.856000E-06,+0.0E+00
-25.848000E-06,-201.005023860E-03
-25.840000E-06,-2.838E-09
-25.832000E-06,+0.0E+00
-25.824000E-06,-201.005023860E-03
-25.816000E-06,-2.838E-09
-25.808000E-06,+0.0E+00
-25.800000E-06,-201.005023860E-03
-25.792000E-06,-2.838E-09
-25.784000E-06,+0.0E+00
-25.776000E-06,-201.005023861E-03
-25.768000E-06,-201.005026698E-03
-25.760000E-06,-2.837E-09
-25.752000E-06,-201.005023861E-03
-25.744000E-06,-2.837E-09
-25.736000E-06,+0.0E+00
-25.728000E-06,+0.0E+00
-25.720000E-06,+0.0E+00
-25.712000E-06,+0.0E+00
-25.704000E-06,+0.0E+00
-25.696000E-06,-201.005023861E-03
-25.688000E-06,-201.005026698E-03
-25.680000E-06,-201.005026698E-03
-25.672000E-06,-2.837E-09
-25.664000E-06,+0.0E+00
-25.656000E-06,-201.005023861E-03
-25.648000E-06,-2.837E-09
-25.640000E-06,+0.0E+00
-25.632000E-06,-201.005023861E-03
-25.624000E-06,-201.005026698E-03
-25.616000E-06,-201.005026698E-03
-25.608000E-06,-201.005026698E-03
-25.600000E-06,-2.837E-09
-25.592000E-06,+0.0E+00
-25.584000E-06,-201.005023861E-03
-25.576000E-06,-2.837E-09
-25.568000E-06,-201.005023861E-03
-25.560000E-06,-201.005026698E-03
-25.552000E-06,-2.837E-09
-25.544000E-06,+0.0E+00
-25.536000E-06,-201.005023861E-03
-25.528000E-06,-201.005026698E-03
-25.520000E-06,-2.837E-09
-25.512000E-06,+0.0E+00
-25.504000E-06,+0.0E+00
-25.496000E-06,+0.0E+00
-25.488000E-06,+0.0E+00
-25.480000E-06,+0.0E+00
-25.472000E-06,+0.0E+00
-25.464000E-06,+0.0E+00
-25.456000E-06,+0.0E+00
-25.448000E-06,+0.0E+00
-25.440000E-06,-201.005023861E-03
-25.432000E-06,-2.837E-09
-25.424000E-06,+0.0E+00
-25.416000E-06,+0.0E+00
-25.408000E-06,-201.005023861E-03
-25.400000E-06,-201.005026698E-03
-25.392000E-06,-2.837E-09
-25.384000E-06,-201.005023861E-03
-25.376000E-06,-201.005026698E-03
-25.368000E-06,-201.005026698E-03
-25.360000E-06,-2.837E-09
-25.352000E-06,-201.005023861E-03
-25.344000E-06,-201.005026698E-03
-25.336000E-06,-2.837E-09
-25.328000E-06,-201.005023862E-03
-25.320000E-06,-2.837E-09
-25.312000E-06,-201.005023862E-03
-25.304000E-06,-2.837E-09
-25.296000E-06,+0.0E+00
-25.288000E-06,+0.0E+00
-25.280000E-06,+0.0E+00
-25.272000E-06,+0.0E+00
-25.264000E-06,+0.0E+00
-25.256000E-06,-201.005023862E-03
-25.248000E-06,-2.837E-09
-25.240000E-06,-201.005023862E-03
-25.232000E-06,-2.837E-09
-25.224000E-06,+0.0E+00
-25.216000E-06,-201.005023862E-03
-25.208000E-06,-201.005026698E-03
-25.200000E-06,-2.837E-09
-25.192000E-06,-201.005023862E-03
-25.184000E-06,-201.005026698E-03
-25.176000E-06,-2.837E-09
-25.168000E-06,-201.005023862E-03
-25.160000E-06,-201.005026698E-03
-25.152000E-06,-201.005026698E-03
-25.144000E-06,-201.005026698E-03
-25.136000E-06,-2.837E-09
-25.128000E-06,+0.0E+00
-25.120000E-06,+0.0E+00
-25.112000E-06,-201.005023862E-03
-25.104000E-06,-201.005026698E-03
-25.096000E-06,-201.005026698E-03
-25.088000E-06,-201.005026698E-03
-25.080000E-06,-201.005026698E-03
-25.072000E-06,-2.837E-09
-25.064000E-06,+0.0E+00
-25.056000E-06,+0.0E+00
-25.048000E-06,-201.005023862E-03
-25.040000E-06,-201.005026698E-03
-25.032000E-06,-2.837E-09
-25.024000E-06,+0.0E+00
-25.016000E-06,+0.0E+00
-25.008000E-06,-201.005023862E-03
-25.000000E-06,-201.005026698E-03
-24.992000E-06,-201.005026698E-03
-24.984000E-06,-201.005026698E-03
-24.976000E-06,-201.005026698E-03
-24.968000E-06,-2.836E-09
-24.960000E-06,+0.0E+00
-24.952000E-06,-201.005023862E-03
-24.944000E-06,-201.005026698E-03
-24.936000E-06,-201.005026698E-03
-24.928000E-06,-201.005026698E-03
-24.920000E-06,-201.005026698E-03
-24.912000E-06,-201.005026698E-03
-24.904000E-06,-2.836E-09
-24.896000E-06,-201.005023862E-03
-24.888000E-06,-201.005026698E-03
-24.880000E-06,-2.836E-09
-24.872000E-06,+0.0E+00
-24.864000E-06,+0.0E+00
-24.856000E-06,+0.0E+00
-24.848000E-06,-201.005023862E-03
-24.840000E-06,-2.836E-09
-24.832000E-06,+0.0E+00
-24.824000E-06,+0.0E+00
-24.816000E-06,+0.0E+00
-24.808000E-06,-201.005023862E-03
-24.800000E-06,-201.005026698E-03
-24.792000E-06,-2.836E-09
-24.784000E-06,+0.0E+00
-24.776000E-06,-201.005023862E-03
-24.768000E-06,-2.836E-09
-24.760000E-06,+0.0E+00
-24.752000E-06,+0.0E+00
-24.744000E-06,+0.0E+00
-24.736000E-06,-201.005023862E-03
-24.728000E-06,-201.005026698E-03
-24.720000E-06,-2.836E-09
-24.712000E-06,+0.0E+00
-24.704000E-06,+0.0E+00
-24.696000E-06,+0.0E+00
-24.688000E-06,+0.0E+00
-24.680000E-06,+0.0E+00
-24.672000E-06,+0.0E+00
-24.664000E-06,-201.005023862E-03
-24.656000E-06,-2.836E-09
-24.648000E-06,-201.005023862E-03
-24.640000E-06,-2.836E-09
-24.632000E-06,+0.0E+00
-24.624000E-06,+0.0E+00
-24.616000E-06,-201.005023862E-03
-24.608000E-06,-201.005026698E-03
-24.600000E-06,-2.836E-09
-24.592000E-06,+0.0E+00
-24.584000E-06,-201.005023862E-03
-24.576000E-06,-2.836E-09
-24.568000E-06,+0.0E+00
-24.560000E-06,-201.005023863E-03
-24.552000E-06,-2.835E-09
-24.544000E-06,+0.0E+00
-24.536000E-06,+0.0E+00
-24.528000E-06,+0.0E+00
-24.520000E-06,-201.005023863E-03
-24.512000E-06,-2.835E-09
-24.504000E-06,+0.0E+00
-24.496000E-06,+0.0E+00
-24.488000E-06,-201.005023863E-03
-24.480000E-06,-201.005026698E-03
-24.472000E-06,-201.005026698E-03
-24.464000E-06,-2.835E-09
-24.456000E-06,-201.005023863E-03
-24.448000E-06,-2.835E-09
-24.440000E-06,-201.005023863E-03
-24.432000E-06,-2.835E-09
-24.424000E-06,-201.005023863E-03
-24.416000E-06,-201.005026698E-03
-24.408000E-06,-201.005026698E-03
-24.400000E-06,-201.005026698E-03
-24.392000E-06,-201.005026698E-03
-24.384000E-06,-2.835E-09
-24.376000E-06,+0.0E+00
-24.368000E-06,+0.0E+00
-24.360000E-06,+0.0E+00
-24.352000E-06,+0.0E+00
-24.344000E-06,-201.005023863E-03
-24.336000E-06,-201.005026698E-03
-24.328000E-06,-2.835E-09
-24.320000E-06,+0.0E+00
-24.312000E-06,+0.0E+00
-24.304000E-06,+0.0E+00
-24.296000E-06,-201.005023863E-03
-24.288000E-06,-2.835E-09
-24.280000E-06,+0.0E+00
-24.272000E-06,+0.0E+00
-24.264000E-06,+0.0E+00
-24.256000E-06,-201.005023863E-03
-24.248000E-06,-201.005026698E-03
-24.240000E-06,-2.835E-09
-24.232000E-06,+0.0E+00
-24.224000E-06,-201.005023864E-03
-24.216000E-06,-2.834E-09
-24.208000E-06,+0.0E+00
-24.200000E-06,-201.005023864E-03
-24.192000E-06,-201.005026698E-03
-24.184000E-06,-201.005026698E-03
-24.176000E-06,-2.834E-09
-24.168000E-06,+0.0E+00
-24.160000E-06,+0.0E+00
-24.152000E-06,+0.0E+00
-24.144000E-06,+0.0E+00
-24.136000E-06,+0.0E+00
-24.128000E-06,+0.0E+00
-24.120000E-06,-201.005023864E-03
-24.112000E-06,-2.834E-09
-24.104000E-06,+0.0E+00
-24.096000E-06,-201.005023864E-03
-24.088000E-06,-2.834E-09
-24.080000E-06,-201.005023864E-03
-24.072000E-06,-2.834E-09
-24.064000E-06,+0.0E+00
-24.056000E-06,+0.0E+00
-24.048000E-06,+0.0E+00
-24.040000E-06,+0.0E+00
-24.032000E-06,+0.0E+00
-24.024000E-06,-201.005023864E-03
-24.016000E-06,-2.834E-09
-24.008000E-06,+0.0E+00
-24.000000E-06,+0.0E+00
-23.992000E-06,+0.0E+00
-23.984000E-06,+0.0E+00
-23.976000E-06,+0.0E+00
-23.968000E-06,+0.0E+00
-23.960000E-06,+0.0E+00
-23.952000E-06,+0.0E+00
-23.944000E-06,+0.0E+00
-23.936000E-06,-201.005023864E-03
-23.928000E-06,-201.005026698E-03
-23.920000E-06,-2.834E-09
-23.912000E-06,+0.0E+00
-23.904000E-06,+0.0E+00
-23.896000E-06,+0.0E+00
-23.888000E-06,+0.0E+00
-23.880000E-06,+0.0E+00
-23.872000E-06,+0.0E+00
-23.864000E-06,+0.0E+00
-23.856000E-06,+0.0E+00
-23.848000E-06,-201.005023864E-03
-23.840000E-06,-2.834E-09
-23.832000E-06,-201.005023864E-03
-23.824000E-06,-2.834E-09
-23.816000E-06,+0.0E+00
-23.808000E-06,+0.0E+00
-23.800000E-06,+0.0E+00
-23.792000E-06,-201.005023865E-03
-23.784000E-06,-201.005026698E-03
-23.776000E-06,-2.834E-09
-23.768000E-06,+0.0E+00
-23.760000E-06,+0.0E+00
-23.752000E-06,+0.0E+00
-23.744000E-06,+0.0E+00
-23.736000E-06,+0.0E+00
-23.728000E-06,+0.0E+00
-23.720000E-06,+0.0E+00
-23.712000E-06,-201.005023865E-03
-23.704000E-06,-201.005026698E-03
-23.696000E-06,-2.834E-09
-23.688000E-06,+0.0E+00
-23.680000E-06,+0.0E+00
-23.672000E-06,-201.005023865E-03
-23.664000E-06,-201.005026698E-03
-23.656000E-06,-201.005026698E-03
-23.648000E-06,-201.005026698E-03
-23.640000E-06,-2.834E-09
-23.632000E-06,+0.0E+00
-23.624000E-06,+0.0E+00
-23.616000E-06,+0.0E+00
-23.608000E-06,+0.0E+00
-23.600000E-06,+0.0E+00
-23.592000E-06,-201.005023865E-03
-23.584000E-06,-2.834E-09
-23.576000E-06,+0.0E+00
-23.568000E-06,+0.0E+00
-23.560000E-06,+0.0E+00
-23.552000E-06,+0.0E+00
-23.544000E-06,+0.0E+00
-23.536000E-06,+0.0E+00
-23.528000E-06,+0.0E+00
-23.520000E-06,-201.005023865E-03
-23.512000E-06,-201.005026698E-03
-23.504000E-06,-2.834E-09
-23.496000E-06,-201.005023865E-03
-23.488000E-06,-2.834E-09
-23.480000E-06,-201.005023865E-03
-23.472000E-06,-2.834E-09
-23.464000E-06,+0.0E+00
-23.456000E-06,-201.005023865E-03
-23.448000E-06,-2.833E-09
-23.440000E-06,-201.005023865E-03
-23.432000E-06,-2.833E-09
-23.424000E-06,-201.005023865E-03
-23.416000E-06,-2.833E-09
-23.408000E-06,-201.005023865E-03
-23.400000E-06,-2.833E-09
-23.392000E-06,+0.0E+00
-23.384000E-06,+0.0E+00
-23.376000E-06,+0.0E+00
-23.368000E-06,+0.0E+00
-23.360000E-06,+0.0E+00
-23.352000E-06,+0.0E+00
-23.344000E-06,+0.0E+00
-23.336000E-06,+0.0E+00
-23.328000E-06,+0.0E+00
-23.320000E-06,+0.0E+00
-23.312000E-06,+0.0E+00
-23.304000E-06,+0.0E+00
-23.296000E-06,+0.0E+00
-23.288000E-06,+0.0E+00
-23.280000E-06,+0.0E+00
-23.272000E-06,+0.0E+00
-23.264000E-06,-201.005023865E-03
-23.256000E-06,-201.005026698E-03
-23.248000E-06,-2.833E-09
-23.240000E-06,+0.0E+00
-23.232000E-06,+0.0E+00
-23.224000E-06,+0.0E+00
-23.216000E-06,+0.0E+00
-23.208000E-06,+0.0E+00
-23.200000E-06,-201.005023865E-03
-23.192000E-06,-2.833E-09
-23.184000E-06,-201.005023865E-03
-23.176000E-06,-2.833E-09
-23.168000E-06,+0.0E+00
-23.160000E-06,-201.005023865E-03
-23.152000E-06,-201.005026698E-03
-23.144000E-06,-2.833E-09
-23.136000E-06,-201.005023865E-03
-23.128000E-06,-2.833E-09
-23.120000E-06,-201.005023865E-03
-23.112000E-06,-2.833E-09
-23.104000E-06,+0.0E+00
-23.096000E-06,+0.0E+00
-23.088000E-06,+0.0E+00
-23.080000E-06,+0.0E+00
-23.072000E-06,+0.0E+00
-23.064000E-06,-201.005023865E-03
-23.056000E-06,-201.005026698E-03
-23.048000E-06,-201.005026698E-03
-23.040000E-06,-2.833E-09
-23.032000E-06,+0.0E+00
-23.024000E-06,+0.0E+00
-23.016000E-06,+0.0E+00
-23.008000E-06,-201.005023866E-03
-23.000000E-06,-2.832E-09
-22.992000E-06,-201.005023866E-03
-22.984000E-06,-201.005026698E-03
-22.976000E-06,-2.832E-09
-22.968000E-06,+0.0E+00
-22.960000E-06,+0.0E+00
-22.952000E-06,+0.0E+00
-22.944000E-06,+0.0E+00
-22.936000E-06,-201.005023866E-03
-22.928000E-06,-2.832E-09
-22.920000E-06,+0.0E+00
-22.912000E-06,+0.0E+00
-22.904000E-06,-201.005023866E-03
-22.896000E-06,-2.832E-09
-22.888000E-06,+0.0E+00
-22.880000E-06,+0.0E+00
-22.872000E-06,+0.0E+00
-22.864000E-06,+0.0E+00
-22.856000E-06,+0.0E+00
-22.848000E-06,+0.0E+00
-22.840000E-06,-201.005023866E-03
-22.832000E-06,-2.832E-09
-22.824000E-06,+0.0E+00
-22.816000E-06,+0.0E+00
-22.808000E-06,-201.005023866E-03
-22.800000E-06,-2.832E-09
-22.792000E-06,-201.005023866E-03
-22.784000E-06,-201.005026698E-03
-22.776000E-06,-2.832E-09
-22.768000E-06,+0.0E+00
-22.760000E-06,+0.0E+00
-22.752000E-06,-201.005023866E-03
-22.744000E-06,-201.005026698E-03
-22.736000E-06,-2.832E-09
-22.728000E-06,-201.005023866E-03
-22.720000E-06,-201.005026698E-03
-22.712000E-06,-2.832E-09
-22.704000E-06,-201.005023866E-03
-22.696000E-06,-2.832E-09
-22.688000E-06,-201.005023867E-03
-22.680000E-06,-201.005026698E-03
-22.672000E-06,-201.005026698E-03
-22.664000E-06,-2.831E-09
-22.656000E-06,+0.0E+00
-22.648000E-06,+0.0E+00
-22.640000E-06,+0.0E+00
-22.632000E-06,+0.0E+00
-22.624000E-06,-201.005023867E-03
-22.616000E-06,-2.831E-09
-22.608000E-06,+0.0E+00
-22.600000E-06,-201.005023867E-03
-22.592000E-06,-2.831E-09
-22.584000E-06,+0.0E+00
-22.576000E-06,+0.0E+00
-22.568000E-06,+0.0E+00
-22.560000E-06,-201.005023867E-03
-22.552000E-06,-2.831E-09
-22.544000E-06,+0.0E+00
-22.536000E-06,+0.0E+00
-22.528000E-06,-201.005023867E-03
-22.520000E-06,-2.831E-09
-22.512000E-06,-201.005023867E-03
-22.504000E-06,-2.831E-09
-22.496000E-06,+0.0E+00
-22.488000E-06,+0.0E+00
-22.480000E-06,-201.005023867E-03
-22.472000E-06,-2.831E-09
-22.464000E-06,+0.0E+00
-22.456000E-06,+0.0E+00
-22.448000E-06,+0.0E+00
-22.440000E-06,+0.0E+00
-22.432000E-06,-201.005023867E-03
-22.424000E-06,-2.831E-09
-22.416000E-06,+0.0E+00
-22.408000E-06,+0.0E+00
-22.400000E-06,+0.0E+00
-22.392000E-06,+0.0E+00
-22.384000E-06,-201.005023867E-03
-22.376000E-06,-2.831E-09
-22.368000E-06,+0.0E+00
-22.360000E-06,+0.0E+00
-22.352000E-06,+0.0E+00
-22.344000E-06,+0.0E+00
-22.336000E-06,-201.005023867E-03
-22.328000E-06,-2.831E-09
-22.320000E-06,+0.0E+00
-22.312000E-06,+0.0E+00
-22.304000E-06,+0.0E+00
-22.296000E-06,+0.0E+00
-22.288000E-06,+0.0E+00
-22.280000E-06,+0.0E+00
-22.272000E-06,+0.0E+00
-22.264000E-06,+0.0E+00
-22.256000E-06,+0.0E+00
-22.248000E-06,-201.005023867E-03
-22.240000E-06,-2.831E-09
-22.232000E-06,+0.0E+00
-22.224000E-06,+0.0E+00
-22.216000E-06,+0.0E+00
-22.208000E-06,+0.0E+00
-22.200000E-06,+0.0E+00
-22.192000E-06,-201.005023867E-03
-22.184000E-06,-2.831E-09
-22.176000E-06,+0.0E+00
-22.168000E-06,+0.0E+00
-22.160000E-06,+0.0E+00
-22.152000E-06,-201.005023867E-03
-22.144000E-06,-2.831E-09
-22.136000E-06,-201.005023867E-03
-22.128000E-06,-201.005026698E-03
-22.120000E-06,-2.831E-09
-22.112000E-06,+0.0E+00
-22.104000E-06,+0.0E+00
-22.096000E-06,+0.0E+00
-22.088000E-06,-201.005023867E-03
-22.080000E-06,-2.831E-09
-22.072000E-06,-201.005023867E-03
-22.064000E-06,-2.831E-09
-22.056000E-06,+0.0E+00
-22.048000E-06,-201.005023867E-03
-22.040000E-06,-2.831E-09
-22.032000E-06,+0.0E+00
-22.024000E-06,-201.005023867E-03
-22.016000E-06,-2.831E-09
-22.008000E-06,-201.005023867E-03
-22.000000E-06,-2.831E-09
-21.992000E-06,+0.0E+00
-21.984000E-06,+0.0E+00
-21.976000E-06,+0.0E+00
-21.968000E-06,+0.0E+00
-21.960000E-06,+0.0E+00
-21.952000E-06,+0.0E+00
-21.944000E-06,+0.0E+00
-21.936000E-06,-201.005023867E-03
-21.928000E-06,-2.831E-09
-21.920000E-06,+0.0E+00
-21.912000E-06,+0.0E+00
-21.904000E-06,+0.0E+00
-21.896000E-06,-201.005023868E-03
-21.888000E-06,-2.830E-09
-21.880000E-06,+0.0E+00
-21.872000E-06,-201.005023868E-03
-21.864000E-06,-2.830E-09
-21.856000E-06,+0.0E+00
-21.848000E-06,+0.0E+00
-21.840000E-06,+0.0E+00
-21.832000E-06,+0.0E+00
-21.824000E-06,-201.005023868E-03
-21.816000E-06,-2.830E-09
-21.808000E-06,+0.0E+00
-21.800000E-06,+0.0E+00
-21.792000E-06,+0.0E+00
-21.784000E-06,+0.0E+00
-21.776000E-06,+0.0E+00
-21.768000E-06,+0.0E+00
-21.760000E-06,+0.0E+00
-21.752000E-06,+0.0E+00
-21.744000E-06,+0.0E+00
-21.736000E-06,+0.0E+00
-21.728000E-06,+0.0E+00
-21.720000E-06,-201.005023868E-03
-21.712000E-06,-2.830E-09
-21.704000E-06,+0.0E+00
-21.696000E-06,+0.0E+00
-21.688000E-06,+0.0E+00
-21.680000E-06,+0.0E+00
-21.672000E-06,+0.0E+00
-21.664000E-06,-201.005023868E-03
-21.656000E-06,-2.830E-09
-21.648000E-06,-201.005023868E-03
-21.640000E-06,-2.830E-09
-21.632000E-06,+0.0E+00
-21.624000E-06,-201.005023868E-03
-21.616000E-06,-201.005026698E-03
-21.608000E-06,-201.005026698E-03
-21.600000E-06,-201.005026698E-03
-21.592000E-06,-2.830E-09
-21.584000E-06,+0.0E+00
-21.576000E-06,+0.0E+00
-21.568000E-06,+0.0E+00
-21.560000E-06,+0.0E+00
-21.552000E-06,+0.0E+00
-21.544000E-06,-201.005023868E-03
-21.536000E-06,-201.005026698E-03
-21.528000E-06,-2.830E-09
-21.520000E-06,-201.005023868E-03
-21.512000E-06,-201.005026698E-03
-21.504000E-06,-2.830E-09
-21.496000E-06,-201.005023868E-03
-21.488000E-06,-2.830E-09
-21.480000E-06,-201.005023868E-03
-21.472000E-06,-2.829E-09
-21.464000E-06,+0.0E+00
-21.456000E-06,+0.0E+00
-21.448000E-06,-201.005023869E-03
-21.440000E-06,-2.829E-09
-21.432000E-06,+0.0E+00
-21.424000E-06,+0.0E+00
-21.416000E-06,+0.0E+00
-21.408000E-06,+0.0E+00
-21.400000E-06,+0.0E+00
-21.392000E-06,-201.005023869E-03
-21.384000E-06,-2.829E-09
-21.376000E-06,+0.0E+00
-21.368000E-06,+0.0E+00
-21.360000E-06,+0.0E+00
-21.352000E-06,+0.0E+00
-21.344000E-06,+0.0E+00
-21.336000E-06,+0.0E+00
-21.328000E-06,-201.005023869E-03
-21.320000E-06,-2.829E-09
-21.312000E-06,-201.005023869E-03
-21.304000E-06,-2.829E-09
-21.296000E-06,+0.0E+00
-21.288000E-06,+0.0E+00
-21.280000E-06,+0.0E+00
-21.272000E-06,+0.0E+00
-21.264000E-06,+0.0E+00
-21.256000E-06,-201.005023869E-03
-21.248000E-06,-201.005026698E-03
-21.240000E-06,-2.829E-09
-21.232000E-06,+0.0E+00
-21.224000E-06,+0.0E+00
-21.216000E-06,+0.0E+00
-21.208000E-06,+0.0E+00
-21.200000E-06,+0.0E+00
-21.192000E-06,+0.0E+00
-21.184000E-06,-201.005023869E-03
-21.176000E-06,-2.829E-09
-21.168000E-06,+0.0E+00
-21.160000E-06,+0.0E+00
-21.152000E-06,+0.0E+00
-21.144000E-06,+0.0E+00
-21.136000E-06,+0.0E+00
-21.128000E-06,+0.0E+00
-21.120000E-06,+0.0E+00
-21.112000E-06,+0.0E+00
-21.104000E-06,+0.0E+00
-21.096000E-06,+0.0E+00
-21.088000E-06,+0.0E+00
-21.080000E-06,+0.0E+00
-21.072000E-06,-201.005023870E-03
-21.064000E-06,-2.828E-09
-21.056000E-06,+0.0E+00
-21.048000E-06,+0.0E+00
-21.040000E-06,+0.0E+00
-21.032000E-06,+0.0E+00
-21.024000E-06,-201.005023870E-03
-21.016000E-06,-2.828E-09
-21.008000E-06,+0.0E+00
-21.000000E-06,+0.0E+00
-20.992000E-06,+0.0E+00
-20.984000E-06,-201.005023870E-03
-20.976000E-06,-201.005026698E-03
-20.968000E-06,-201.005026698E-03
-20.960000E-06,-2.828E-09
-20.952000E-06,+0.0E+00
-20.944000E-06,+0.0E+00
-20.936000E-06,+0.0E+00
-20.928000E-06,+0.0E+00
-20.920000E-06,+0.0E+00
-20.912000E-06,-201.005023870E-03
-20.904000E-06,-2.828E-09
-20.896000E-06,+0.0E+00
-20.888000E-06,+0.0E+00
-20.880000E-06,+0.0E+00
-20.872000E-06,+0.0E+00
-20.864000E-06,-201.005023870E-03
-20.856000E-06,-2.828E-09
-20.848000E-06,+0.0E+00
-20.840000E-06,+0.0E+00
-20.832000E-06,+0.0E+00
-20.824000E-06,+0.0E+00
-20.816000E-06,+0.0E+00
-20.808000E-06,-201.005023870E-03
-20.800000E-06,-201.005026698E-03
-20.792000E-06,-2.828E-09
-20.784000E-06,+0.0E+00
-20.776000E-06,+0.0E+00
-20.768000E-06,+0.0E+00
-20.760000E-06,-201.005023870E-03
-20.752000E-06,-201.005026698E-03
-20.744000E-06,-201.005026698E-03
-20.736000E-06,-2.828E-09
-20.728000E-06,+0.0E+00
-20.720000E-06,+0.0E+00
-20.712000E-06,+0.0E+00
-20.704000E-06,+0.0E+00
-20.696000E-06,+0.0E+00
-20.688000E-06,+0.0E+00
-20.680000E-06,+0.0E+00
-20.672000E-06,+0.0E+00
-20.664000E-06,+0.0E+00
-20.656000E-06,+0.0E+00
-20.648000E-06,-201.005023870E-03
-20.640000E-06,-2.828E-09
-20.632000E-06,+0.0E+00
-20.624000E-06,-201.005023870E-03
-20.616000E-06,-2.828E-09
-20.608000E-06,+0.0E+00
-20.600000E-06,-201.005023870E-03
-20.592000E-06,-2.828E-09
-20.584000E-06,+0.0E+00
-20.576000E-06,+0.0E+00
-20.568000E-06,-201.005023870E-03
-20.560000E-06,-2.828E-09
-20.552000E-06,+0.0E+00
-20.544000E-06,+0.0E+00
-20.536000E-06,-201.005023870E-03
-20.528000E-06,-2.828E-09
-20.520000E-06,-201.005023870E-03
-20.512000E-06,-2.828E-09
-20.504000E-06,+0.0E+00
-20.496000E-06,+0.0E+00
-20.488000E-06,+0.0E+00
-20.480000E-06,+0.0E+00
-20.472000E-06,+0.0E+00
-20.464000E-06,+0.0E+00
-20.456000E-06,+0.0E+00
-20.448000E-06,-201.005023870E-03
-20.440000E-06,-2.828E-09
-20.432000E-06,-201.005023870E-03
-20.424000E-06,-2.828E-09
-20.416000E-06,+0.0E+00
-20.408000E-06,+0.0E+00
-20.400000E-06,+0.0E+00
-20.392000E-06,+0.0E+00
-20.384000E-06,+0.0E+00
-20.376000E-06,+0.0E+00
-20.368000E-06,+0.0E+00
-20.360000E-06,+0.0E+00
-20.352000E-06,+0.0E+00
-20.344000E-06,+0.0E+00
-20.336000E-06,+0.0E+00
-20.328000E-06,+0.0E+00
-20.320000E-06,+0.0E+00
-20.312000E-06,-201.005023871E-03
-20.304000E-06,-2.827E-09
-20.296000E-06,+0.0E+00
-20.288000E-06,+0.0E+00
-20.280000E-06,+0.0E+00
-20.272000E-06,+0.0E+00
-20.264000E-06,+0.0E+00
-20.256000E-06,-201.005023871E-03
-20.248000E-06,-2.827E-09
-20.240000E-06,-201.005023871E-03
-20.232000E-06,-2.827E-09
-20.224000E-06,-201.005023871E-03
-20.216000E-06,-2.827E-09
-20.208000E-06,+0.0E+00
-20.200000E-06,+0.0E+00
-20.192000E-06,-201.005023871E-03
-20.184000E-06,-201.005026698E-03
-20.176000E-06,-2.827E-09
-20.168000E-06,+0.0E+00
-20.160000E-06,+0.0E+00
-20.152000E-06,+0.0E+00
-20.144000E-06,-201.005023871E-03
-20.136000E-06,-2.827E-09
-20.128000E-06,+0.0E+00
-20.120000E-06,+0.0E+00
-20.112000E-06,+0.0E+00
-20.104000E-06,+0.0E+00
-20.096000E-06,+0.0E+00
-20.088000E-06,+0.0E+00
-20.080000E-06,+0.0E+00
-20.072000E-06,+0.0E+00
-20.064000E-06,+0.0E+00
-20.056000E-06,+0.0E+00
-20.048000E-06,+0.0E+00
-20.040000E-06,+0.0E+00
-20.032000E-06,+0.0E+00
-20.024000E-06,+0.0E+00
-20.016000E-06,-201.005023871E-03
-20.008000E-06,-201.005026698E-03
-20.000000E-06,-2.827E-09
-19.992000E-06,+0.0E+00
-19.984000E-06,+0.0E+00
-19.976000E-06,+0.0E+00
-19.968000E-06,-201.005023871E-03
-19.960000E-06,-2.827E-09
-19.952000E-06,+0.0E+00
-19.944000E-06,+0.0E+00
-19.936000E-06,+0.0E+00
-19.928000E-06,-201.005023872E-03
-19.920000E-06,-2.826E-09
-19.912000E-06,+0.0E+00
-19.904000E-06,+0.0E+00
-19.896000E-06,+0.0E+00
-19.888000E-06,+0.0E+00
-19.880000E-06,+0.0E+00
-19.872000E-06,+0.0E+00
-19.864000E-06,-201.005023872E-03
-19.856000E-06,-2.826E-09
-19.848000E-06,+0.0E+00
-19.840000E-06,-201.005023872E-03
-19.832000E-06,-2.826E-09
-19.824000E-06,-201.005023872E-03
-19.816000E-06,-2.826E-09
-19.808000E-06,+0.0E+00
-19.800000E-06,+0.0E+00
-19.792000E-06,-201.005023872E-03
-19.784000E-06,-201.005026698E-03
-19.776000E-06,-201.005026698E-03
-19.768000E-06,-2.826E-09
-19.760000E-06,-201.005023872E-03
-19.752000E-06,-201.005026698E-03
-19.744000E-06,-201.005026698E-03
-19.736000E-06,-2.826E-09
-19.728000E-06,+0.0E+00
-19.720000E-06,+0.0E+00
-19.712000E-06,+0.0E+00
-19.704000E-06,+0.0E+00
-19.696000E-06,+0.0E+00
-19.688000E-06,+0.0E+00
-19.680000E-06,+0.0E+00
-19.672000E-06,+0.0E+00
-19.664000E-06,+0.0E+00
-19.656000E-06,+0.0E+00
-19.648000E-06,+0.0E+00
-19.640000E-06,-201.005023872E-03
-19.632000E-06,-201.005026698E-03
-19.624000E-06,-201.005026698E-03
-19.616000E-06,-2.826E-09
-19.608000E-06,-201.005023872E-03
-19.600000E-06,-2.826E-09
-19.592000E-06,+0.0E+00
-19.584000E-06,-201.005023873E-03
-19.576000E-06,-201.005026698E-03
-19.568000E-06,-2.826E-09
-19.560000E-06,-201.005023873E-03
-19.552000E-06,-2.826E-09
-19.544000E-06,+0.0E+00
-19.536000E-06,+0.0E+00
-19.528000E-06,+0.0E+00
-19.520000E-06,+0.0E+00
-19.512000E-06,+0.0E+00
-19.504000E-06,-201.005023873E-03
-19.496000E-06,-2.826E-09
-19.488000E-06,-201.005023873E-03
-19.480000E-06,-2.826E-09
-19.472000E-06,+0.0E+00
-19.464000E-06,+0.0E+00
-19.456000E-06,-201.005023873E-03
-19.448000E-06,-201.005026698E-03
-19.440000E-06,-2.826E-09
-19.432000E-06,+0.0E+00
-19.424000E-06,+0.0E+00
-19.416000E-06,-201.005023873E-03
-19.408000E-06,-201.005026698E-03
-19.400000E-06,-2.826E-09
-19.392000E-06,-201.005023873E-03
-19.384000E-06,-2.826E-09
-19.376000E-06,+0.0E+00
-19.368000E-06,+0.0E+00
-19.360000E-06,+0.0E+00
-19.352000E-06,+0.0E+00
-19.344000E-06,+0.0E+00
-19.336000E-06,-201.005023873E-03
-19.328000E-06,-2.826E-09
-19.320000E-06,+0.0E+00
-19.312000E-06,+0.0E+00
-19.304000E-06,+0.0E+00
-19.296000E-06,+0.0E+00
-19.288000E-06,+0.0E+00
-19.280000E-06,-201.005023873E-03
-19.272000E-06,-2.826E-09
-19.264000E-06,+0.0E+00
-19.256000E-06,+0.0E+00
-19.248000E-06,+0.0E+00
-19.240000E-06,+0.0E+00
-19.232000E-06,+0.0E+00
-19.224000E-06,-201.005023873E-03
-19.216000E-06,-2.826E-09
-19.208000E-06,-201.005023873E-03
-19.200000E-06,-2.826E-09
-19.192000E-06,+0.0E+00
-19.184000E-06,-201.005023873E-03
-19.176000E-06,-201.005026698E-03
-19.168000E-06,-2.826E-09
-19.160000E-06,+0.0E+00
-19.152000E-06,+0.0E+00
-19.144000E-06,+0.0E+00
-19.136000E-06,-201.005023873E-03
-19.128000E-06,-2.825E-09
-19.120000E-06,+0.0E+00
-19.112000E-06,+0.0E+00
-19.104000E-06,-201.005023873E-03
-19.096000E-06,-2.825E-09
-19.088000E-06,-201.005023873E-03
-19.080000E-06,-201.005026698E-03
-19.072000E-06,-2.825E-09
-19.064000E-06,+0.0E+00
-19.056000E-06,-201.005023873E-03
-19.048000E-06,-2.825E-09
-19.040000E-06,+0.0E+00
-19.032000E-06,-201.005023873E-03
-19.024000E-06,-2.825E-09
-19.016000E-06,+0.0E+00
-19.008000E-06,-201.005023873E-03
-19.000000E-06,-2.825E-09
-18.992000E-06,-201.005023873E-03
-18.984000E-06,-2.825E-09
-18.976000E-06,+0.0E+00
-18.968000E-06,+0.0E+00
-18.960000E-06,+0.0E+00
-18.952000E-06,-201.005023873E-03
-18.944000E-06,-201.005026698E-03
-18.936000E-06,-2.825E-09
-18.928000E-06,+0.0E+00
-18.920000E-06,+0.0E+00
-18.912000E-06,+0.0E+00
-18.904000E-06,+0.0E+00
-18.896000E-06,+0.0E+00
-18.888000E-06,+0.0E+00
-18.880000E-06,+0.0E+00
-18.872000E-06,-201.005023873E-03
-18.864000E-06,-201.005026698E-03
-18.856000E-06,-201.005026698E-03
-18.848000E-06,-2.825E-09
-18.840000E-06,-201.005023873E-03
-18.832000E-06,-2.825E-09
-18.824000E-06,-201.005023873E-03
-18.816000E-06,-2.824E-09
-18.808000E-06,-201.005023874E-03
-18.800000E-06,-2.824E-09
-18.792000E-06,-201.005023874E-03
-18.784000E-06,-201.005026698E-03
-18.776000E-06,+201.005021050E-03
-18.768000E-06,-201.005021050E-03
-18.760000E-06,-2.824E-09
-18.752000E-06,+0.0E+00
-18.744000E-06,-201.005023874E-03
-18.736000E-06,-201.005026698E-03
-18.728000E-06,-2.824E-09
-18.720000E-06,+0.0E+00
-18.712000E-06,+0.0E+00
-18.704000E-06,+0.0E+00
-18.696000E-06,+0.0E+00
-18.688000E-06,-201.005023874E-03
-18.680000E-06,-2.824E-09
-18.672000E-06,-201.005023874E-03
-18.664000E-06,-201.005026698E-03
-18.656000E-06,-2.824E-09
-18.648000E-06,+0.0E+00
-18.640000E-06,+0.0E+00
-18.632000E-06,-201.005023874E-03
-18.624000E-06,-2.824E-09
-18.616000E-06,-201.005023874E-03
-18.608000E-06,-201.005026698E-03
-18.600000E-06,-2.824E-09
-18.592000E-06,+0.0E+00
-18.584000E-06,-201.005023874E-03
-18.576000E-06,-201.005026698E-03
-18.568000E-06,-201.005026698E-03
-18.560000E-06,-2.824E-09
-18.552000E-06,+0.0E+00
-18.544000E-06,+0.0E+00
-18.536000E-06,+0.0E+00
-18.528000E-06,-201.005023874E-03
-18.520000E-06,-2.824E-09
-18.512000E-06,+0.0E+00
-18.504000E-06,+0.0E+00
-18.496000E-06,+0.0E+00
-18.488000E-06,-201.005023874E-03
-18.480000E-06,-2.824E-09
-18.472000E-06,+0.0E+00
-18.464000E-06,-201.005023874E-03
-18.456000E-06,-201.005026698E-03
-18.448000E-06,-2.824E-09
-18.440000E-06,+0.0E+00
-18.432000E-06,+0.0E+00
-18.424000E-06,+0.0E+00
-18.416000E-06,+0.0E+00
-18.408000E-06,-201.005023874E-03
-18.400000E-06,-2.824E-09
-18.392000E-06,-201.005023874E-03
-18.384000E-06,-201.005026698E-03
-18.376000E-06,-201.005026698E-03
-18.368000E-06,-2.823E-09
-18.360000E-06,-201.005023875E-03
-18.352000E-06,-201.005026698E-03
-18.344000E-06,-2.823E-09
-18.336000E-06,+0.0E+00
-18.328000E-06,-201.005023875E-03
-18.320000E-06,-2.823E-09
-18.312000E-06,+0.0E+00
-18.304000E-06,+0.0E+00
-18.296000E-06,+0.0E+00
-18.288000E-06,-201.005023875E-03
-18.280000E-06,-201.005026698E-03
-18.272000E-06,-201.005026698E-03
-18.264000E-06,-2.823E-09
-18.256000E-06,+0.0E+00
-18.248000E-06,+0.0E+00
-18.240000E-06,+0.0E+00
-18.232000E-06,-201.005023875E-03
-18.224000E-06,-2.823E-09
-18.216000E-06,-201.005023875E-03
-18.208000E-06,-2.823E-09
-18.200000E-06,-201.005023875E-03
-18.192000E-06,-201.005026698E-03
-18.184000E-06,-201.005026698E-03
-18.176000E-06,-2.823E-09
-18.168000E-06,+0.0E+00
-18.160000E-06,+0.0E+00
-18.152000E-06,+0.0E+00
-18.144000E-06,+0.0E+00
-18.136000E-06,+0.0E+00
-18.128000E-06,-201.005023875E-03
-18.120000E-06,-201.005026698E-03
-18.112000E-06,-2.823E-09
-18.104000E-06,-201.005023875E-03
-18.096000E-06,-201.005026698E-03
-18.088000E-06,-2.823E-09
-18.080000E-06,-201.005023875E-03
-18.072000E-06,-2.823E-09
-18.064000E-06,-201.005023875E-03
-18.056000E-06,-201.005026698E-03
-18.048000E-06,-201.005026698E-03
-18.040000E-06,-201.005026698E-03
-18.032000E-06,-2.823E-09
-18.024000E-06,+0.0E+00
-18.016000E-06,-201.005023875E-03
-18.008000E-06,-2.823E-09
-18.000000E-06,-201.005023875E-03
-17.992000E-06,-201.005026698E-03
-17.984000E-06,-2.823E-09
-17.976000E-06,-201.005023875E-03
-17.968000E-06,-2.823E-09
-17.960000E-06,-201.005023875E-03
-17.952000E-06,-201.005026698E-03
-17.944000E-06,-2.823E-09
-17.936000E-06,+0.0E+00
-17.928000E-06,+0.0E+00
-17.920000E-06,-201.005023875E-03
-17.912000E-06,-201.005026698E-03
-17.904000E-06,-201.005026698E-03
-17.896000E-06,-201.005026698E-03
-17.888000E-06,-2.823E-09
-17.880000E-06,-201.005023875E-03
-17.872000E-06,-201.005026698E-03
-17.864000E-06,-201.005026698E-03
-17.856000E-06,-2.823E-09
-17.848000E-06,-201.005023875E-03
-17.840000E-06,-201.005026698E-03
-17.832000E-06,-201.005026698E-03
-17.824000E-06,-2.823E-09
-17.816000E-06,+0.0E+00
-17.808000E-06,+0.0E+00
-17.800000E-06,+0.0E+00
-17.792000E-06,+0.0E+00
-17.784000E-06,+0.0E+00
-17.776000E-06,+0.0E+00
-17.768000E-06,+0.0E+00
-17.760000E-06,+0.0E+00
-17.752000E-06,+0.0E+00
-17.744000E-06,-201.005023875E-03
-17.736000E-06,-201.005026698E-03
-17.728000E-06,-2.823E-09
-17.720000E-06,-201.005023875E-03
-17.712000E-06,-201.005026698E-03
-17.704000E-06,-201.005026698E-03
-17.696000E-06,-201.005026698E-03
-17.688000E-06,-201.005026698E-03
-17.680000E-06,-201.005026698E-03
-17.672000E-06,-2.823E-09
-17.664000E-06,+0.0E+00
-17.656000E-06,-201.005023875E-03
-17.648000E-06,-2.823E-09
-17.640000E-06,-201.005023875E-03
-17.632000E-06,-2.823E-09
-17.624000E-06,-201.005023875E-03
-17.616000E-06,-2.823E-09
-17.608000E-06,-201.005023876E-03
-17.600000E-06,-2.822E-09
-17.592000E-06,+0.0E+00
-17.584000E-06,+0.0E+00
-17.576000E-06,-201.005023876E-03
-17.568000E-06,-2.822E-09
-17.560000E-06,+0.0E+00
-17.552000E-06,+0.0E+00
-17.544000E-06,-201.005023876E-03
-17.536000E-06,-201.005026698E-03
-17.528000E-06,-2.822E-09
-17.520000E-06,-201.005023876E-03
-17.512000E-06,-201.005026698E-03
-17.504000E-06,-201.005026698E-03
-17.496000E-06,-201.005026698E-03
-17.488000E-06,-201.005026698E-03
-17.480000E-06,-2.822E-09
-17.472000E-06,+0.0E+00
-17.464000E-06,-201.005023876E-03
-17.456000E-06,-201.005026698E-03
-17.448000E-06,-2.822E-09
-17.440000E-06,+0.0E+00
-17.432000E-06,-201.005023876E-03
-17.424000E-06,-2.822E-09
-17.416000E-06,-201.005023876E-03
-17.408000E-06,-201.005026698E-03
-17.400000E-06,-201.005026698E-03
-17.392000E-06,-201.005026698E-03
-17.384000E-06,-2.822E-09
-17.376000E-06,+0.0E+00
-17.368000E-06,-201.005023876E-03
-17.360000E-06,-201.005026698E-03
-17.352000E-06,-2.822E-09
-17.344000E-06,-201.005023876E-03
-17.336000E-06,-201.005026698E-03
-17.328000E-06,-201.005026698E-03
-17.320000E-06,-201.005026698E-03
-17.312000E-06,-201.005026698E-03
-17.304000E-06,-201.005026698E-03
-17.296000E-06,-201.005026698E-03
-17.288000E-06,-201.005026698E-03
-17.280000E-06,-201.005026698E-03
-17.272000E-06,-2.821E-09
-17.264000E-06,+0.0E+00
-17.256000E-06,+0.0E+00
-17.248000E-06,-201.005023877E-03
-17.240000E-06,-201.005026698E-03
-17.232000E-06,-201.005026698E-03
-17.224000E-06,-2.821E-09
-17.216000E-06,-201.005023877E-03
-17.208000E-06,-201.005026698E-03
-17.200000E-06,-201.005026698E-03
-17.192000E-06,-201.005026698E-03
-17.184000E-06,-201.005026698E-03
-17.176000E-06,-2.821E-09
-17.168000E-06,+0.0E+00
-17.160000E-06,+0.0E+00
-17.152000E-06,+0.0E+00
-17.144000E-06,+0.0E+00
-17.136000E-06,+0.0E+00
-17.128000E-06,+0.0E+00
-17.120000E-06,-201.005023877E-03
-17.112000E-06,-201.005026698E-03
-17.104000E-06,-201.005026698E-03
-17.096000E-06,-201.005026698E-03
-17.088000E-06,-201.005026698E-03
-17.080000E-06,-201.005026698E-03
-17.072000E-06,-2.821E-09
-17.064000E-06,-201.005023877E-03
-17.056000E-06,-201.005026698E-03
-17.048000E-06,-2.821E-09
-17.040000E-06,-201.005023877E-03
-17.032000E-06,-201.005026698E-03
-17.024000E-06,-201.005026698E-03
-17.016000E-06,-201.005026698E-03
-17.008000E-06,-201.005026698E-03
-17.000000E-06,-2.821E-09
-16.992000E-06,-201.005023877E-03
-16.984000E-06,-201.005026698E-03
-16.976000E-06,-201.005026698E-03
-16.968000E-06,-201.005026698E-03
-16.960000E-06,-2.821E-09
-16.952000E-06,-201.005023877E-03
-16.944000E-06,-201.005026698E-03
-16.936000E-06,-2.821E-09
-16.928000E-06,-201.005023877E-03
-16.920000E-06,-201.005026698E-03
-16.912000E-06,-2.821E-09
-16.904000E-06,-201.005023877E-03
-16.896000E-06,-201.005026698E-03
-16.888000E-06,-201.005026698E-03
-16.880000E-06,-201.005026698E-03
-16.872000E-06,-2.821E-09
-16.864000E-06,-201.005023877E-03
-16.856000E-06,-201.005026698E-03
-16.848000E-06,-201.005026698E-03
-16.840000E-06,-201.005026698E-03
-16.832000E-06,-201.005026698E-03
-16.824000E-06,-201.005026698E-03
-16.816000E-06,-201.005026698E-03
-16.808000E-06,-201.005026698E-03
-16.800000E-06,-201.005026698E-03
-16.792000E-06,-201.005026698E-03
-16.784000E-06,-201.005026698E-03
-16.776000E-06,-201.005026698E-03
-16.768000E-06,-201.005026698E-03
-16.760000E-06,-2.820E-09
-16.752000E-06,-201.005023878E-03
-16.744000E-06,-201.005026698E-03
-16.736000E-06,-2.820E-09
-16.728000E-06,-201.005023878E-03
-16.720000E-06,-201.005026698E-03
-16.712000E-06,-201.005026698E-03
-16.704000E-06,-2.820E-09
-16.696000E-06,+0.0E+00
-16.688000E-06,-201.005023878E-03
-16.680000E-06,-201.005026698E-03
-16.672000E-06,-201.005026698E-03
-16.664000E-06,-201.005026698E-03
-16.656000E-06,-201.005026698E-03
-16.648000E-06,-201.005026698E-03
-16.640000E-06,-2.820E-09
-16.632000E-06,+0.0E+00
-16.624000E-06,-201.005023878E-03
-16.616000E-06,-2.820E-09
-16.608000E-06,-201.005023878E-03
-16.600000E-06,-2.820E-09
-16.592000E-06,-201.005023878E-03
-16.584000E-06,-201.005026698E-03
-16.576000E-06,-201.005026698E-03
-16.568000E-06,-2.820E-09
-16.560000E-06,-201.005023878E-03
-16.552000E-06,-201.005026698E-03
-16.544000E-06,-201.005026698E-03
-16.536000E-06,-201.005026698E-03
-16.528000E-06,-201.005026698E-03
-16.520000E-06,-2.820E-09
-16.512000E-06,-201.005023878E-03
-16.504000E-06,-201.005026698E-03
-16.496000E-06,-201.005026698E-03
-16.488000E-06,-201.005026698E-03
-16.480000E-06,-201.005026698E-03
-16.472000E-06,-201.005026698E-03
-16.464000E-06,-201.005026698E-03
-16.456000E-06,-201.005026698E-03
-16.448000E-06,-201.005026698E-03
-16.440000E-06,-2.820E-09
-16.432000E-06,-201.005023878E-03
-16.424000E-06,-201.005026698E-03
-16.416000E-06,-201.005026698E-03
-16.408000E-06,-201.005026698E-03
-16.400000E-06,-201.005026698E-03
-16.392000E-06,-201.005026698E-03
-16.384000E-06,-201.005026698E-03
-16.376000E-06,-201.005026698E-03
-16.368000E-06,-201.005026698E-03
-16.360000E-06,-201.005026698E-03
-16.352000E-06,-201.005026698E-03
-16.344000E-06,-201.005026698E-03
-16.336000E-06,-201.005026698E-03
-16.328000E-06,-201.005026698E-03
-16.320000E-06,-201.005026698E-03
-16.312000E-06,-201.005026698E-03
-16.304000E-06,-201.005026698E-03
-16.296000E-06,-201.005026698E-03
-16.288000E-06,-201.005026698E-03
-16.280000E-06,-201.005026698E-03
-16.272000E-06,-201.005026698E-03
-16.264000E-06,-201.005026698E-03
-16.256000E-06,-201.005026698E-03
-16.248000E-06,-201.005026698E-03
-16.240000E-06,-201.005026698E-03
-16.232000E-06,-201.005026698E-03
-16.224000E-06,-2.820E-09
-16.216000E-06,-201.005023878E-03
-16.208000E-06,-2.820E-09
-16.200000E-06,-201.005023878E-03
-16.192000E-06,-2.820E-09
-16.184000E-06,-201.005023878E-03
-16.176000E-06,-201.005026698E-03
-16.168000E-06,-201.005026698E-03
-16.160000E-06,-201.005026698E-03
-16.152000E-06,-201.005026698E-03
-16.144000E-06,-201.005026698E-03
-16.136000E-06,-201.005026698E-03
-16.128000E-06,-201.005026698E-03
-16.120000E-06,-201.005026698E-03
-16.112000E-06,-201.005026698E-03
-16.104000E-06,-201.005026698E-03
-16.096000E-06,-201.005026698E-03
-16.088000E-06,-201.005026698E-03
-16.080000E-06,-2.820E-09
-16.072000E-06,+0.0E+00
-16.064000E-06,-201.005023879E-03
-16.056000E-06,-201.005026698E-03
-16.048000E-06,-201.005026698E-03
-16.040000E-06,-201.005026698E-03
-16.032000E-06,-201.005026698E-03
-16.024000E-06,-201.005026698E-03
-16.016000E-06,-201.005026698E-03
-16.008000E-06,-201.005026698E-03
-16.000000E-06,-201.005026698E-03
-15.992000E-06,-201.005026698E-03
-15.984000E-06,-201.005026698E-03
-15.976000E-06,-201.005026698E-03
-15.968000E-06,-201.005026698E-03
-15.960000E-06,-201.005026698E-03
-15.952000E-06,-201.005026698E-03
-15.944000E-06,-201.005026698E-03
-15.936000E-06,-2.819E-09
-15.928000E-06,+0.0E+00
-15.920000E-06,-201.005023879E-03
-15.912000E-06,-201.005026698E-03
-15.904000E-06,-201.005026698E-03
-15.896000E-06,-201.005026698E-03
-15.888000E-06,-201.005026698E-03
-15.880000E-06,-201.005026698E-03
-15.872000E-06,-2.819E-09
-15.864000E-06,-201.005023879E-03
-15.856000E-06,-2.819E-09
-15.848000E-06,-201.005023879E-03
-15.840000E-06,-2.819E-09
-15.832000E-06,-201.005023879E-03
-15.824000E-06,-2.819E-09
-15.816000E-06,-201.005023879E-03
-15.808000E-06,-201.005026698E-03
-15.800000E-06,-201.005026698E-03
-15.792000E-06,-2.819E-09
-15.784000E-06,-201.005023879E-03
-15.776000E-06,-201.005026698E-03
-15.768000E-06,-201.005026698E-03
-15.760000E-06,-201.005026698E-03
-15.752000E-06,-201.005026698E-03
-15.744000E-06,-2.819E-09
-15.736000E-06,-201.005023879E-03
-15.728000E-06,-201.005026698E-03
-15.720000E-06,-201.005026698E-03
-15.712000E-06,-201.005026698E-03
-15.704000E-06,-201.005026698E-03
-15.696000E-06,-201.005026698E-03
-15.688000E-06,-201.005026698E-03
-15.680000E-06,-201.005026698E-03
-15.672000E-06,-201.005026698E-03
-15.664000E-06,-201.005026698E-03
-15.656000E-06,-201.005026698E-03
-15.648000E-06,-201.005026698E-03
-15.640000E-06,-201.005026698E-03
-15.632000E-06,-201.005026698E-03
-15.624000E-06,-201.005026698E-03
-15.616000E-06,-201.005026698E-03
-15.608000E-06,-201.005026698E-03
-15.600000E-06,-201.005026698E-03
-15.592000E-06,-201.005026698E-03
-15.584000E-06,-201.005026698E-03
-15.576000E-06,-201.005026698E-03
-15.568000E-06,-201.005026698E-03
-15.560000E-06,-201.005026698E-03
-15.552000E-06,-201.005026698E-03
-15.544000E-06,-201.005026698E-03
-15.536000E-06,-201.005026698E-03
-15.528000E-06,-402.010050578E-03
-15.520000E-06,-5.636E-09
-15.512000E-06,-201.005023880E-03
-15.504000E-06,-2.818E-09
-15.496000E-06,-201.005023880E-03
-15.488000E-06,-201.005026698E-03
-15.480000E-06,-201.005026698E-03
-15.472000E-06,-201.005026698E-03
-15.464000E-06,-201.005026698E-03
-15.456000E-06,-201.005026698E-03
-15.448000E-06,-201.005026698E-03
-15.440000E-06,-201.005026698E-03
-15.432000E-06,-2.818E-09
-15.424000E-06,+0.0E+00
-15.416000E-06,-201.005023880E-03
-15.408000E-06,-201.005026698E-03
-15.400000E-06,-201.005026698E-03
-15.392000E-06,-201.005026698E-03
-15.384000E-06,-201.005026698E-03
-15.376000E-06,-2.818E-09
-15.368000E-06,+0.0E+00
-15.360000E-06,-201.005023880E-03
-15.352000E-06,-201.005026698E-03
-15.344000E-06,-201.005026698E-03
-15.336000E-06,-201.005026698E-03
-15.328000E-06,-2.818E-09
-15.320000E-06,-201.005023880E-03
-15.312000E-06,-201.005026698E-03
-15.304000E-06,-201.005026698E-03
-15.296000E-06,-201.005026698E-03
-15.288000E-06,-201.005026698E-03
-15.280000E-06,-201.005026698E-03
-15.272000E-06,-201.005026698E-03
-15.264000E-06,-402.010050579E-03
-15.256000E-06,-201.005029516E-03
-15.248000E-06,-2.818E-09
-15.240000E-06,-201.005023881E-03
-15.232000E-06,-201.005026698E-03
-15.224000E-06,-201.005026698E-03
-15.216000E-06,-201.005026698E-03
-15.208000E-06,-201.005026698E-03
-15.200000E-06,-201.005026698E-03
-15.192000E-06,-201.005026698E-03
-15.184000E-06,-2.818E-09
-15.176000E-06,-201.005023881E-03
-15.168000E-06,-201.005026698E-03
-15.160000E-06,-201.005026698E-03
-15.152000E-06,-201.005026698E-03
-15.144000E-06,-201.005026698E-03
-15.136000E-06,-201.005026698E-03
-15.128000E-06,-201.005026698E-03
-15.120000E-06,-201.005026698E-03
-15.112000E-06,-201.005026698E-03
-15.104000E-06,-201.005026698E-03
-15.096000E-06,-201.005026698E-03
-15.088000E-06,-201.005026698E-03
-15.080000E-06,-201.005026698E-03
-15.072000E-06,-201.005026698E-03
-15.064000E-06,-2.818E-09
-15.056000E-06,-201.005023881E-03
-15.048000E-06,-201.005026698E-03
-15.040000E-06,-201.005026698E-03
-15.032000E-06,-201.005026698E-03
-15.024000E-06,-201.005026698E-03
-15.016000E-06,-201.005026698E-03
-15.008000E-06,-201.005026698E-03
-15.000000E-06,-201.005026698E-03
-14.992000E-06,-201.005026698E-03
-14.984000E-06,-201.005026698E-03
-14.976000E-06,-201.005026698E-03
-14.968000E-06,-201.005026698E-03
-14.960000E-06,-201.005026698E-03
-14.952000E-06,-201.005026698E-03
-14.944000E-06,-201.005026698E-03
-14.936000E-06,-201.005026698E-03
-14.928000E-06,-201.005026698E-03
-14.920000E-06,-201.005026698E-03
-14.912000E-06,-201.005026698E-03
-14.904000E-06,-201.005026698E-03
-14.896000E-06,-201.005026698E-03
-14.888000E-06,-201.005026698E-03
-14.880000E-06,-201.005026698E-03
-14.872000E-06,-201.005026698E-03
-14.864000E-06,-201.005026698E-03
-14.856000E-06,-201.005026698E-03
-14.848000E-06,-201.005026698E-03
-14.840000E-06,-201.005026698E-03
-14.832000E-06,-201.005026698E-03
-14.824000E-06,-201.005026698E-03
-14.816000E-06,-201.005026698E-03
-14.808000E-06,-201.005026698E-03
-14.800000E-06,-201.005026698E-03
-14.792000E-06,-2.817E-09
-14.784000E-06,-201.005023881E-03
-14.776000E-06,-201.005026698E-03
-14.768000E-06,-201.005026698E-03
-14.760000E-06,-201.005026698E-03
-14.752000E-06,-201.005026698E-03
-14.744000E-06,-201.005026698E-03
-14.736000E-06,-201.005026698E-03
-14.728000E-06,-201.005026698E-03
-14.720000E-06,-201.005026698E-03
-14.712000E-06,-201.005026698E-03
-14.704000E-06,-201.005026698E-03
-14.696000E-06,-201.005026698E-03
-14.688000E-06,-201.005026698E-03
-14.680000E-06,-201.005026698E-03
-14.672000E-06,-201.005026698E-03
-14.664000E-06,-201.005026698E-03
-14.656000E-06,-201.005026698E-03
-14.648000E-06,-201.005026698E-03
-14.640000E-06,-201.005026698E-03
-14.632000E-06,-201.005026698E-03
-14.624000E-06,-201.005026698E-03
-14.616000E-06,-201.005026698E-03
-14.608000E-06,-201.005026698E-03
-14.600000E-06,-201.005026698E-03
-14.592000E-06,-201.005026698E-03
-14.584000E-06,-201.005026698E-03
-14.576000E-06,-201.005026698E-03
-14.568000E-06,-201.005026698E-03
-14.560000E-06,-201.005026698E-03
-14.552000E-06,-201.005026698E-03
-14.544000E-06,-201.005026698E-03
-14.536000E-06,-201.005026698E-03
-14.528000E-06,-201.005026698E-03
-14.520000E-06,-201.005026698E-03
-14.512000E-06,-201.005026698E-03
-14.504000E-06,-201.005026698E-03
-14.496000E-06,-201.005026698E-03
-14.488000E-06,-201.005026698E-03
-14.480000E-06,-201.005026698E-03
-14.472000E-06,-201.005026698E-03
-14.464000E-06,-201.005026698E-03
-14.456000E-06,-201.005026698E-03
-14.448000E-06,-201.005026698E-03
-14.440000E-06,-402.010050580E-03
-14.432000E-06,-201.005029514E-03
-14.424000E-06,-201.005026698E-03
-14.416000E-06,-201.005026698E-03
-14.408000E-06,-201.005026698E-03
-14.400000E-06,-201.005026698E-03
-14.392000E-06,-201.005026698E-03
-14.384000E-06,-201.005026698E-03
-14.376000E-06,-201.005026698E-03
-14.368000E-06,-201.005026698E-03
-14.360000E-06,-201.005026698E-03
-14.352000E-06,-201.005026698E-03
-14.344000E-06,-201.005026698E-03
-14.336000E-06,-201.005026698E-03
-14.328000E-06,-201.005026698E-03
-14.320000E-06,-201.005026698E-03
-14.312000E-06,-402.010050580E-03
-14.304000E-06,-201.005029514E-03
-14.296000E-06,-201.005026698E-03
-14.288000E-06,-201.005026698E-03
-14.280000E-06,-201.005026698E-03
-14.272000E-06,-201.005026698E-03
-14.264000E-06,-201.005026698E-03
-14.256000E-06,-201.005026698E-03
-14.248000E-06,-201.005026698E-03
-14.240000E-06,-201.005026698E-03
-14.232000E-06,-201.005026698E-03
-14.224000E-06,-201.005026698E-03
-14.216000E-06,-201.005026698E-03
-14.208000E-06,-201.005026698E-03
-14.200000E-06,-201.005026698E-03
-14.192000E-06,-201.005026698E-03
-14.184000E-06,-201.005026698E-03
-14.176000E-06,-201.005026698E-03
-14.168000E-06,-201.005026698E-03
-14.160000E-06,-201.005026698E-03
-14.152000E-06,-201.005026698E-03
-14.144000E-06,-201.005026698E-03
-14.136000E-06,-201.005026698E-03
-14.128000E-06,-201.005026698E-03
-14.120000E-06,-201.005026698E-03
-14.112000E-06,-201.005026698E-03
-14.104000E-06,-201.005026698E-03
-14.096000E-06,-201.005026698E-03
-14.088000E-06,-402.010050581E-03
-14.080000E-06,-201.005029513E-03
-14.072000E-06,-201.005026698E-03
-14.064000E-06,-201.005026698E-03
-14.056000E-06,-201.005026698E-03
-14.048000E-06,-201.005026698E-03
-14.040000E-06,-201.005026698E-03
-14.032000E-06,-201.005026698E-03
-14.024000E-06,-201.005026698E-03
-14.016000E-06,-201.005026698E-03
-14.008000E-06,-201.005026698E-03
-14.000000E-06,-201.005026698E-03
-13.992000E-06,-201.005026698E-03
-13.984000E-06,-201.005026698E-03
-13.976000E-06,-201.005026698E-03
-13.968000E-06,-201.005026698E-03
-13.960000E-06,-201.005026698E-03
-13.952000E-06,-201.005026698E-03
-13.944000E-06,-201.005026698E-03
-13.936000E-06,-402.010050581E-03
-13.928000E-06,-201.005029513E-03
-13.920000E-06,-201.005026698E-03
-13.912000E-06,-201.005026698E-03
-13.904000E-06,-201.005026698E-03
-13.896000E-06,-201.005026698E-03
-13.888000E-06,-201.005026698E-03
-13.880000E-06,-201.005026698E-03
-13.872000E-06,-201.005026698E-03
-13.864000E-06,-201.005026698E-03
-13.856000E-06,-402.010050581E-03
-13.848000E-06,-402.010053396E-03
-13.840000E-06,-201.005029513E-03
-13.832000E-06,-402.010050581E-03
-13.824000E-06,-201.005029513E-03
-13.816000E-06,-201.005026698E-03
-13.808000E-06,-201.005026698E-03
-13.800000E-06,-201.005026698E-03
-13.792000E-06,-201.005026698E-03
-13.784000E-06,-402.010050581E-03
-13.776000E-06,-402.010053396E-03
-13.768000E-06,-201.005029513E-03
-13.760000E-06,-402.010050581E-03
-13.752000E-06,-201.005029513E-03
-13.744000E-06,-201.005026698E-03
-13.736000E-06,-201.005026698E-03
-13.728000E-06,-201.005026698E-03
-13.720000E-06,-201.005026698E-03
-13.712000E-06,-201.005026698E-03
-13.704000E-06,-201.005026698E-03
-13.696000E-06,-201.005026698E-03
-13.688000E-06,-201.005026698E-03
-13.680000E-06,-201.005026698E-03
-13.672000E-06,-201.005026698E-03
-13.664000E-06,-201.005026698E-03
-13.656000E-06,-201.005026698E-03
-13.648000E-06,-201.005026698E-03
-13.640000E-06,-201.005026698E-03
-13.632000E-06,-201.005026698E-03
-13.624000E-06,-201.005026698E-03
-13.616000E-06,-201.005026698E-03
-13.608000E-06,-201.005026698E-03
-13.600000E-06,-201.005026698E-03
-13.592000E-06,-402.010050582E-03
-13.584000E-06,-402.010053396E-03
-13.576000E-06,-402.010053396E-03
-13.568000E-06,-402.010053396E-03
-13.560000E-06,-402.010053396E-03
-13.552000E-06,-201.005029513E-03
-13.544000E-06,-201.005026698E-03
-13.536000E-06,-201.005026698E-03
-13.528000E-06,-402.010050582E-03
-13.520000E-06,-201.005029513E-03
-13.512000E-06,-201.005026698E-03
-13.504000E-06,-201.005026698E-03
-13.496000E-06,-201.005026698E-03
-13.488000E-06,-402.010050582E-03
-13.480000E-06,-201.005029513E-03
-13.472000E-06,-201.005026698E-03
-13.464000E-06,-201.005026698E-03
-13.456000E-06,-201.005026698E-03
-13.448000E-06,-201.005026698E-03
-13.440000E-06,-201.005026698E-03
-13.432000E-06,-201.005026698E-03
-13.424000E-06,-201.005026698E-03
-13.416000E-06,-201.005026698E-03
-13.408000E-06,-402.010050582E-03
-13.400000E-06,-201.005029513E-03
-13.392000E-06,-201.005026698E-03
-13.384000E-06,-201.005026698E-03
-13.376000E-06,-201.005026698E-03
-13.368000E-06,-402.010050582E-03
-13.360000E-06,-201.005029512E-03
-13.352000E-06,-201.005026698E-03
-13.344000E-06,-201.005026698E-03
-13.336000E-06,-201.005026698E-03
-13.328000E-06,-201.005026698E-03
-13.320000E-06,-201.005026698E-03
-13.312000E-06,-201.005026698E-03
-13.304000E-06,-201.005026698E-03
-13.296000E-06,-402.010050582E-03
-13.288000E-06,-402.010053396E-03
-13.280000E-06,-402.010053396E-03
-13.272000E-06,-402.010053396E-03
-13.264000E-06,-201.005029512E-03
-13.256000E-06,-402.010050582E-03
-13.248000E-06,-201.005029512E-03
-13.240000E-06,-402.010050582E-03
-13.232000E-06,-402.010053396E-03
-13.224000E-06,-402.010053396E-03
-13.216000E-06,-201.005029512E-03
-13.208000E-06,-402.010050582E-03
-13.200000E-06,-402.010053396E-03
-13.192000E-06,-201.005029512E-03
-13.184000E-06,-201.005026698E-03
-13.176000E-06,-201.005026698E-03
-13.168000E-06,-402.010050582E-03
-13.160000E-06,-201.005029512E-03
-13.152000E-06,-201.005026698E-03
-13.144000E-06,-201.005026698E-03
-13.136000E-06,-201.005026698E-03
-13.128000E-06,-402.010050582E-03
-13.120000E-06,-201.005029512E-03
-13.112000E-06,-201.005026698E-03
-13.104000E-06,-402.010050582E-03
-13.096000E-06,-201.005029512E-03
-13.088000E-06,-201.005026698E-03
-13.080000E-06,-201.005026698E-03
-13.072000E-06,-201.005026698E-03
-13.064000E-06,-201.005026698E-03
-13.056000E-06,-402.010050582E-03
-13.048000E-06,-402.010053396E-03
-13.040000E-06,-402.010053396E-03
-13.032000E-06,-201.005029512E-03
-13.024000E-06,-402.010050582E-03
-13.016000E-06,-201.005029512E-03
-13.008000E-06,-201.005026698E-03
-13.000000E-06,-201.005026698E-03
-12.992000E-06,-402.010050582E-03
-12.984000E-06,-201.005029511E-03
-12.976000E-06,-201.005026698E-03
-12.968000E-06,-201.005026698E-03
-12.960000E-06,-201.005026698E-03
-12.952000E-06,-201.005026698E-03
-12.944000E-06,-201.005026698E-03
-12.936000E-06,-402.010050583E-03
-12.928000E-06,-402.010053396E-03
-12.920000E-06,-201.005029511E-03
-12.912000E-06,-201.005026698E-03
-12.904000E-06,-402.010050583E-03
-12.896000E-06,-402.010053396E-03
-12.888000E-06,-402.010053396E-03
-12.880000E-06,-201.005029511E-03
-12.872000E-06,-201.005026698E-03
-12.864000E-06,-402.010050583E-03
-12.856000E-06,-402.010053396E-03
-12.848000E-06,-402.010053396E-03
-12.840000E-06,-201.005029511E-03
-12.832000E-06,-402.010050583E-03
-12.824000E-06,-201.005029511E-03
-12.816000E-06,-402.010050583E-03
-12.808000E-06,-201.005029511E-03
-12.800000E-06,-201.005026698E-03
-12.792000E-06,-402.010050583E-03
-12.784000E-06,-201.005029511E-03
-12.776000E-06,-201.005026698E-03
-12.768000E-06,-402.010050583E-03
-12.760000E-06,-201.005029511E-03
-12.752000E-06,-402.010050583E-03
-12.744000E-06,-402.010053396E-03
-12.736000E-06,-402.010053396E-03
-12.728000E-06,-402.010053396E-03
-12.720000E-06,-402.010053396E-03
-12.712000E-06,-201.005029511E-03
-12.704000E-06,-402.010050583E-03
-12.696000E-06,-402.010053396E-03
-12.688000E-06,-402.010053396E-03
-12.680000E-06,-402.010053396E-03
-12.672000E-06,-201.005029511E-03
-12.664000E-06,-201.005026698E-03
-12.656000E-06,-201.005026698E-03
-12.648000E-06,-402.010050583E-03
-12.640000E-06,-201.005029511E-03
-12.632000E-06,-201.005026698E-03
-12.624000E-06,-201.005026698E-03
-12.616000E-06,-201.005026698E-03
-12.608000E-06,-402.010050584E-03
-12.600000E-06,-201.005029511E-03
-12.592000E-06,-201.005026698E-03
-12.584000E-06,-402.010050584E-03
-12.576000E-06,-402.010053396E-03
-12.568000E-06,-201.005029511E-03
-12.560000E-06,-201.005026698E-03
-12.552000E-06,-201.005026698E-03
-12.544000E-06,-201.005026698E-03
-12.536000E-06,-201.005026698E-03
-12.528000E-06,-201.005026698E-03
-12.520000E-06,-201.005026698E-03
-12.512000E-06,-201.005026698E-03
-12.504000E-06,-201.005026698E-03
-12.496000E-06,-201.005026698E-03
-12.488000E-06,-201.005026698E-03
-12.480000E-06,-201.005026698E-03
-12.472000E-06,-201.005026698E-03
-12.464000E-06,-201.005026698E-03
-12.456000E-06,-201.005026698E-03
-12.448000E-06,-402.010050584E-03
-12.440000E-06,-201.005029511E-03
-12.432000E-06,-201.005026698E-03
-12.424000E-06,-201.005026698E-03
-12.416000E-06,-201.005026698E-03
-12.408000E-06,-201.005026698E-03
-12.400000E-06,-201.005026698E-03
-12.392000E-06,-201.005026698E-03
-12.384000E-06,-201.005026698E-03
-12.376000E-06,-201.005026698E-03
-12.368000E-06,-201.005026698E-03
-12.360000E-06,-402.010050584E-03
-12.352000E-06,-402.010053396E-03
-12.344000E-06,-201.005029511E-03
-12.336000E-06,-201.005026698E-03
-12.328000E-06,-201.005026698E-03
-12.320000E-06,-402.010050584E-03
-12.312000E-06,-402.010053396E-03
-12.304000E-06,-201.005029511E-03
-12.296000E-06,-402.010050584E-03
-12.288000E-06,-201.005029511E-03
-12.280000E-06,-402.010050584E-03
-12.272000E-06,-201.005029511E-03
-12.264000E-06,-402.010050584E-03
-12.256000E-06,-201.005029511E-03
-12.248000E-06,-402.010050584E-03
-12.240000E-06,-402.010053396E-03
-12.232000E-06,-201.005029511E-03
-12.224000E-06,-201.005026698E-03
-12.216000E-06,-201.005026698E-03
-12.208000E-06,-201.005026698E-03
-12.200000E-06,-201.005026698E-03
-12.192000E-06,-201.005026698E-03
-12.184000E-06,-201.005026698E-03
-12.176000E-06,-402.010050585E-03
-12.168000E-06,-201.005029510E-03
-12.160000E-06,-201.005026698E-03
-12.152000E-06,-402.010050585E-03
-12.144000E-06,-402.010053396E-03
-12.136000E-06,-201.005029510E-03
-12.128000E-06,-402.010050585E-03
-12.120000E-06,-402.010053396E-03
-12.112000E-06,-201.005029510E-03
-12.104000E-06,-201.005026698E-03
-12.096000E-06,-402.010050585E-03
-12.088000E-06,-201.005029510E-03
-12.080000E-06,-402.010050585E-03
-12.072000E-06,-201.005029510E-03
-12.064000E-06,-402.010050585E-03
-12.056000E-06,-402.010053396E-03
-12.048000E-06,-201.005029510E-03
-12.040000E-06,-201.005026698E-03
-12.032000E-06,-201.005026698E-03
-12.024000E-06,-201.005026698E-03
-12.016000E-06,-402.010050585E-03
-12.008000E-06,-201.005029510E-03
-12.000000E-06,-201.005026698E-03
-11.992000E-06,-201.005026698E-03
-11.984000E-06,-201.005026698E-03
-11.976000E-06,-402.010050585E-03
-11.968000E-06,-402.010053396E-03
-11.960000E-06,-402.010053396E-03
-11.952000E-06,-402.010053396E-03
-11.944000E-06,-402.010053396E-03
-11.936000E-06,-402.010053396E-03
-11.928000E-06,-402.010053396E-03
-11.920000E-06,-402.010053396E-03
-11.912000E-06,-402.010053396E-03
-11.904000E-06,-201.005029510E-03
-11.896000E-06,-402.010050585E-03
-11.888000E-06,-402.010053396E-03
-11.880000E-06,-402.010053396E-03
-11.872000E-06,-402.010053396E-03
-11.864000E-06,-402.010053396E-03
-11.856000E-06,-201.005029510E-03
-11.848000E-06,-402.010050585E-03
-11.840000E-06,-402.010053396E-03
-11.832000E-06,-201.005029509E-03
-11.824000E-06,-402.010050585E-03
-11.816000E-06,-402.010053396E-03
-11.808000E-06,-402.010053396E-03
-11.800000E-06,-402.010053396E-03
-11.792000E-06,-201.005029509E-03
-11.784000E-06,-402.010050585E-03
-11.776000E-06,-402.010053396E-03
-11.768000E-06,-402.010053396E-03
-11.760000E-06,-402.010053396E-03
-11.752000E-06,-201.005029509E-03
-11.744000E-06,-402.010050585E-03
-11.736000E-06,-402.010053396E-03
-11.728000E-06,-402.010053396E-03
-11.720000E-06,-201.005029509E-03
-11.712000E-06,-402.010050585E-03
-11.704000E-06,-402.010053396E-03
-11.696000E-06,-402.010053396E-03
-11.688000E-06,-402.010053396E-03
-11.680000E-06,-201.005029509E-03
-11.672000E-06,-402.010050585E-03
-11.664000E-06,-402.010053396E-03
-11.656000E-06,-201.005029509E-03
-11.648000E-06,-201.005026698E-03
-11.640000E-06,-402.010050585E-03
-11.632000E-06,-201.005029509E-03
-11.624000E-06,-201.005026698E-03
-11.616000E-06,-201.005026698E-03
-11.608000E-06,-402.010050585E-03
-11.600000E-06,-201.005029509E-03
-11.592000E-06,-201.005026698E-03
-11.584000E-06,-402.010050585E-03
-11.576000E-06,-402.010053396E-03
-11.568000E-06,-402.010053396E-03
-11.560000E-06,-402.010053396E-03
-11.552000E-06,-402.010053396E-03
-11.544000E-06,-402.010053396E-03
-11.536000E-06,-201.005029509E-03
-11.528000E-06,-402.010050585E-03
-11.520000E-06,-402.010053396E-03
-11.512000E-06,-201.005029509E-03
-11.504000E-06,-402.010050585E-03
-11.496000E-06,-201.005029509E-03
-11.488000E-06,-402.010050585E-03
-11.480000E-06,-402.010053396E-03
-11.472000E-06,-201.005029509E-03
-11.464000E-06,-201.005026698E-03
-11.456000E-06,-201.005026698E-03
-11.448000E-06,-201.005026698E-03
-11.440000E-06,-402.010050585E-03
-11.432000E-06,-201.005029508E-03
-11.424000E-06,-201.005026698E-03
-11.416000E-06,-402.010050586E-03
-11.408000E-06,-201.005029508E-03
-11.400000E-06,-201.005026698E-03
-11.392000E-06,-201.005026698E-03
-11.384000E-06,-402.010050586E-03
-11.376000E-06,-201.005029508E-03
-11.368000E-06,-402.010050586E-03
-11.360000E-06,-402.010053396E-03
-11.352000E-06,-402.010053396E-03
-11.344000E-06,-402.010053396E-03
-11.336000E-06,-402.010053396E-03
-11.328000E-06,-201.005029508E-03
-11.320000E-06,-402.010050586E-03
-11.312000E-06,-201.005029508E-03
-11.304000E-06,-402.010050586E-03
-11.296000E-06,-402.010053396E-03
-11.288000E-06,-402.010053396E-03
-11.280000E-06,-402.010053396E-03
-11.272000E-06,-201.005029508E-03
-11.264000E-06,-402.010050586E-03
-11.256000E-06,-402.010053396E-03
-11.248000E-06,-201.005029508E-03
-11.240000E-06,-402.010050586E-03
-11.232000E-06,-402.010053396E-03
-11.224000E-06,-201.005029508E-03
-11.216000E-06,-201.005026698E-03
-11.208000E-06,-402.010050586E-03
-11.200000E-06,-402.010053396E-03
-11.192000E-06,-402.010053396E-03
-11.184000E-06,-402.010053396E-03
-11.176000E-06,-402.010053396E-03
-11.168000E-06,-402.010053396E-03
-11.160000E-06,-402.010053396E-03
-11.152000E-06,-402.010053396E-03
-11.144000E-06,-402.010053396E-03
-11.136000E-06,-402.010053396E-03
-11.128000E-06,-402.010053396E-03
-11.120000E-06,-402.010053396E-03
-11.112000E-06,-201.005029508E-03
-11.104000E-06,-201.005026698E-03
-11.096000E-06,-402.010050586E-03
-11.088000E-06,-402.010053396E-03
-11.080000E-06,-201.005029508E-03
-11.072000E-06,-402.010050587E-03
-11.064000E-06,-402.010053396E-03
-11.056000E-06,-402.010053396E-03
-11.048000E-06,-402.010053396E-03
-11.040000E-06,-402.010053396E-03
-11.032000E-06,-402.010053396E-03
-11.024000E-06,-201.005029508E-03
-11.016000E-06,-402.010050587E-03
-11.008000E-06,-402.010053396E-03
-11.000000E-06,-402.010053396E-03
-10.992000E-06,-402.010053396E-03
-10.984000E-06,-402.010053396E-03
-10.976000E-06,-402.010053396E-03
-10.968000E-06,-201.005029508E-03
-10.960000E-06,-402.010050587E-03
-10.952000E-06,-402.010053396E-03
-10.944000E-06,-402.010053396E-03
-10.936000E-06,-402.010053396E-03
-10.928000E-06,-402.010053396E-03
-10.920000E-06,-201.005029508E-03
-10.912000E-06,-402.010050587E-03
-10.904000E-06,-402.010053396E-03
-10.896000E-06,-402.010053396E-03
-10.888000E-06,-402.010053396E-03
-10.880000E-06,-402.010053396E-03
-10.872000E-06,-402.010053396E-03
-10.864000E-06,-402.010053396E-03
-10.856000E-06,-402.010053396E-03
-10.848000E-06,-402.010053396E-03
-10.840000E-06,-201.005029508E-03
-10.832000E-06,-402.010050587E-03
-10.824000E-06,-402.010053396E-03
-10.816000E-06,-402.010053396E-03
-10.808000E-06,-201.005029508E-03
-10.800000E-06,-201.005026698E-03
-10.792000E-06,-201.005026698E-03
-10.784000E-06,-402.010050587E-03
-10.776000E-06,-402.010053396E-03
-10.768000E-06,-402.010053396E-03
-10.760000E-06,-402.010053396E-03
-10.752000E-06,-402.010053396E-03
-10.744000E-06,-402.010053396E-03
-10.736000E-06,-402.010053396E-03
-10.728000E-06,-402.010053396E-03
-10.720000E-06,-402.010053396E-03
-10.712000E-06,-402.010053396E-03
-10.704000E-06,-402.010053396E-03
-10.696000E-06,-402.010053396E-03
-10.688000E-06,-402.010053396E-03
-10.680000E-06,-201.005029508E-03
-10.672000E-06,-402.010050587E-03
-10.664000E-06,-402.010053396E-03
-10.656000E-06,-402.010053396E-03
-10.648000E-06,-402.010053396E-03
-10.640000E-06,-402.010053396E-03
-10.632000E-06,-201.005029507E-03
-10.624000E-06,-402.010050587E-03
-10.616000E-06,-402.010053396E-03
-10.608000E-06,-402.010053396E-03
-10.600000E-06,-402.010053396E-03
-10.592000E-06,-402.010053396E-03
-10.584000E-06,-201.005029507E-03
-10.576000E-06,-402.010050587E-03
-10.568000E-06,-402.010053396E-03
-10.560000E-06,-402.010053396E-03
-10.552000E-06,-402.010053396E-03
-10.544000E-06,-201.005029507E-03
-10.536000E-06,-402.010050587E-03
-10.528000E-06,-402.010053396E-03
-10.520000E-06,-402.010053396E-03
-10.512000E-06,-402.010053396E-03
-10.504000E-06,-402.010053396E-03
-10.496000E-06,-402.010053396E-03
-10.488000E-06,-402.010053396E-03
-10.480000E-06,-402.010053396E-03
-10.472000E-06,-402.010053396E-03
-10.464000E-06,-402.010053396E-03
-10.456000E-06,-402.010053396E-03
-10.448000E-06,-402.010053396E-03
-10.440000E-06,-402.010053396E-03
-10.432000E-06,-402.010053396E-03
-10.424000E-06,-402.010053396E-03
-10.416000E-06,-402.010053396E-03
-10.408000E-06,-402.010053396E-03
-10.400000E-06,-201.005029507E-03
-10.392000E-06,-402.010050587E-03
-10.384000E-06,-402.010053396E-03
-10.376000E-06,-402.010053396E-03
-10.368000E-06,-402.010053396E-03
-10.360000E-06,-201.005029507E-03
-10.352000E-06,-402.010050587E-03
-10.344000E-06,-402.010053396E-03
-10.336000E-06,-402.010053396E-03
-10.328000E-06,-402.010053396E-03
-10.320000E-06,-402.010053396E-03
-10.312000E-06,-402.010053396E-03
-10.304000E-06,-402.010053396E-03
-10.296000E-06,-402.010053396E-03
-10.288000E-06,-402.010053396E-03
-10.280000E-06,-402.010053396E-03
-10.272000E-06,-402.010053396E-03
-10.264000E-06,-402.010053396E-03
-10.256000E-06,-402.010053396E-03
-10.248000E-06,-402.010053396E-03
-10.240000E-06,-603.015077286E-03
-10.232000E-06,-402.010056204E-03
-10.224000E-06,-402.010053396E-03
-10.216000E-06,-402.010053396E-03
-10.208000E-06,-201.005029506E-03
-10.200000E-06,-402.010050588E-03
-10.192000E-06,-201.005029506E-03
-10.184000E-06,-402.010050588E-03
-10.176000E-06,-402.010053396E-03
-10.168000E-06,-402.010053396E-03
-10.160000E-06,-402.010053396E-03
-10.152000E-06,-402.010053396E-03
-10.144000E-06,-402.010053396E-03
-10.136000E-06,-402.010053396E-03
-10.128000E-06,-402.010053396E-03
-10.120000E-06,-402.010053396E-03
-10.112000E-06,-402.010053396E-03
-10.104000E-06,-402.010053396E-03
-10.096000E-06,-201.005029506E-03
-10.088000E-06,-402.010050588E-03
-10.080000E-06,-402.010053396E-03
-10.072000E-06,-402.010053396E-03
-10.064000E-06,-402.010053396E-03
-10.056000E-06,-402.010053396E-03
-10.048000E-06,-402.010053396E-03
-10.040000E-06,-402.010053396E-03
-10.032000E-06,-402.010053396E-03
-10.024000E-06,-402.010053396E-03
-10.016000E-06,-402.010053396E-03
-10.008000E-06,-402.010053396E-03
-10.000000E-06,-201.005029506E-03
-9.992000E-06,-402.010050588E-03
-9.984000E-06,-402.010053396E-03
-9.976000E-06,-402.010053396E-03
-9.968000E-06,-603.015077286E-03
-9.960000E-06,-402.010056204E-03
-9.952000E-06,-402.010053396E-03
-9.944000E-06,-402.010053396E-03
-9.936000E-06,-402.010053396E-03
-9.928000E-06,-402.010053396E-03
-9.920000E-06,-402.010053396E-03
-9.912000E-06,-402.010053396E-03
-9.904000E-06,-402.010053396E-03
-9.896000E-06,-402.010053396E-03
-9.888000E-06,-402.010053396E-03
-9.880000E-06,-603.015077287E-03
-9.872000E-06,-402.010056204E-03
-9.864000E-06,-402.010053396E-03
-9.856000E-06,-201.005029505E-03
-9.848000E-06,-402.010050589E-03
-9.840000E-06,-402.010053396E-03
-9.832000E-06,-402.010053396E-03
-9.824000E-06,-402.010053396E-03
-9.816000E-06,-402.010053396E-03
-9.808000E-06,-402.010053396E-03
-9.800000E-06,-402.010053396E-03
-9.792000E-06,-402.010053396E-03
-9.784000E-06,-402.010053396E-03
-9.776000E-06,-402.010053396E-03
-9.768000E-06,-402.010053396E-03
-9.760000E-06,-402.010053396E-03
-9.752000E-06,-402.010053396E-03
-9.744000E-06,-402.010053396E-03
-9.736000E-06,-402.010053396E-03
-9.728000E-06,-402.010053396E-03
-9.720000E-06,-402.010053396E-03
-9.712000E-06,-402.010053396E-03
-9.704000E-06,-402.010053396E-03
-9.696000E-06,-402.010053396E-03
-9.688000E-06,-201.005029505E-03
-9.680000E-06,-402.010050589E-03
-9.672000E-06,-402.010053396E-03
-9.664000E-06,-201.005029505E-03
-9.656000E-06,-402.010050589E-03
-9.648000E-06,-402.010053396E-03
-9.640000E-06,-402.010053396E-03
-9.632000E-06,-402.010053396E-03
-9.624000E-06,-402.010053396E-03
-9.616000E-06,-402.010053396E-03
-9.608000E-06,-402.010053396E-03
-9.600000E-06,-402.010053396E-03
-9.592000E-06,-402.010053396E-03
-9.584000E-06,-402.010053396E-03
-9.576000E-06,-402.010053396E-03
-9.568000E-06,-402.010053396E-03
-9.560000E-06,-402.010053396E-03
-9.552000E-06,-402.010053396E-03
-9.544000E-06,-402.010053396E-03
-9.536000E-06,-402.010053396E-03
-9.528000E-06,-402.010053396E-03
-9.520000E-06,-402.010053396E-03
-9.512000E-06,-603.015077288E-03
-9.504000E-06,-402.010056203E-03
-9.496000E-06,-402.010053396E-03
-9.488000E-06,-402.010053396E-03
-9.480000E-06,-201.005029505E-03
-9.472000E-06,-402.010050590E-03
-9.464000E-06,-402.010053396E-03
-9.456000E-06,-402.010053396E-03
-9.448000E-06,-402.010053396E-03
-9.440000E-06,-402.010053396E-03
-9.432000E-06,-201.005029505E-03
-9.424000E-06,-402.010050590E-03
-9.416000E-06,-402.010053396E-03
-9.408000E-06,-402.010053396E-03
-9.400000E-06,-201.005029505E-03
-9.392000E-06,-402.010050590E-03
-9.384000E-06,-402.010053396E-03
-9.376000E-06,-201.005029505E-03
-9.368000E-06,-402.010050590E-03
-9.360000E-06,-402.010053396E-03
-9.352000E-06,-402.010053396E-03
-9.344000E-06,-402.010053396E-03
-9.336000E-06,-402.010053396E-03
-9.328000E-06,-402.010053396E-03
-9.320000E-06,-402.010053396E-03
-9.312000E-06,-402.010053396E-03
-9.304000E-06,-402.010053396E-03
-9.296000E-06,-402.010053396E-03
-9.288000E-06,-201.005029505E-03
-9.280000E-06,-402.010050590E-03
-9.272000E-06,-402.010053396E-03
-9.264000E-06,-201.005029505E-03
-9.256000E-06,-402.010050590E-03
-9.248000E-06,-402.010053396E-03
-9.240000E-06,-402.010053396E-03
-9.232000E-06,-402.010053396E-03
-9.224000E-06,-402.010053396E-03
-9.216000E-06,-402.010053396E-03
-9.208000E-06,-201.005029505E-03
-9.200000E-06,-402.010050590E-03
-9.192000E-06,-402.010053396E-03
-9.184000E-06,-603.015077288E-03
-9.176000E-06,-402.010056203E-03
-9.168000E-06,-402.010053396E-03
-9.160000E-06,-402.010053396E-03
-9.152000E-06,-402.010053396E-03
-9.144000E-06,-402.010053396E-03
-9.136000E-06,-402.010053396E-03
-9.128000E-06,-402.010053396E-03
-9.120000E-06,-402.010053396E-03
-9.112000E-06,-402.010053396E-03
-9.104000E-06,-402.010053396E-03
-9.096000E-06,-402.010053396E-03
-9.088000E-06,-402.010053396E-03
-9.080000E-06,-402.010053396E-03
-9.072000E-06,-402.010053396E-03
-9.064000E-06,-402.010053396E-03
-9.056000E-06,-402.010053396E-03
-9.048000E-06,-402.010053396E-03
-9.040000E-06,-603.015077289E-03
-9.032000E-06,-402.010056202E-03
-9.024000E-06,-402.010053396E-03
-9.016000E-06,-402.010053396E-03
-9.008000E-06,-402.010053396E-03
-9.000000E-06,-402.010053396E-03
-8.992000E-06,-402.010053396E-03
-8.984000E-06,-402.010053396E-03
-8.976000E-06,-402.010053396E-03
-8.968000E-06,-402.010053396E-03
-8.960000E-06,-402.010053396E-03
-8.952000E-06,-402.010053396E-03
-8.944000E-06,-402.010053396E-03
-8.936000E-06,-201.005029504E-03
-8.928000E-06,-402.010050590E-03
-8.920000E-06,-402.010053396E-03
-8.912000E-06,-402.010053396E-03
-8.904000E-06,-603.015077289E-03
-8.896000E-06,-402.010056202E-03
-8.888000E-06,-402.010053396E-03
-8.880000E-06,-402.010053396E-03
-8.872000E-06,-402.010053396E-03
-8.864000E-06,-402.010053396E-03
-8.856000E-06,-402.010053396E-03
-8.848000E-06,-402.010053396E-03
-8.840000E-06,-201.005029504E-03
-8.832000E-06,-402.010050590E-03
-8.824000E-06,-402.010053396E-03
-8.816000E-06,-402.010053396E-03
-8.808000E-06,-402.010053396E-03
-8.800000E-06,-402.010053396E-03
-8.792000E-06,-402.010053396E-03
-8.784000E-06,-402.010053396E-03
-8.776000E-06,-402.010053396E-03
-8.768000E-06,-402.010053396E-03
-8.760000E-06,-402.010053396E-03
-8.752000E-06,-402.010053396E-03
-8.744000E-06,-402.010053396E-03
-8.736000E-06,-402.010053396E-03
-8.728000E-06,-402.010053396E-03
-8.720000E-06,-402.010053396E-03
-8.712000E-06,-402.010053396E-03
-8.704000E-06,-402.010053396E-03
-8.696000E-06,-402.010053396E-03
-8.688000E-06,-201.005029503E-03
-8.680000E-06,-402.010050591E-03
-8.672000E-06,-402.010053396E-03
-8.664000E-06,-402.010053396E-03
-8.656000E-06,-402.010053396E-03
-8.648000E-06,-402.010053396E-03
-8.640000E-06,-402.010053396E-03
-8.632000E-06,-402.010053396E-03
-8.624000E-06,-603.015077289E-03
-8.616000E-06,-402.010056201E-03
-8.608000E-06,-402.010053396E-03
-8.600000E-06,-402.010053396E-03
-8.592000E-06,-402.010053396E-03
-8.584000E-06,-402.010053396E-03
-8.576000E-06,-402.010053396E-03
-8.568000E-06,-201.005029503E-03
-8.560000E-06,-402.010050591E-03
-8.552000E-06,-402.010053396E-03
-8.544000E-06,-402.010053396E-03
-8.536000E-06,-402.010053396E-03
-8.528000E-06,-402.010053396E-03
-8.520000E-06,-402.010053396E-03
-8.512000E-06,-402.010053396E-03
-8.504000E-06,-402.010053396E-03
-8.496000E-06,-402.010053396E-03
-8.488000E-06,-402.010053396E-03
-8.480000E-06,-402.010053396E-03
-8.472000E-06,-402.010053396E-03
-8.464000E-06,-402.010053396E-03
-8.456000E-06,-402.010053396E-03
-8.448000E-06,-402.010053396E-03
-8.440000E-06,-402.010053396E-03
-8.432000E-06,-402.010053396E-03
-8.424000E-06,-603.015077289E-03
-8.416000E-06,-402.010056201E-03
-8.408000E-06,-402.010053396E-03
-8.400000E-06,-402.010053396E-03
-8.392000E-06,-402.010053396E-03
-8.384000E-06,-402.010053396E-03
-8.376000E-06,-201.005029503E-03
-8.368000E-06,-402.010050591E-03
-8.360000E-06,-402.010053396E-03
-8.352000E-06,-402.010053396E-03
-8.344000E-06,-402.010053396E-03
-8.336000E-06,-603.015077290E-03
-8.328000E-06,-603.015080094E-03
-8.320000E-06,-402.010056201E-03
-8.312000E-06,-402.010053396E-03
-8.304000E-06,-402.010053396E-03
-8.296000E-06,-402.010053396E-03
-8.288000E-06,-402.010053396E-03
-8.280000E-06,-402.010053396E-03
-8.272000E-06,-402.010053396E-03
-8.264000E-06,-402.010053396E-03
-8.256000E-06,-402.010053396E-03
-8.248000E-06,-402.010053396E-03
-8.240000E-06,-402.010053396E-03
-8.232000E-06,-201.005029502E-03
-8.224000E-06,-402.010050592E-03
-8.216000E-06,-402.010053396E-03
-8.208000E-06,-402.010053396E-03
-8.200000E-06,-402.010053396E-03
-8.192000E-06,-402.010053396E-03
-8.184000E-06,-402.010053396E-03
-8.176000E-06,-402.010053396E-03
-8.168000E-06,-402.010053396E-03
-8.160000E-06,-402.010053396E-03
-8.152000E-06,-402.010053396E-03
-8.144000E-06,-402.010053396E-03
-8.136000E-06,-402.010053396E-03
-8.128000E-06,-201.005029502E-03
-8.120000E-06,-402.010050592E-03
-8.112000E-06,-402.010053396E-03
-8.104000E-06,-402.010053396E-03
-8.096000E-06,-402.010053396E-03
-8.088000E-06,-402.010053396E-03
-8.080000E-06,-603.015077290E-03
-8.072000E-06,-402.010056201E-03
-8.064000E-06,-402.010053396E-03
-8.056000E-06,-402.010053396E-03
-8.048000E-06,-402.010053396E-03
-8.040000E-06,-402.010053396E-03
-8.032000E-06,-402.010053396E-03
-8.024000E-06,-402.010053396E-03
-8.016000E-06,-402.010053396E-03
-8.008000E-06,-402.010053396E-03
-8.000000E-06,-402.010053396E-03
-7.992000E-06,-402.010053396E-03
-7.984000E-06,-402.010053396E-03
-7.976000E-06,-402.010053396E-03
-7.968000E-06,-402.010053396E-03
-7.960000E-06,-402.010053396E-03
-7.952000E-06,-402.010053396E-03
-7.944000E-06,-402.010053396E-03
-7.936000E-06,-402.010053396E-03
-7.928000E-06,-402.010053396E-03
-7.920000E-06,-402.010053396E-03
-7.912000E-06,-402.010053396E-03
-7.904000E-06,-402.010053396E-03
-7.896000E-06,-402.010053396E-03
-7.888000E-06,-402.010053396E-03
-7.880000E-06,-201.005029502E-03
-7.872000E-06,-402.010050593E-03
-7.864000E-06,-402.010053396E-03
-7.856000E-06,-603.015077291E-03
-7.848000E-06,-402.010056200E-03
-7.840000E-06,-402.010053396E-03
-7.832000E-06,-402.010053396E-03
-7.824000E-06,-402.010053396E-03
-7.816000E-06,-402.010053396E-03
-7.808000E-06,-402.010053396E-03
-7.800000E-06,-402.010053396E-03
-7.792000E-06,-402.010053396E-03
-7.784000E-06,-402.010053396E-03
-7.776000E-06,-402.010053396E-03
-7.768000E-06,-402.010053396E-03
-7.760000E-06,-402.010053396E-03
-7.752000E-06,-402.010053396E-03
-7.744000E-06,-402.010053396E-03
-7.736000E-06,-402.010053396E-03
-7.728000E-06,-201.005029502E-03
-7.720000E-06,-402.010050593E-03
-7.712000E-06,-402.010053396E-03
-7.704000E-06,-402.010053396E-03
-7.696000E-06,-402.010053396E-03
-7.688000E-06,-402.010053396E-03
-7.680000E-06,-402.010053396E-03
-7.672000E-06,-402.010053396E-03
-7.664000E-06,-402.010053396E-03
-7.656000E-06,-402.010053396E-03
-7.648000E-06,-402.010053396E-03
-7.640000E-06,-402.010053396E-03
-7.632000E-06,-402.010053396E-03
-7.624000E-06,-402.010053396E-03
-7.616000E-06,-402.010053396E-03
-7.608000E-06,-402.010053396E-03
-7.600000E-06,-201.005029502E-03
-7.592000E-06,-402.010050593E-03
-7.584000E-06,-402.010053396E-03
-7.576000E-06,-402.010053396E-03
-7.568000E-06,-402.010053396E-03
-7.560000E-06,-603.015077291E-03
-7.552000E-06,-402.010056200E-03
-7.544000E-06,-402.010053396E-03
-7.536000E-06,-402.010053396E-03
-7.528000E-06,-402.010053396E-03
-7.520000E-06,-402.010053396E-03
-7.512000E-06,-402.010053396E-03
-7.504000E-06,-402.010053396E-03
-7.496000E-06,-402.010053396E-03
-7.488000E-06,-402.010053396E-03
-7.480000E-06,-201.005029502E-03
-7.472000E-06,-603.015074487E-03
-7.464000E-06,-402.010056200E-03
-7.456000E-06,-402.010053396E-03
-7.448000E-06,-402.010053396E-03
-7.440000E-06,-402.010053396E-03
-7.432000E-06,-402.010053396E-03
-7.424000E-06,-201.005029502E-03
-7.416000E-06,-402.010050593E-03
-7.408000E-06,-402.010053396E-03
-7.400000E-06,-402.010053396E-03
-7.392000E-06,-402.010053396E-03
-7.384000E-06,-402.010053396E-03
-7.376000E-06,-402.010053396E-03
-7.368000E-06,-402.010053396E-03
-7.360000E-06,-201.005029502E-03
-7.352000E-06,-402.010050593E-03
-7.344000E-06,-402.010053396E-03
-7.336000E-06,-402.010053396E-03
-7.328000E-06,-402.010053396E-03
-7.320000E-06,-402.010053396E-03
-7.312000E-06,-402.010053396E-03
-7.304000E-06,-402.010053396E-03
-7.296000E-06,-402.010053396E-03
-7.288000E-06,-402.010053396E-03
-7.280000E-06,-402.010053396E-03
-7.272000E-06,-402.010053396E-03
-7.264000E-06,-402.010053396E-03
-7.256000E-06,-402.010053396E-03
-7.248000E-06,-402.010053396E-03
-7.240000E-06,-402.010053396E-03
-7.232000E-06,-402.010053396E-03
-7.224000E-06,-402.010053396E-03
-7.216000E-06,-402.010053396E-03
-7.208000E-06,-402.010053396E-03
-7.200000E-06,-402.010053396E-03
-7.192000E-06,-603.015077291E-03
-7.184000E-06,-402.010056200E-03
-7.176000E-06,-402.010053396E-03
-7.168000E-06,-402.010053396E-03
-7.160000E-06,-402.010053396E-03
-7.152000E-06,-402.010053396E-03
-7.144000E-06,-402.010053396E-03
-7.136000E-06,-402.010053396E-03
-7.128000E-06,-402.010053396E-03
-7.120000E-06,-402.010053396E-03
-7.112000E-06,-402.010053396E-03
-7.104000E-06,-402.010053396E-03
-7.096000E-06,-402.010053396E-03
-7.088000E-06,-402.010053396E-03
-7.080000E-06,-402.010053396E-03
-7.072000E-06,-402.010053396E-03
-7.064000E-06,-201.005029502E-03
-7.056000E-06,-402.010050593E-03
-7.048000E-06,-402.010053396E-03
-7.040000E-06,-402.010053396E-03
-7.032000E-06,-402.010053396E-03
-7.024000E-06,-402.010053396E-03
-7.016000E-06,-402.010053396E-03
-7.008000E-06,-402.010053396E-03
-7.000000E-06,-402.010053396E-03
-6.992000E-06,-402.010053396E-03
-6.984000E-06,-402.010053396E-03
-6.976000E-06,-402.010053396E-03
-6.968000E-06,-402.010053396E-03
-6.960000E-06,-402.010053396E-03
-6.952000E-06,-402.010053396E-03
-6.944000E-06,-402.010053396E-03
-6.936000E-06,-603.015077291E-03
-6.928000E-06,-402.010056200E-03
-6.920000E-06,-402.010053396E-03
-6.912000E-06,-603.015077291E-03
-6.904000E-06,-402.010056200E-03
-6.896000E-06,-402.010053396E-03
-6.888000E-06,-402.010053396E-03
-6.880000E-06,-402.010053396E-03
-6.872000E-06,-402.010053396E-03
-6.864000E-06,-402.010053396E-03
-6.856000E-06,-402.010053396E-03
-6.848000E-06,-402.010053396E-03
-6.840000E-06,-402.010053396E-03
-6.832000E-06,-402.010053396E-03
-6.824000E-06,-402.010053396E-03
-6.816000E-06,-402.010053396E-03
-6.808000E-06,-402.010053396E-03
-6.800000E-06,-402.010053396E-03
-6.792000E-06,-402.010053396E-03
-6.784000E-06,-402.010053396E-03
-6.776000E-06,-402.010053396E-03
-6.768000E-06,-402.010053396E-03
-6.760000E-06,-402.010053396E-03
-6.752000E-06,-402.010053396E-03
-6.744000E-06,-402.010053396E-03
-6.736000E-06,-201.005029502E-03
-6.728000E-06,-402.010050592E-03
-6.720000E-06,-402.010053396E-03
-6.712000E-06,-402.010053396E-03
-6.704000E-06,-402.010053396E-03
-6.696000E-06,-402.010053396E-03
-6.688000E-06,-402.010053396E-03
-6.680000E-06,-402.010053396E-03
-6.672000E-06,-402.010053396E-03
-6.664000E-06,-402.010053396E-03
-6.656000E-06,-402.010053396E-03
-6.648000E-06,-402.010053396E-03
-6.640000E-06,-402.010053396E-03
-6.632000E-06,-402.010053396E-03
-6.624000E-06,-402.010053396E-03
-6.616000E-06,-402.010053396E-03
-6.608000E-06,-201.005029502E-03
-6.600000E-06,-402.010050592E-03
-6.592000E-06,-402.010053396E-03
-6.584000E-06,-402.010053396E-03
-6.576000E-06,-402.010053396E-03
-6.568000E-06,-402.010053396E-03
-6.560000E-06,-402.010053396E-03
-6.552000E-06,-201.005029502E-03
-6.544000E-06,-402.010050592E-03
-6.536000E-06,-402.010053396E-03
-6.528000E-06,-402.010053396E-03
-6.520000E-06,-402.010053396E-03
-6.512000E-06,-402.010053396E-03
-6.504000E-06,-402.010053396E-03
-6.496000E-06,-402.010053396E-03
-6.488000E-06,-402.010053396E-03
-6.480000E-06,-402.010053396E-03
-6.472000E-06,-402.010053396E-03
-6.464000E-06,-402.010053396E-03
-6.456000E-06,-402.010053396E-03
-6.448000E-06,-402.010053396E-03
-6.440000E-06,-402.010053396E-03
-6.432000E-06,-201.005029502E-03
-6.424000E-06,-201.005026698E-03
-6.416000E-06,-402.010050592E-03
-6.408000E-06,-402.010053396E-03
-6.400000E-06,-402.010053396E-03
-6.392000E-06,-201.005029502E-03
-6.384000E-06,-402.010050592E-03
-6.376000E-06,-402.010053396E-03
-6.368000E-06,-402.010053396E-03
-6.360000E-06,-402.010053396E-03
-6.352000E-06,-603.015077290E-03
-6.344000E-06,-402.010056201E-03
-6.336000E-06,-402.010053396E-03
-6.328000E-06,-402.010053396E-03
-6.320000E-06,-402.010053396E-03
-6.312000E-06,-201.005029502E-03
-6.304000E-06,-402.010050592E-03
-6.296000E-06,-402.010053396E-03
-6.288000E-06,-402.010053396E-03
-6.280000E-06,-402.010053396E-03
-6.272000E-06,-402.010053396E-03
-6.264000E-06,-402.010053396E-03
-6.256000E-06,-402.010053396E-03
-6.248000E-06,-402.010053396E-03
-6.240000E-06,-402.010053396E-03
-6.232000E-06,-201.005029502E-03
-6.224000E-06,-402.010050592E-03
-6.216000E-06,-402.010053396E-03
-6.208000E-06,-402.010053396E-03
-6.200000E-06,-402.010053396E-03
-6.192000E-06,-201.005029502E-03
-6.184000E-06,-402.010050592E-03
-6.176000E-06,-402.010053396E-03
-6.168000E-06,-402.010053396E-03
-6.160000E-06,-402.010053396E-03
-6.152000E-06,-402.010053396E-03
-6.144000E-06,-201.005029502E-03
-6.136000E-06,-402.010050592E-03
-6.128000E-06,-402.010053396E-03
-6.120000E-06,-402.010053396E-03
-6.112000E-06,-402.010053396E-03
-6.104000E-06,-402.010053396E-03
-6.096000E-06,-402.010053396E-03
-6.088000E-06,-402.010053396E-03
-6.080000E-06,-402.010053396E-03
-6.072000E-06,-201.005029502E-03
-6.064000E-06,-402.010050592E-03
-6.056000E-06,-402.010053396E-03
-6.048000E-06,-201.005029502E-03
-6.040000E-06,-201.005026698E-03
-6.032000E-06,-402.010050592E-03
-6.024000E-06,-402.010053396E-03
-6.016000E-06,-402.010053396E-03
-6.008000E-06,-402.010053396E-03
-6.000000E-06,-201.005029502E-03
-5.992000E-06,-402.010050592E-03
-5.984000E-06,-402.010053396E-03
-5.976000E-06,-201.005029502E-03
-5.968000E-06,-201.005026698E-03
-5.960000E-06,-201.005026698E-03
-5.952000E-06,-402.010050592E-03
-5.944000E-06,-402.010053396E-03
-5.936000E-06,-402.010053396E-03
-5.928000E-06,-201.005029502E-03
-5.920000E-06,-402.010050592E-03
-5.912000E-06,-402.010053396E-03
-5.904000E-06,-402.010053396E-03
-5.896000E-06,-402.010053396E-03
-5.888000E-06,-402.010053396E-03
-5.880000E-06,-402.010053396E-03
-5.872000E-06,-402.010053396E-03
-5.864000E-06,-402.010053396E-03
-5.856000E-06,-201.005029503E-03
-5.848000E-06,-201.005026698E-03
-5.840000E-06,-402.010050591E-03
-5.832000E-06,-402.010053396E-03
-5.824000E-06,-201.005029503E-03
-5.816000E-06,-402.010050591E-03
-5.808000E-06,-201.005029503E-03
-5.800000E-06,-402.010050591E-03
-5.792000E-06,-201.005029503E-03
-5.784000E-06,-402.010050591E-03
-5.776000E-06,-402.010053396E-03
-5.768000E-06,-402.010053396E-03
-5.760000E-06,-201.005029503E-03
-5.752000E-06,-201.005026698E-03
-5.744000E-06,-402.010050591E-03
-5.736000E-06,-201.005029503E-03
-5.728000E-06,-201.005026698E-03
-5.720000E-06,-402.010050591E-03
-5.712000E-06,-201.005029503E-03
-5.704000E-06,-402.010050591E-03
-5.696000E-06,-201.005029503E-03
-5.688000E-06,-402.010050591E-03
-5.680000E-06,-402.010053396E-03
-5.672000E-06,-402.010053396E-03
-5.664000E-06,-201.005029503E-03
-5.656000E-06,-201.005026698E-03
-5.648000E-06,-402.010050591E-03
-5.640000E-06,-201.005029503E-03
-5.632000E-06,-201.005026698E-03
-5.624000E-06,-402.010050591E-03
-5.616000E-06,-402.010053396E-03
-5.608000E-06,-402.010053396E-03
-5.600000E-06,-201.005029503E-03
-5.592000E-06,-201.005026698E-03
-5.584000E-06,-402.010050591E-03
-5.576000E-06,-402.010053396E-03
-5.568000E-06,-402.010053396E-03
-5.560000E-06,-402.010053396E-03
-5.552000E-06,-402.010053396E-03
-5.544000E-06,-201.005029503E-03
-5.536000E-06,-201.005026698E-03
-5.528000E-06,-402.010050591E-03
-5.520000E-06,-201.005029503E-03
-5.512000E-06,-201.005026698E-03
-5.504000E-06,-402.010050591E-03
-5.496000E-06,-201.005029503E-03
-5.488000E-06,-201.005026698E-03
-5.480000E-06,-402.010050591E-03
-5.472000E-06,-402.010053396E-03
-5.464000E-06,-201.005029503E-03
-5.456000E-06,-201.005026698E-03
-5.448000E-06,-201.005026698E-03
-5.440000E-06,-402.010050591E-03
-5.432000E-06,-201.005029503E-03
-5.424000E-06,-201.005026698E-03
-5.416000E-06,-201.005026698E-03
-5.408000E-06,-402.010050591E-03
-5.400000E-06,-201.005029503E-03
-5.392000E-06,-201.005026698E-03
-5.384000E-06,-201.005026698E-03
-5.376000E-06,-402.010050591E-03
-5.368000E-06,-201.005029503E-03
-5.360000E-06,-201.005026698E-03
-5.352000E-06,-402.010050591E-03
-5.344000E-06,-201.005029503E-03
-5.336000E-06,-201.005026698E-03
-5.328000E-06,-201.005026698E-03
-5.320000E-06,-201.005026698E-03
-5.312000E-06,-402.010050591E-03
-5.304000E-06,-201.005029503E-03
-5.296000E-06,-201.005026698E-03
-5.288000E-06,-201.005026698E-03
-5.280000E-06,-201.005026698E-03
-5.272000E-06,-201.005026698E-03
-5.264000E-06,-201.005026698E-03
-5.256000E-06,-201.005026698E-03
-5.248000E-06,-201.005026698E-03
-5.240000E-06,-201.005026698E-03
-5.232000E-06,-402.010050591E-03
-5.224000E-06,-201.005029503E-03
-5.216000E-06,-201.005026698E-03
-5.208000E-06,-402.010050591E-03
-5.200000E-06,-201.005029503E-03
-5.192000E-06,-201.005026698E-03
-5.184000E-06,-402.010050591E-03
-5.176000E-06,-201.005029503E-03
-5.168000E-06,-402.010050591E-03
-5.160000E-06,-201.005029503E-03
-5.152000E-06,-201.005026698E-03
-5.144000E-06,-201.005026698E-03
-5.136000E-06,-201.005026698E-03
-5.128000E-06,-201.005026698E-03
-5.120000E-06,-201.005026698E-03
-5.112000E-06,-402.010050591E-03
-5.104000E-06,-201.005029503E-03
-5.096000E-06,-201.005026698E-03
-5.088000E-06,-201.005026698E-03
-5.080000E-06,-201.005026698E-03
-5.072000E-06,-201.005026698E-03
-5.064000E-06,-201.005026698E-03
-5.056000E-06,-201.005026698E-03
-5.048000E-06,-201.005026698E-03
-5.040000E-06,-201.005026698E-03
-5.032000E-06,-201.005026698E-03
-5.024000E-06,-201.005026698E-03
-5.016000E-06,-201.005026698E-03
-5.008000E-06,-201.005026698E-03
-5.000000E-06,-402.010050591E-03
-4.992000E-06,-201.005029503E-03
-4.984000E-06,-201.005026698E-03
-4.976000E-06,-201.005026698E-03
-4.968000E-06,-201.005026698E-03
-4.960000E-06,-201.005026698E-03
-4.952000E-06,-201.005026698E-03
-4.944000E-06,-201.005026698E-03
-4.936000E-06,-201.005026698E-03
-4.928000E-06,-201.005026698E-03
-4.920000E-06,-201.005026698E-03
-4.912000E-06,-2.805E-09
-4.904000E-06,-201.005023893E-03
-4.896000E-06,-201.005026698E-03
-4.888000E-06,-201.005026698E-03
-4.880000E-06,-201.005026698E-03
-4.872000E-06,-402.010050590E-03
-4.864000E-06,-402.010053396E-03
-4.856000E-06,-201.005029504E-03
-4.848000E-06,-201.005026698E-03
-4.840000E-06,-201.005026698E-03
-4.832000E-06,-201.005026698E-03
-4.824000E-06,-201.005026698E-03
-4.816000E-06,-201.005026698E-03
-4.808000E-06,-201.005026698E-03
-4.800000E-06,-201.005026698E-03
-4.792000E-06,-201.005026698E-03
-4.784000E-06,-201.005026698E-03
-4.776000E-06,-201.005026698E-03
-4.768000E-06,-201.005026698E-03
-4.760000E-06,-201.005026698E-03
-4.752000E-06,-201.005026698E-03
-4.744000E-06,-201.005026698E-03
-4.736000E-06,-201.005026698E-03
-4.728000E-06,-201.005026698E-03
-4.720000E-06,-201.005026698E-03
-4.712000E-06,-201.005026698E-03
-4.704000E-06,-201.005026698E-03
-4.696000E-06,-201.005026698E-03
-4.688000E-06,-201.005026698E-03
-4.680000E-06,-201.005026698E-03
-4.672000E-06,-201.005026698E-03
-4.664000E-06,-201.005026698E-03
-4.656000E-06,-201.005026698E-03
-4.648000E-06,-201.005026698E-03
-4.640000E-06,-201.005026698E-03
-4.632000E-06,-201.005026698E-03
-4.624000E-06,-201.005026698E-03
-4.616000E-06,-201.005026698E-03
-4.608000E-06,-201.005026698E-03
-4.600000E-06,-201.005026698E-03
-4.592000E-06,-201.005026698E-03
-4.584000E-06,-201.005026698E-03
-4.576000E-06,-201.005026698E-03
-4.568000E-06,-201.005026698E-03
-4.560000E-06,-2.806E-09
-4.552000E-06,-201.005023892E-03
-4.544000E-06,-201.005026698E-03
-4.536000E-06,-201.005026698E-03
-4.528000E-06,-201.005026698E-03
-4.520000E-06,-2.806E-09
-4.512000E-06,-201.005023892E-03
-4.504000E-06,-2.806E-09
-4.496000E-06,+0.0E+00
-4.488000E-06,-201.005023892E-03
-4.480000E-06,-2.806E-09
-4.472000E-06,+0.0E+00
-4.464000E-06,-201.005023892E-03
-4.456000E-06,-201.005026698E-03
-4.448000E-06,-201.005026698E-03
-4.440000E-06,-201.005026698E-03
-4.432000E-06,-201.005026698E-03
-4.424000E-06,-201.005026698E-03
-4.416000E-06,-2.806E-09
-4.408000E-06,-201.005023892E-03
-4.400000E-06,-2.806E-09
-4.392000E-06,-201.005023892E-03
-4.384000E-06,-201.005026698E-03
-4.376000E-06,-2.806E-09
-4.368000E-06,+0.0E+00
-4.360000E-06,-201.005023892E-03
-4.352000E-06,-201.005026698E-03
-4.344000E-06,-2.806E-09
-4.336000E-06,+0.0E+00
-4.328000E-06,+0.0E+00
-4.320000E-06,+0.0E+00
-4.312000E-06,-201.005023892E-03
-4.304000E-06,-201.005026698E-03
-4.296000E-06,-201.005026698E-03
-4.288000E-06,-201.005026698E-03
-4.280000E-06,-2.806E-09
-4.272000E-06,-201.005023892E-03
-4.264000E-06,-2.806E-09
-4.256000E-06,+0.0E+00
-4.248000E-06,+0.0E+00
-4.240000E-06,+0.0E+00
-4.232000E-06,+0.0E+00
-4.224000E-06,+0.0E+00
-4.216000E-06,-201.005023892E-03
-4.208000E-06,-2.806E-09
-4.200000E-06,+0.0E+00
-4.192000E-06,+0.0E+00
-4.184000E-06,+0.0E+00
-4.176000E-06,-201.005023892E-03
-4.168000E-06,+201.005021086E-03
-4.160000E-06,+2.806E-09
-4.152000E-06,+0.0E+00
-4.144000E-06,-201.005023892E-03
-4.136000E-06,-2.806E-09
-4.128000E-06,+0.0E+00
-4.120000E-06,+0.0E+00
-4.112000E-06,+0.0E+00
-4.104000E-06,+0.0E+00
-4.096000E-06,+201.005023892E-03
-4.088000E-06,+201.005026698E-03
-4.080000E-06,+2.806E-09
-4.072000E-06,+0.0E+00
-4.064000E-06,-201.005023892E-03
-4.056000E-06,-2.806E-09
-4.048000E-06,+0.0E+00
-4.040000E-06,-201.005023892E-03
-4.032000E-06,-2.806E-09
-4.024000E-06,+0.0E+00
-4.016000E-06,+0.0E+00
-4.008000E-06,+0.0E+00
-4.000000E-06,+0.0E+00
-3.992000E-06,+0.0E+00
-3.984000E-06,+0.0E+00
-3.976000E-06,+0.0E+00
-3.968000E-06,-201.005023892E-03
-3.960000E-06,-2.806E-09
-3.952000E-06,+0.0E+00
-3.944000E-06,+0.0E+00
-3.936000E-06,+0.0E+00
-3.928000E-06,+0.0E+00
-3.920000E-06,+0.0E+00
-3.912000E-06,+0.0E+00
-3.904000E-06,+0.0E+00
-3.896000E-06,+0.0E+00
-3.888000E-06,+0.0E+00
-3.880000E-06,+0.0E+00
-3.872000E-06,+0.0E+00
-3.864000E-06,+0.0E+00
-3.856000E-06,+0.0E+00
-3.848000E-06,+0.0E+00
-3.840000E-06,+0.0E+00
-3.832000E-06,+0.0E+00
-3.824000E-06,+0.0E+00
-3.816000E-06,+0.0E+00
-3.808000E-06,+0.0E+00
-3.800000E-06,+201.005023892E-03
-3.792000E-06,+2.807E-09
-3.784000E-06,+0.0E+00
-3.776000E-06,+0.0E+00
-3.768000E-06,+0.0E+00
-3.760000E-06,+0.0E+00
-3.752000E-06,+0.0E+00
-3.744000E-06,+0.0E+00
-3.736000E-06,+0.0E+00
-3.728000E-06,+0.0E+00
-3.720000E-06,+0.0E+00
-3.712000E-06,+0.0E+00
-3.704000E-06,+0.0E+00
-3.696000E-06,+0.0E+00
-3.688000E-06,+0.0E+00
-3.680000E-06,+201.005023892E-03
-3.672000E-06,+201.005026698E-03
-3.664000E-06,+2.807E-09
-3.656000E-06,+0.0E+00
-3.648000E-06,+0.0E+00
-3.640000E-06,+201.005023892E-03
-3.632000E-06,+201.005026698E-03
-3.624000E-06,+2.806E-09
-3.616000E-06,+201.005023892E-03
-3.608000E-06,+2.806E-09
-3.600000E-06,+0.0E+00
-3.592000E-06,+201.005023892E-03
-3.584000E-06,+2.806E-09
-3.576000E-06,+201.005023892E-03
-3.568000E-06,+201.005026698E-03
-3.560000E-06,+201.005026698E-03
-3.552000E-06,+201.005026698E-03
-3.544000E-06,+201.005026698E-03
-3.536000E-06,+2.806E-09
-3.528000E-06,+0.0E+00
-3.520000E-06,+201.005023892E-03
-3.512000E-06,+201.005026698E-03
-3.504000E-06,+201.005026698E-03
-3.496000E-06,+201.005026698E-03
-3.488000E-06,+201.005026698E-03
-3.480000E-06,+201.005026698E-03
-3.472000E-06,+201.005026698E-03
-3.464000E-06,+2.806E-09
-3.456000E-06,+201.005023892E-03
-3.448000E-06,+201.005026698E-03
-3.440000E-06,+201.005026698E-03
-3.432000E-06,+201.005026698E-03
-3.424000E-06,+201.005026698E-03
-3.416000E-06,+2.806E-09
-3.408000E-06,+201.005023892E-03
-3.400000E-06,+201.005026698E-03
-3.392000E-06,+201.005026698E-03
-3.384000E-06,+201.005026698E-03
-3.376000E-06,+2.806E-09
-3.368000E-06,+0.0E+00
-3.360000E-06,+201.005023892E-03
-3.352000E-06,+201.005026698E-03
-3.344000E-06,+201.005026698E-03
-3.336000E-06,+201.005026698E-03
-3.328000E-06,+201.005026698E-03
-3.320000E-06,+201.005026698E-03
-3.312000E-06,+201.005026698E-03
-3.304000E-06,+201.005026698E-03
-3.296000E-06,+201.005026698E-03
-3.288000E-06,+201.005026698E-03
-3.280000E-06,+201.005026698E-03
-3.272000E-06,+402.010050590E-03
-3.264000E-06,+201.005029504E-03
-3.256000E-06,+201.005026698E-03
-3.248000E-06,+201.005026698E-03
-3.240000E-06,+201.005026698E-03
-3.232000E-06,+2.806E-09
-3.224000E-06,+201.005023892E-03
-3.216000E-06,+201.005026698E-03
-3.208000E-06,+201.005026698E-03
-3.200000E-06,+201.005026698E-03
-3.192000E-06,+201.005026698E-03
-3.184000E-06,+201.005026698E-03
-3.176000E-06,+201.005026698E-03
-3.168000E-06,+201.005026698E-03
-3.160000E-06,+201.005026698E-03
-3.152000E-06,+201.005026698E-03
-3.144000E-06,+201.005026698E-03
-3.136000E-06,+201.005026698E-03
-3.128000E-06,+201.005026698E-03
-3.120000E-06,+201.005026698E-03
-3.112000E-06,+201.005026698E-03
-3.104000E-06,+201.005026698E-03
-3.096000E-06,+201.005026698E-03
-3.088000E-06,+201.005026698E-03
-3.080000E-06,+402.010050590E-03
-3.072000E-06,+402.010053396E-03
-3.064000E-06,+201.005029504E-03
-3.056000E-06,+402.010050590E-03
-3.048000E-06,+201.005029504E-03
-3.040000E-06,+201.005026698E-03
-3.032000E-06,+201.005026698E-03
-3.024000E-06,+201.005026698E-03
-3.016000E-06,+201.005026698E-03
-3.008000E-06,+201.005026698E-03
-3.000000E-06,+201.005026698E-03
-2.992000E-06,+201.005026698E-03
-2.984000E-06,+201.005026698E-03
-2.976000E-06,+402.010050590E-03
-2.968000E-06,+201.005029504E-03
-2.960000E-06,+201.005026698E-03
-2.952000E-06,+402.010050590E-03
-2.944000E-06,+402.010053396E-03
-2.936000E-06,+402.010053396E-03
-2.928000E-06,+201.005029504E-03
-2.920000E-06,+402.010050590E-03
-2.912000E-06,+402.010053396E-03
-2.904000E-06,+402.010053396E-03
-2.896000E-06,+201.005029504E-03
-2.888000E-06,+402.010050590E-03
-2.880000E-06,+402.010053396E-03
-2.872000E-06,+402.010053396E-03
-2.864000E-06,+402.010053396E-03
-2.856000E-06,+402.010053396E-03
-2.848000E-06,+402.010053396E-03
-2.840000E-06,+201.005029504E-03
-2.832000E-06,+402.010050590E-03
-2.824000E-06,+402.010053396E-03
-2.816000E-06,+402.010053396E-03
-2.808000E-06,+402.010053396E-03
-2.800000E-06,+402.010053396E-03
-2.792000E-06,+402.010053396E-03
-2.784000E-06,+402.010053396E-03
-2.776000E-06,+402.010053396E-03
-2.768000E-06,+402.010053396E-03
-2.760000E-06,+402.010053396E-03
-2.752000E-06,+201.005029504E-03
-2.744000E-06,+402.010050590E-03
-2.736000E-06,+402.010053396E-03
-2.728000E-06,+402.010053396E-03
-2.720000E-06,+402.010053396E-03
-2.712000E-06,+402.010053396E-03
-2.704000E-06,+402.010053396E-03
-2.696000E-06,+402.010053396E-03
-2.688000E-06,+402.010053396E-03
-2.680000E-06,+402.010053396E-03
-2.672000E-06,+402.010053396E-03
-2.664000E-06,+603.015077289E-03
-2.656000E-06,+402.010056202E-03
-2.648000E-06,+402.010053396E-03
-2.640000E-06,+402.010053396E-03
-2.632000E-06,+402.010053396E-03
-2.624000E-06,+402.010053396E-03
-2.616000E-06,+402.010053396E-03
-2.608000E-06,+603.015077289E-03
-2.600000E-06,+402.010056202E-03
-2.592000E-06,+402.010053396E-03
-2.584000E-06,+402.010053396E-03
-2.576000E-06,+402.010053396E-03
-2.568000E-06,+402.010053396E-03
-2.560000E-06,+603.015077289E-03
-2.552000E-06,+402.010056202E-03
-2.544000E-06,+603.015077289E-03
-2.536000E-06,+402.010056202E-03
-2.528000E-06,+402.010053396E-03
-2.520000E-06,+603.015077289E-03
-2.512000E-06,+402.010056202E-03
-2.504000E-06,+603.015077289E-03
-2.496000E-06,+603.015080094E-03
-2.488000E-06,+603.015080094E-03
-2.480000E-06,+603.015080094E-03
-2.472000E-06,+603.015080094E-03
-2.464000E-06,+603.015080094E-03
-2.456000E-06,+603.015080094E-03
-2.448000E-06,+402.010056202E-03
-2.440000E-06,+603.015077289E-03
-2.432000E-06,+402.010056202E-03
-2.424000E-06,+402.010053396E-03
-2.416000E-06,+603.015077289E-03
-2.408000E-06,+603.015080094E-03
-2.400000E-06,+402.010056202E-03
-2.392000E-06,+402.010053396E-03
-2.384000E-06,+402.010053396E-03
-2.376000E-06,+402.010053396E-03
-2.368000E-06,+603.015077289E-03
-2.360000E-06,+603.015080094E-03
-2.352000E-06,+603.015080094E-03
-2.344000E-06,+603.015080094E-03
-2.336000E-06,+603.015080094E-03
-2.328000E-06,+603.015080094E-03
-2.320000E-06,+603.015080094E-03
-2.312000E-06,+603.015080094E-03
-2.304000E-06,+603.015080094E-03
-2.296000E-06,+603.015080094E-03
-2.288000E-06,+603.015080094E-03
-2.280000E-06,+603.015080094E-03
-2.272000E-06,+603.015080094E-03
-2.264000E-06,+603.015080094E-03
-2.256000E-06,+603.015080094E-03
-2.248000E-06,+603.015080094E-03
-2.240000E-06,+603.015080094E-03
-2.232000E-06,+603.015080094E-03
-2.224000E-06,+603.015080094E-03
-2.216000E-06,+603.015080094E-03
-2.208000E-06,+603.015080094E-03
-2.200000E-06,+603.015080094E-03
-2.192000E-06,+603.015080094E-03
-2.184000E-06,+603.015080094E-03
-2.176000E-06,+603.015080094E-03
-2.168000E-06,+603.015080094E-03
-2.160000E-06,+603.015080094E-03
-2.152000E-06,+603.015080094E-03
-2.144000E-06,+804.020103987E-03
-2.136000E-06,+603.015082899E-03
-2.128000E-06,+603.015080094E-03
-2.120000E-06,+603.015080094E-03
-2.112000E-06,+603.015080094E-03
-2.104000E-06,+603.015080094E-03
-2.096000E-06,+804.020103987E-03
-2.088000E-06,+804.020106792E-03
-2.080000E-06,+603.015082899E-03
-2.072000E-06,+603.015080094E-03
-2.064000E-06,+804.020103987E-03
-2.056000E-06,+804.020106792E-03
-2.048000E-06,+603.015082899E-03
-2.040000E-06,+804.020103987E-03
-2.032000E-06,+603.015082899E-03
-2.024000E-06,+603.015080094E-03
-2.016000E-06,+804.020103987E-03
-2.008000E-06,+804.020106792E-03
-2.000000E-06,+804.020106792E-03
-1.992000E-06,+804.020106792E-03
-1.984000E-06,+804.020106792E-03
-1.976000E-06,+804.020106792E-03
-1.968000E-06,+804.020106792E-03
-1.960000E-06,+804.020106792E-03
-1.952000E-06,+603.015082899E-03
-1.944000E-06,+804.020103987E-03
-1.936000E-06,+804.020106792E-03
-1.928000E-06,+804.020106792E-03
-1.920000E-06,+804.020106792E-03
-1.912000E-06,+804.020106792E-03
-1.904000E-06,+804.020106792E-03
-1.896000E-06,+804.020106792E-03
-1.888000E-06,+804.020106792E-03
-1.880000E-06,+804.020106792E-03
-1.872000E-06,+804.020106792E-03
-1.864000E-06,+804.020106792E-03
-1.856000E-06,+804.020106792E-03
-1.848000E-06,+804.020106792E-03
-1.840000E-06,+804.020106792E-03
-1.832000E-06,+804.020106792E-03
-1.824000E-06,+804.020106792E-03
-1.816000E-06,+804.020106792E-03
-1.808000E-06,+804.020106792E-03
-1.800000E-06,+804.020106792E-03
-1.792000E-06,+804.020106792E-03
-1.784000E-06,+804.020106792E-03
-1.776000E-06,+804.020106792E-03
-1.768000E-06,+804.020106792E-03
-1.760000E-06,+804.020106792E-03
-1.752000E-06,+804.020106792E-03
-1.744000E-06,+804.020106792E-03
-1.736000E-06,+804.020106792E-03
-1.728000E-06,+804.020106792E-03
-1.720000E-06,+1.005025130685E+00
-1.712000E-06,+804.020109598E-03
-1.704000E-06,+804.020106792E-03
-1.696000E-06,+804.020106792E-03
-1.688000E-06,+804.020106792E-03
-1.680000E-06,+804.020106792E-03
-1.672000E-06,+1.005025130685E+00
-1.664000E-06,+804.020109598E-03
-1.656000E-06,+1.005025130685E+00
-1.648000E-06,+1.005025133491E+00
-1.640000E-06,+1.005025133491E+00
-1.632000E-06,+804.020109598E-03
-1.624000E-06,+1.005025130685E+00
-1.616000E-06,+804.020109598E-03
-1.608000E-06,+1.005025130685E+00
-1.600000E-06,+1.005025133491E+00
-1.592000E-06,+1.005025133491E+00
-1.584000E-06,+1.005025133491E+00
-1.576000E-06,+804.020109598E-03
-1.568000E-06,+804.020106792E-03
-1.560000E-06,+1.005025130685E+00
-1.552000E-06,+1.005025133491E+00
-1.544000E-06,+1.005025133491E+00
-1.536000E-06,+1.005025133491E+00
-1.528000E-06,+804.020109598E-03
-1.520000E-06,+804.020106792E-03
-1.512000E-06,+1.005025130685E+00
-1.504000E-06,+1.005025133491E+00
-1.496000E-06,+1.005025133491E+00
-1.488000E-06,+1.005025133491E+00
-1.480000E-06,+1.005025133491E+00
-1.472000E-06,+804.020109598E-03
-1.464000E-06,+1.005025130685E+00
-1.456000E-06,+1.005025133491E+00
-1.448000E-06,+1.005025133491E+00
-1.440000E-06,+1.005025133491E+00
-1.432000E-06,+1.005025133491E+00
-1.424000E-06,+1.005025133491E+00
-1.416000E-06,+1.005025133491E+00
-1.408000E-06,+1.005025133491E+00
-1.400000E-06,+1.005025133491E+00
-1.392000E-06,+1.206030157384E+00
-1.384000E-06,+1.005025136296E+00
-1.376000E-06,+1.206030157384E+00
-1.368000E-06,+1.005025136296E+00
-1.360000E-06,+1.005025133491E+00
-1.352000E-06,+1.005025133491E+00
-1.344000E-06,+1.206030157384E+00
-1.336000E-06,+1.005025136296E+00
-1.328000E-06,+1.206030157384E+00
-1.320000E-06,+1.005025136296E+00
-1.312000E-06,+1.005025133491E+00
-1.304000E-06,+1.005025133491E+00
-1.296000E-06,+1.005025133491E+00
-1.288000E-06,+1.206030157384E+00
-1.280000E-06,+1.005025136296E+00
-1.272000E-06,+1.005025133491E+00
-1.264000E-06,+1.206030157384E+00
-1.256000E-06,+1.206030160189E+00
-1.248000E-06,+1.005025136296E+00
-1.240000E-06,+1.206030157384E+00
-1.232000E-06,+1.206030160189E+00
-1.224000E-06,+1.206030160189E+00
-1.216000E-06,+1.206030160189E+00
-1.208000E-06,+1.206030160189E+00
-1.200000E-06,+1.206030160189E+00
-1.192000E-06,+1.206030160189E+00
-1.184000E-06,+1.206030160189E+00
-1.176000E-06,+1.206030160189E+00
-1.168000E-06,+1.206030160189E+00
-1.160000E-06,+1.206030160189E+00
-1.152000E-06,+1.206030160189E+00
-1.144000E-06,+1.206030160189E+00
-1.136000E-06,+1.206030160189E+00
-1.128000E-06,+1.005025136296E+00
-1.120000E-06,+1.206030157384E+00
-1.112000E-06,+1.407035184082E+00
-1.104000E-06,+1.206030162994E+00
-1.096000E-06,+1.206030160189E+00
-1.088000E-06,+1.206030160189E+00
-1.080000E-06,+1.206030160189E+00
-1.072000E-06,+1.206030160189E+00
-1.064000E-06,+1.206030160189E+00
-1.056000E-06,+1.206030160189E+00
-1.048000E-06,+1.407035184082E+00
-1.040000E-06,+1.407035186887E+00
-1.032000E-06,+1.206030162994E+00
-1.024000E-06,+1.206030160189E+00
-1.016000E-06,+1.407035184082E+00
-1.008000E-06,+1.407035186887E+00
-1.000000E-06,+1.407035186887E+00
-992.000E-09,+1.206030162994E+00
-984.000E-09,+1.206030160189E+00
-976.000E-09,+1.407035184082E+00
-968.000E-09,+1.407035186887E+00
-960.000E-09,+1.407035186887E+00
-952.000E-09,+1.206030162994E+00
-944.000E-09,+1.407035184082E+00
-936.000E-09,+1.407035186887E+00
-928.000E-09,+1.407035186887E+00
-920.000E-09,+1.407035186887E+00
-912.000E-09,+1.407035186887E+00
-904.000E-09,+1.407035186887E+00
-896.000E-09,+1.407035186887E+00
-888.000E-09,+1.407035186887E+00
-880.000E-09,+1.407035186887E+00
-872.000E-09,+1.407035186887E+00
-864.000E-09,+1.407035186887E+00
-856.000E-09,+1.407035186887E+00
-848.000E-09,+1.407035186887E+00
-840.000E-09,+1.407035186887E+00
-832.000E-09,+1.407035186887E+00
-824.000E-09,+1.407035186887E+00
-816.000E-09,+1.407035186887E+00
-808.000E-09,+1.407035186887E+00
-800.000E-09,+1.407035186887E+00
-792.000E-09,+1.407035186887E+00
-784.000E-09,+1.407035186887E+00
-776.000E-09,+1.407035186887E+00
-768.000E-09,+1.407035186887E+00
-760.000E-09,+1.407035186887E+00
-752.000E-09,+1.407035186887E+00
-744.000E-09,+1.407035186887E+00
-736.000E-09,+1.407035186887E+00
-728.000E-09,+1.407035186887E+00
-720.000E-09,+1.608040210780E+00
-712.000E-09,+1.608040213585E+00
-704.000E-09,+1.608040213585E+00
-696.000E-09,+1.407035189692E+00
-688.000E-09,+1.407035186887E+00
-680.000E-09,+1.407035186887E+00
-672.000E-09,+1.407035186887E+00
-664.000E-09,+1.407035186887E+00
-656.000E-09,+1.608040210780E+00
-648.000E-09,+1.608040213585E+00
-640.000E-09,+1.608040213585E+00
-632.000E-09,+1.407035189692E+00
-624.000E-09,+1.608040210780E+00
-616.000E-09,+1.407035189692E+00
-608.000E-09,+1.407035186887E+00
-600.000E-09,+1.608040210780E+00
-592.000E-09,+1.608040213585E+00
-584.000E-09,+1.608040213585E+00
-576.000E-09,+1.608040213585E+00
-568.000E-09,+1.608040213585E+00
-560.000E-09,+1.608040213585E+00
-552.000E-09,+1.608040213585E+00
-544.000E-09,+1.608040213585E+00
-536.000E-09,+1.608040213585E+00
-528.000E-09,+1.608040213585E+00
-520.000E-09,+1.608040213585E+00
-512.000E-09,+1.608040213585E+00
-504.000E-09,+1.407035189692E+00
-496.000E-09,+1.608040210780E+00
-488.000E-09,+1.608040213585E+00
-480.000E-09,+1.608040213585E+00
-472.000E-09,+1.608040213585E+00
-464.000E-09,+1.608040213585E+00
-456.000E-09,+1.809045237478E+00
-448.000E-09,+1.809045240283E+00
-440.000E-09,+1.608040216390E+00
-432.000E-09,+1.608040213585E+00
-424.000E-09,+1.608040213585E+00
-416.000E-09,+1.608040213585E+00
-408.000E-09,+1.608040213585E+00
-400.000E-09,+1.608040213585E+00
-392.000E-09,+1.608040213585E+00
-384.000E-09,+1.608040213585E+00
-376.000E-09,+1.608040213585E+00
-368.000E-09,+1.608040213585E+00
-360.000E-09,+1.809045237478E+00
-352.000E-09,+1.608040216390E+00
-344.000E-09,+1.809045237478E+00
-336.000E-09,+1.608040216390E+00
-328.000E-09,+1.809045237478E+00
-320.000E-09,+1.809045240283E+00
-312.000E-09,+1.809045240283E+00
-304.000E-09,+1.608040216390E+00
-296.000E-09,+1.608040213585E+00
-288.000E-09,+1.608040213585E+00
-280.000E-09,+2.010050261371E+00
-272.000E-09,+1.809045243088E+00
-264.000E-09,+1.809045240283E+00
-256.000E-09,+1.809045240283E+00
-248.000E-09,+1.809045240283E+00
-240.000E-09,+1.809045240283E+00
-232.000E-09,+1.809045240283E+00
-224.000E-09,+1.809045240283E+00
-216.000E-09,+2.010050264176E+00
-208.000E-09,+1.809045243088E+00
-200.000E-09,+2.010050264176E+00
-192.000E-09,+1.809045243088E+00
-184.000E-09,+1.809045240283E+00
-176.000E-09,+1.809045240283E+00
-168.000E-09,+1.809045240283E+00
-160.000E-09,+1.809045240283E+00
-152.000E-09,+1.809045240283E+00
-144.000E-09,+2.010050264176E+00
-136.000E-09,+1.809045243088E+00
-128.000E-09,+1.809045240283E+00
-120.000E-09,+2.010050264176E+00
-112.000E-09,+2.010050266981E+00
-104.000E-09,+1.809045243088E+00
-96.000E-09,+1.809045240283E+00
-88.000E-09,+2.010050264176E+00
-80.000E-09,+1.809045243088E+00
-72.000E-09,+1.809045240283E+00
-64.000E-09,+2.010050264176E+00
-56.000E-09,+1.809045243088E+00
-48.000E-09,+2.010050264176E+00
-40.000E-09,+2.010050266981E+00
-32.000E-09,+2.010050266981E+00
-24.000E-09,+2.010050266981E+00
-16.000E-09,+2.010050266981E+00
-8.000E-09,+2.010050266981E+00
-0.0E+00,+2.010050266981E+00
+8.000E-09,+2.010050266981E+00
+16.000E-09,+2.010050266981E+00
+24.000E-09,+2.211055290874E+00
+32.000E-09,+2.010050269786E+00
+40.000E-09,+2.010050266981E+00
+48.000E-09,+2.010050266981E+00
+56.000E-09,+2.211055290874E+00
+64.000E-09,+2.010050269786E+00
+72.000E-09,+2.211055290874E+00
+80.000E-09,+2.010050269786E+00
+88.000E-09,+2.211055290874E+00
+96.000E-09,+2.211055293679E+00
+104.000E-09,+2.010050269786E+00
+112.000E-09,+2.010050266981E+00
+120.000E-09,+2.010050266981E+00
+128.000E-09,+2.211055290874E+00
+136.000E-09,+2.010050269786E+00
+144.000E-09,+2.010050266981E+00
+152.000E-09,+2.010050266981E+00
+160.000E-09,+2.010050266981E+00
+168.000E-09,+2.010050266981E+00
+176.000E-09,+2.010050266981E+00
+184.000E-09,+2.211055290874E+00
+192.000E-09,+2.211055293679E+00
+200.000E-09,+2.211055293679E+00
+208.000E-09,+2.211055293679E+00
+216.000E-09,+2.010050269786E+00
+224.000E-09,+2.211055290874E+00
+232.000E-09,+2.211055293679E+00
+240.000E-09,+2.211055293679E+00
+248.000E-09,+2.211055293679E+00
+256.000E-09,+2.211055293679E+00
+264.000E-09,+2.010050269786E+00
+272.000E-09,+2.211055290874E+00
+280.000E-09,+2.010050269786E+00
+288.000E-09,+2.010050266981E+00
+296.000E-09,+2.211055290874E+00
+304.000E-09,+2.211055293679E+00
+312.000E-09,+2.211055293679E+00
+320.000E-09,+2.211055293679E+00
+328.000E-09,+2.211055293679E+00
+336.000E-09,+2.211055293679E+00
+344.000E-09,+2.211055293679E+00
+352.000E-09,+2.211055293679E+00
+360.000E-09,+2.211055293679E+00
+368.000E-09,+2.211055293679E+00
+376.000E-09,+2.211055293679E+00
+384.000E-09,+2.211055293679E+00
+392.000E-09,+2.211055293679E+00
+400.000E-09,+2.211055293679E+00
+408.000E-09,+2.412060317572E+00
+416.000E-09,+2.412060320377E+00
+424.000E-09,+2.412060320377E+00
+432.000E-09,+2.412060320377E+00
+440.000E-09,+2.211055296484E+00
+448.000E-09,+2.412060317572E+00
+456.000E-09,+2.412060320377E+00
+464.000E-09,+2.412060320377E+00
+472.000E-09,+2.211055296484E+00
+480.000E-09,+2.211055293679E+00
+488.000E-09,+2.412060317572E+00
+496.000E-09,+2.412060320377E+00
+504.000E-09,+2.412060320377E+00
+512.000E-09,+2.412060320377E+00
+520.000E-09,+2.412060320377E+00
+528.000E-09,+2.412060320377E+00
+536.000E-09,+2.412060320377E+00
+544.000E-09,+2.412060320377E+00
+552.000E-09,+2.412060320377E+00
+560.000E-09,+2.412060320377E+00
+568.000E-09,+2.412060320377E+00
+576.000E-09,+2.412060320377E+00
+584.000E-09,+2.412060320377E+00
+592.000E-09,+2.412060320377E+00
+600.000E-09,+2.412060320377E+00
+608.000E-09,+2.412060320377E+00
+616.000E-09,+2.412060320377E+00
+624.000E-09,+2.412060320377E+00
+632.000E-09,+2.412060320377E+00
+640.000E-09,+2.412060320377E+00
+648.000E-09,+2.412060320377E+00
+656.000E-09,+2.613065344270E+00
+664.000E-09,+2.412060323182E+00
+672.000E-09,+2.412060320377E+00
+680.000E-09,+2.412060320377E+00
+688.000E-09,+2.412060320377E+00
+696.000E-09,+2.412060320377E+00
+704.000E-09,+2.412060320377E+00
+712.000E-09,+2.412060320377E+00
+720.000E-09,+2.613065344270E+00
+728.000E-09,+2.412060323182E+00
+736.000E-09,+2.412060320377E+00
+744.000E-09,+2.613065344270E+00
+752.000E-09,+2.613065347075E+00
+760.000E-09,+2.412060323182E+00
+768.000E-09,+2.613065344270E+00
+776.000E-09,+2.613065347075E+00
+784.000E-09,+2.613065347075E+00
+792.000E-09,+2.613065347075E+00
+800.000E-09,+2.613065347075E+00
+808.000E-09,+2.613065347075E+00
+816.000E-09,+2.613065347075E+00
+824.000E-09,+2.613065347075E+00
+832.000E-09,+2.412060323182E+00
+840.000E-09,+2.613065344270E+00
+848.000E-09,+2.613065347075E+00
+856.000E-09,+2.613065347075E+00
+864.000E-09,+2.613065347075E+00
+872.000E-09,+2.613065347075E+00
+880.000E-09,+2.613065347075E+00
+888.000E-09,+2.613065347075E+00
+896.000E-09,+2.613065347075E+00
+904.000E-09,+2.814070370968E+00
+912.000E-09,+2.814070373774E+00
+920.000E-09,+2.613065349881E+00
+928.000E-09,+2.814070370968E+00
+936.000E-09,+2.814070373774E+00
+944.000E-09,+2.613065349881E+00
+952.000E-09,+2.613065347075E+00
+960.000E-09,+2.814070370968E+00
+968.000E-09,+2.814070373774E+00
+976.000E-09,+2.613065349881E+00
+984.000E-09,+2.613065347075E+00
+992.000E-09,+2.814070370968E+00
+1.000000E-06,+2.814070373774E+00
+1.008000E-06,+2.613065349881E+00
+1.016000E-06,+2.814070370968E+00
+1.024000E-06,+2.613065349881E+00
+1.032000E-06,+2.814070370968E+00
+1.040000E-06,+2.613065349881E+00
+1.048000E-06,+2.814070370968E+00
+1.056000E-06,+2.613065349881E+00
+1.064000E-06,+2.613065347075E+00
+1.072000E-06,+2.814070370968E+00
+1.080000E-06,+2.814070373774E+00
+1.088000E-06,+2.814070373774E+00
+1.096000E-06,+2.814070373774E+00
+1.104000E-06,+2.814070373774E+00
+1.112000E-06,+3.015075397667E+00
+1.120000E-06,+2.814070376579E+00
+1.128000E-06,+2.814070373774E+00
+1.136000E-06,+2.814070373774E+00
+1.144000E-06,+2.814070373774E+00
+1.152000E-06,+2.814070373774E+00
+1.160000E-06,+2.814070373774E+00
+1.168000E-06,+2.814070373774E+00
+1.176000E-06,+2.814070373774E+00
+1.184000E-06,+2.814070373774E+00
+1.192000E-06,+2.814070373774E+00
+1.200000E-06,+2.814070373774E+00
+1.208000E-06,+2.814070373774E+00
+1.216000E-06,+2.814070373774E+00
+1.224000E-06,+2.814070373774E+00
+1.232000E-06,+2.814070373774E+00
+1.240000E-06,+2.814070373774E+00
+1.248000E-06,+2.814070373774E+00
+1.256000E-06,+2.814070373774E+00
+1.264000E-06,+2.814070373774E+00
+1.272000E-06,+2.814070373774E+00
+1.280000E-06,+3.015075397667E+00
+1.288000E-06,+2.814070376579E+00
+1.296000E-06,+2.814070373774E+00
+1.304000E-06,+3.015075397667E+00
+1.312000E-06,+2.814070376579E+00
+1.320000E-06,+3.015075397667E+00
+1.328000E-06,+3.015075400472E+00
+1.336000E-06,+3.015075400472E+00
+1.344000E-06,+2.814070376579E+00
+1.352000E-06,+3.015075397667E+00
+1.360000E-06,+3.015075400472E+00
+1.368000E-06,+3.015075400472E+00
+1.376000E-06,+3.015075400472E+00
+1.384000E-06,+3.015075400472E+00
+1.392000E-06,+3.015075400472E+00
+1.400000E-06,+3.015075400472E+00
+1.408000E-06,+2.814070376579E+00
+1.416000E-06,+2.814070373774E+00
+1.424000E-06,+2.814070373774E+00
+1.432000E-06,+3.015075397667E+00
+1.440000E-06,+3.015075400472E+00
+1.448000E-06,+3.015075400472E+00
+1.456000E-06,+3.015075400472E+00
+1.464000E-06,+3.015075400472E+00
+1.472000E-06,+3.015075400472E+00
+1.480000E-06,+3.015075400472E+00
+1.488000E-06,+3.015075400472E+00
+1.496000E-06,+3.015075400472E+00
+1.504000E-06,+3.015075400472E+00
+1.512000E-06,+3.015075400472E+00
+1.520000E-06,+3.216080424365E+00
+1.528000E-06,+3.216080427170E+00
+1.536000E-06,+3.015075403277E+00
+1.544000E-06,+3.015075400472E+00
+1.552000E-06,+3.015075400472E+00
+1.560000E-06,+3.216080424365E+00
+1.568000E-06,+3.015075403277E+00
+1.576000E-06,+3.216080424365E+00
+1.584000E-06,+3.015075403277E+00
+1.592000E-06,+3.015075400472E+00
+1.600000E-06,+3.015075400472E+00
+1.608000E-06,+3.216080424365E+00
+1.616000E-06,+3.216080427170E+00
+1.624000E-06,+3.216080427170E+00
+1.632000E-06,+3.216080427170E+00
+1.640000E-06,+3.015075403277E+00
+1.648000E-06,+3.216080424364E+00
+1.656000E-06,+3.216080427170E+00
+1.664000E-06,+3.216080427170E+00
+1.672000E-06,+3.216080427170E+00
+1.680000E-06,+3.216080427170E+00
+1.688000E-06,+3.216080427170E+00
+1.696000E-06,+3.216080427170E+00
+1.704000E-06,+3.216080427170E+00
+1.712000E-06,+3.216080427170E+00
+1.720000E-06,+3.216080427170E+00
+1.728000E-06,+3.216080427170E+00
+1.736000E-06,+3.216080427170E+00
+1.744000E-06,+3.216080427170E+00
+1.752000E-06,+3.216080427170E+00
+1.760000E-06,+3.216080427170E+00
+1.768000E-06,+3.216080427170E+00
+1.776000E-06,+3.417085451062E+00
+1.784000E-06,+3.216080429976E+00
+1.792000E-06,+3.417085451062E+00
+1.800000E-06,+3.216080429976E+00
+1.808000E-06,+3.216080427170E+00
+1.816000E-06,+3.216080427170E+00
+1.824000E-06,+3.216080427170E+00
+1.832000E-06,+3.417085451062E+00
+1.840000E-06,+3.216080429976E+00
+1.848000E-06,+3.216080427170E+00
+1.856000E-06,+3.417085451062E+00
+1.864000E-06,+3.417085453868E+00
+1.872000E-06,+3.417085453868E+00
+1.880000E-06,+3.417085453868E+00
+1.888000E-06,+3.417085453868E+00
+1.896000E-06,+3.417085453868E+00
+1.904000E-06,+3.417085453868E+00
+1.912000E-06,+3.417085453868E+00
+1.920000E-06,+3.417085453868E+00
+1.928000E-06,+3.216080429976E+00
+1.936000E-06,+3.417085451062E+00
+1.944000E-06,+3.417085453868E+00
+1.952000E-06,+3.216080429976E+00
+1.960000E-06,+3.417085451062E+00
+1.968000E-06,+3.417085453868E+00
+1.976000E-06,+3.417085453868E+00
+1.984000E-06,+3.417085453868E+00
+1.992000E-06,+3.417085453868E+00
+2.000000E-06,+3.417085453868E+00
+2.008000E-06,+3.417085453868E+00
+2.016000E-06,+3.417085453868E+00
+2.024000E-06,+3.417085453868E+00
+2.032000E-06,+3.417085453868E+00
+2.040000E-06,+3.417085453868E+00
+2.048000E-06,+3.417085453868E+00
+2.056000E-06,+3.417085453868E+00
+2.064000E-06,+3.417085453868E+00
+2.072000E-06,+3.618090477761E+00
+2.080000E-06,+3.417085456673E+00
+2.088000E-06,+3.417085453868E+00
+2.096000E-06,+3.618090477761E+00
+2.104000E-06,+3.417085456673E+00
+2.112000E-06,+3.417085453868E+00
+2.120000E-06,+3.417085453868E+00
+2.128000E-06,+3.417085453868E+00
+2.136000E-06,+3.618090477761E+00
+2.144000E-06,+3.417085456673E+00
+2.152000E-06,+3.417085453868E+00
+2.160000E-06,+3.417085453868E+00
+2.168000E-06,+3.417085453868E+00
+2.176000E-06,+3.618090477761E+00
+2.184000E-06,+3.618090480566E+00
+2.192000E-06,+3.618090480566E+00
+2.200000E-06,+3.618090480566E+00
+2.208000E-06,+3.417085456673E+00
+2.216000E-06,+3.417085453868E+00
+2.224000E-06,+3.618090477761E+00
+2.232000E-06,+3.618090480566E+00
+2.240000E-06,+3.618090480566E+00
+2.248000E-06,+3.618090480566E+00
+2.256000E-06,+3.618090480566E+00
+2.264000E-06,+3.618090480566E+00
+2.272000E-06,+3.618090480566E+00
+2.280000E-06,+3.618090480566E+00
+2.288000E-06,+3.618090480566E+00
+2.296000E-06,+3.618090480566E+00
+2.304000E-06,+3.618090480566E+00
+2.312000E-06,+3.618090480566E+00
+2.320000E-06,+3.618090480566E+00
+2.328000E-06,+3.618090480566E+00
+2.336000E-06,+3.819095504459E+00
+2.344000E-06,+3.618090483371E+00
+2.352000E-06,+3.618090480566E+00
+2.360000E-06,+3.618090480566E+00
+2.368000E-06,+3.618090480566E+00
+2.376000E-06,+3.618090480566E+00
+2.384000E-06,+3.618090480566E+00
+2.392000E-06,+3.618090480566E+00
+2.400000E-06,+3.819095504459E+00
+2.408000E-06,+3.618090483371E+00
+2.416000E-06,+3.819095504459E+00
+2.424000E-06,+3.819095507264E+00
+2.432000E-06,+3.618090483371E+00
+2.440000E-06,+3.618090480566E+00
+2.448000E-06,+3.618090480566E+00
+2.456000E-06,+3.618090480566E+00
+2.464000E-06,+3.618090480566E+00
+2.472000E-06,+3.618090480566E+00
+2.480000E-06,+3.819095504459E+00
+2.488000E-06,+3.819095507264E+00
+2.496000E-06,+3.618090483371E+00
+2.504000E-06,+3.819095504459E+00
+2.512000E-06,+3.819095507264E+00
+2.520000E-06,+3.819095507264E+00
+2.528000E-06,+3.819095507264E+00
+2.536000E-06,+3.819095507264E+00
+2.544000E-06,+3.819095507264E+00
+2.552000E-06,+3.819095507264E+00
+2.560000E-06,+3.819095507264E+00
+2.568000E-06,+3.819095507264E+00
+2.576000E-06,+3.819095507264E+00
+2.584000E-06,+3.819095507264E+00
+2.592000E-06,+3.819095507264E+00
+2.600000E-06,+3.819095507264E+00
+2.608000E-06,+3.819095507264E+00
+2.616000E-06,+3.819095507264E+00
+2.624000E-06,+4.020100531157E+00
+2.632000E-06,+3.618090486176E+00
+2.640000E-06,+3.819095504459E+00
+2.648000E-06,+3.819095507264E+00
+2.656000E-06,+3.819095507264E+00
+2.664000E-06,+3.819095507264E+00
+2.672000E-06,+3.819095507264E+00
+2.680000E-06,+3.819095507264E+00
+2.688000E-06,+3.819095507264E+00
+2.696000E-06,+3.819095507264E+00
+2.704000E-06,+3.819095507264E+00
+2.712000E-06,+3.819095507264E+00
+2.720000E-06,+3.819095507264E+00
+2.728000E-06,+4.020100531157E+00
+2.736000E-06,+3.819095510069E+00
+2.744000E-06,+4.020100531157E+00
+2.752000E-06,+3.819095510069E+00
+2.760000E-06,+4.020100531157E+00
+2.768000E-06,+3.819095510069E+00
+2.776000E-06,+3.819095507264E+00
+2.784000E-06,+4.020100531157E+00
+2.792000E-06,+3.819095510069E+00
+2.800000E-06,+3.819095507264E+00
+2.808000E-06,+3.819095507264E+00
+2.816000E-06,+4.020100531157E+00
+2.824000E-06,+3.819095510069E+00
+2.832000E-06,+3.819095507264E+00
+2.840000E-06,+4.020100531157E+00
+2.848000E-06,+4.020100533962E+00
+2.856000E-06,+3.819095510069E+00
+2.864000E-06,+3.819095507264E+00
+2.872000E-06,+3.819095507264E+00
+2.880000E-06,+3.819095507264E+00
+2.888000E-06,+4.020100531157E+00
+2.896000E-06,+4.020100533962E+00
+2.904000E-06,+4.020100533962E+00
+2.912000E-06,+4.020100533962E+00
+2.920000E-06,+3.819095510069E+00
+2.928000E-06,+3.819095507264E+00
+2.936000E-06,+4.020100531157E+00
+2.944000E-06,+4.020100533962E+00
+2.952000E-06,+4.020100533962E+00
+2.960000E-06,+4.020100533962E+00
+2.968000E-06,+4.020100533962E+00
+2.976000E-06,+4.020100533962E+00
+2.984000E-06,+3.819095510069E+00
+2.992000E-06,+3.819095507264E+00
+3.000000E-06,+4.020100531157E+00
+3.008000E-06,+4.020100533962E+00
+3.016000E-06,+4.221105557855E+00
+3.024000E-06,+4.020100536767E+00
+3.032000E-06,+4.020100533962E+00
+3.040000E-06,+4.020100533962E+00
+3.048000E-06,+4.020100533962E+00
+3.056000E-06,+4.020100533962E+00
+3.064000E-06,+4.020100533962E+00
+3.072000E-06,+4.020100533962E+00
+3.080000E-06,+4.221105557855E+00
+3.088000E-06,+4.221105560660E+00
+3.096000E-06,+4.020100536767E+00
+3.104000E-06,+4.020100533962E+00
+3.112000E-06,+4.020100533962E+00
+3.120000E-06,+4.221105557855E+00
+3.128000E-06,+4.020100536767E+00
+3.136000E-06,+4.020100533962E+00
+3.144000E-06,+4.020100533962E+00
+3.152000E-06,+4.020100533962E+00
+3.160000E-06,+4.221105557855E+00
+3.168000E-06,+4.020100536767E+00
+3.176000E-06,+4.020100533962E+00
+3.184000E-06,+4.221105557855E+00
+3.192000E-06,+4.221105560660E+00
+3.200000E-06,+4.221105560660E+00
+3.208000E-06,+4.221105560660E+00
+3.216000E-06,+4.221105560660E+00
+3.224000E-06,+4.221105560660E+00
+3.232000E-06,+4.020100536767E+00
+3.240000E-06,+4.020100533962E+00
+3.248000E-06,+4.020100533962E+00
+3.256000E-06,+4.221105557855E+00
+3.264000E-06,+4.020100536767E+00
+3.272000E-06,+4.020100533962E+00
+3.280000E-06,+4.020100533962E+00
+3.288000E-06,+4.221105557856E+00
+3.296000E-06,+4.221105560660E+00
+3.304000E-06,+4.221105560660E+00
+3.312000E-06,+4.020100536767E+00
+3.320000E-06,+4.221105557856E+00
+3.328000E-06,+4.221105560660E+00
+3.336000E-06,+4.020100536767E+00
+3.344000E-06,+4.221105557856E+00
+3.352000E-06,+4.221105560660E+00
+3.360000E-06,+4.221105560660E+00
+3.368000E-06,+4.221105560660E+00
+3.376000E-06,+4.221105560660E+00
+3.384000E-06,+4.020100536767E+00
+3.392000E-06,+4.221105557856E+00
+3.400000E-06,+4.221105560660E+00
+3.408000E-06,+4.221105560660E+00
+3.416000E-06,+4.221105560660E+00
+3.424000E-06,+4.221105560660E+00
+3.432000E-06,+4.221105560660E+00
+3.440000E-06,+4.221105560660E+00
+3.448000E-06,+4.221105560660E+00
+3.456000E-06,+4.221105560660E+00
+3.464000E-06,+4.221105560660E+00
+3.472000E-06,+4.020100536767E+00
+3.480000E-06,+4.221105557856E+00
+3.488000E-06,+4.221105560660E+00
+3.496000E-06,+4.221105560660E+00
+3.504000E-06,+4.221105560660E+00
+3.512000E-06,+4.221105560660E+00
+3.520000E-06,+4.221105560660E+00
+3.528000E-06,+4.221105560660E+00
+3.536000E-06,+4.221105560660E+00
+3.544000E-06,+4.221105560660E+00
+3.552000E-06,+4.221105560660E+00
+3.560000E-06,+4.221105560660E+00
+3.568000E-06,+4.221105560660E+00
+3.576000E-06,+4.221105560660E+00
+3.584000E-06,+4.221105560660E+00
+3.592000E-06,+4.221105560660E+00
+3.600000E-06,+4.221105560660E+00
+3.608000E-06,+4.422110584554E+00
+3.616000E-06,+4.221105563465E+00
+3.624000E-06,+4.422110584554E+00
+3.632000E-06,+4.422110587358E+00
+3.640000E-06,+4.221105563465E+00
+3.648000E-06,+4.422110584554E+00
+3.656000E-06,+4.020100539571E+00
+3.664000E-06,+4.221105557856E+00
+3.672000E-06,+4.221105560660E+00
+3.680000E-06,+4.422110584554E+00
+3.688000E-06,+4.221105563465E+00
+3.696000E-06,+4.221105560660E+00
+3.704000E-06,+4.221105560660E+00
+3.712000E-06,+4.221105560660E+00
+3.720000E-06,+4.221105560660E+00
+3.728000E-06,+4.221105560660E+00
+3.736000E-06,+4.221105560660E+00
+3.744000E-06,+4.422110584554E+00
+3.752000E-06,+4.221105563465E+00
+3.760000E-06,+4.422110584554E+00
+3.768000E-06,+4.221105563465E+00
+3.776000E-06,+4.422110584554E+00
+3.784000E-06,+4.422110587358E+00
+3.792000E-06,+4.422110587358E+00
+3.800000E-06,+4.221105563465E+00
+3.808000E-06,+4.422110584554E+00
+3.816000E-06,+4.422110587358E+00
+3.824000E-06,+4.422110587358E+00
+3.832000E-06,+4.221105563465E+00
+3.840000E-06,+4.422110584554E+00
+3.848000E-06,+4.422110587358E+00
+3.856000E-06,+4.221105563465E+00
+3.864000E-06,+4.221105560660E+00
+3.872000E-06,+4.422110584554E+00
+3.880000E-06,+4.422110587358E+00
+3.888000E-06,+4.422110587358E+00
+3.896000E-06,+4.422110587358E+00
+3.904000E-06,+4.422110587358E+00
+3.912000E-06,+4.422110587358E+00
+3.920000E-06,+4.422110587358E+00
+3.928000E-06,+4.422110587358E+00
+3.936000E-06,+4.422110587358E+00
+3.944000E-06,+4.422110587358E+00
+3.952000E-06,+4.422110587358E+00
+3.960000E-06,+4.422110587358E+00
+3.968000E-06,+4.422110587358E+00
+3.976000E-06,+4.422110587358E+00
+3.984000E-06,+4.422110587358E+00
+3.992000E-06,+4.422110587358E+00
+4.000000E-06,+4.422110587358E+00
+4.008000E-06,+4.221105563465E+00
+4.016000E-06,+4.422110584554E+00
+4.024000E-06,+4.422110587358E+00
+4.032000E-06,+4.422110587358E+00
+4.040000E-06,+4.422110587358E+00
+4.048000E-06,+4.221105563465E+00
+4.056000E-06,+4.422110584554E+00
+4.064000E-06,+4.422110587358E+00
+4.072000E-06,+4.422110587358E+00
+4.080000E-06,+4.422110587358E+00
+4.088000E-06,+4.422110587358E+00
+4.096000E-06,+4.422110587358E+00
+4.104000E-06,+4.422110587358E+00
+4.112000E-06,+4.221105563465E+00
+4.120000E-06,+4.422110584554E+00
+4.128000E-06,+4.422110587358E+00
+4.136000E-06,+4.422110587358E+00
+4.144000E-06,+4.221105563465E+00
+4.152000E-06,+4.422110584554E+00
+4.160000E-06,+4.422110587358E+00
+4.168000E-06,+4.422110587358E+00
+4.176000E-06,+4.422110587358E+00
+4.184000E-06,+4.422110587358E+00
+4.192000E-06,+4.422110587358E+00
+4.200000E-06,+4.422110587358E+00
+4.208000E-06,+4.422110587358E+00
+4.216000E-06,+4.422110587358E+00
+4.224000E-06,+4.422110587358E+00
+4.232000E-06,+4.422110587358E+00
+4.240000E-06,+4.422110587358E+00
+4.248000E-06,+4.422110587358E+00
+4.256000E-06,+4.422110587358E+00
+4.264000E-06,+4.623115611252E+00
+4.272000E-06,+4.422110590164E+00
+4.280000E-06,+4.422110587358E+00
+4.288000E-06,+4.422110587358E+00
+4.296000E-06,+4.422110587358E+00
+4.304000E-06,+4.422110587358E+00
+4.312000E-06,+4.422110587358E+00
+4.320000E-06,+4.422110587358E+00
+4.328000E-06,+4.422110587358E+00
+4.336000E-06,+4.422110587358E+00
+4.344000E-06,+4.422110587358E+00
+4.352000E-06,+4.422110587358E+00
+4.360000E-06,+4.422110587358E+00
+4.368000E-06,+4.422110587358E+00
+4.376000E-06,+4.422110587358E+00
+4.384000E-06,+4.422110587358E+00
+4.392000E-06,+4.623115611252E+00
+4.400000E-06,+4.422110590164E+00
+4.408000E-06,+4.422110587358E+00
+4.416000E-06,+4.422110587358E+00
+4.424000E-06,+4.422110587358E+00
+4.432000E-06,+4.422110587358E+00
+4.440000E-06,+4.422110587358E+00
+4.448000E-06,+4.422110587358E+00
+4.456000E-06,+4.422110587358E+00
+4.464000E-06,+4.422110587358E+00
+4.472000E-06,+4.422110587358E+00
+4.480000E-06,+4.422110587358E+00
+4.488000E-06,+4.623115611252E+00
+4.496000E-06,+4.623115614057E+00
+4.504000E-06,+4.422110590164E+00
+4.512000E-06,+4.422110587358E+00
+4.520000E-06,+4.422110587358E+00
+4.528000E-06,+4.623115611252E+00
+4.536000E-06,+4.422110590164E+00
+4.544000E-06,+4.422110587358E+00
+4.552000E-06,+4.623115611252E+00
+4.560000E-06,+4.422110590164E+00
+4.568000E-06,+4.422110587358E+00
+4.576000E-06,+4.422110587358E+00
+4.584000E-06,+4.623115611252E+00
+4.592000E-06,+4.422110590164E+00
+4.600000E-06,+4.623115611252E+00
+4.608000E-06,+4.623115614057E+00
+4.616000E-06,+4.623115614057E+00
+4.624000E-06,+4.422110590164E+00
+4.632000E-06,+4.422110587358E+00
+4.640000E-06,+4.422110587358E+00
+4.648000E-06,+4.422110587358E+00
+4.656000E-06,+4.623115611252E+00
+4.664000E-06,+4.422110590164E+00
+4.672000E-06,+4.623115611252E+00
+4.680000E-06,+4.422110590164E+00
+4.688000E-06,+4.422110587358E+00
+4.696000E-06,+4.422110587358E+00
+4.704000E-06,+4.422110587358E+00
+4.712000E-06,+4.422110587358E+00
+4.720000E-06,+4.422110587358E+00
+4.728000E-06,+4.422110587358E+00
+4.736000E-06,+4.422110587358E+00
+4.744000E-06,+4.623115611252E+00
+4.752000E-06,+4.422110590164E+00
+4.760000E-06,+4.422110587358E+00
+4.768000E-06,+4.422110587358E+00
+4.776000E-06,+4.422110587358E+00
+4.784000E-06,+4.623115611252E+00
+4.792000E-06,+4.422110590164E+00
+4.800000E-06,+4.422110587358E+00
+4.808000E-06,+4.623115611252E+00
+4.816000E-06,+4.422110590164E+00
+4.824000E-06,+4.422110587358E+00
+4.832000E-06,+4.422110587358E+00
+4.840000E-06,+4.422110587358E+00
+4.848000E-06,+4.422110587358E+00
+4.856000E-06,+4.422110587358E+00
+4.864000E-06,+4.623115611252E+00
+4.872000E-06,+4.623115614057E+00
+4.880000E-06,+4.623115614057E+00
+4.888000E-06,+4.422110590164E+00
+4.896000E-06,+4.422110587358E+00
+4.904000E-06,+4.422110587358E+00
+4.912000E-06,+4.422110587358E+00
+4.920000E-06,+4.623115611252E+00
+4.928000E-06,+4.422110590164E+00
+4.936000E-06,+4.623115611252E+00
+4.944000E-06,+4.623115614057E+00
+4.952000E-06,+4.623115614057E+00
+4.960000E-06,+4.422110590164E+00
+4.968000E-06,+4.422110587358E+00
+4.976000E-06,+4.422110587358E+00
+4.984000E-06,+4.623115611252E+00
+4.992000E-06,+4.623115614057E+00
+5.000000E-06,+4.422110590164E+00
+5.008000E-06,+4.422110587358E+00
+5.016000E-06,+4.422110587358E+00
+5.024000E-06,+4.422110587358E+00
+5.032000E-06,+4.422110587358E+00
+5.040000E-06,+4.422110587358E+00
+5.048000E-06,+4.422110587358E+00
+5.056000E-06,+4.422110587358E+00
+5.064000E-06,+4.422110587358E+00
+5.072000E-06,+4.422110587358E+00
+5.080000E-06,+4.422110587358E+00
+5.088000E-06,+4.422110587358E+00
+5.096000E-06,+4.422110587358E+00
+5.104000E-06,+4.422110587358E+00
+5.112000E-06,+4.623115611252E+00
+5.120000E-06,+4.422110590164E+00
+5.128000E-06,+4.422110587358E+00
+5.136000E-06,+4.422110587358E+00
+5.144000E-06,+4.422110587358E+00
+5.152000E-06,+4.422110587358E+00
+5.160000E-06,+4.422110587358E+00
+5.168000E-06,+4.422110587358E+00
+5.176000E-06,+4.422110587358E+00
+5.184000E-06,+4.623115611251E+00
+5.192000E-06,+4.422110590164E+00
+5.200000E-06,+4.422110587358E+00
+5.208000E-06,+4.422110587358E+00
+5.216000E-06,+4.623115611251E+00
+5.224000E-06,+4.422110590164E+00
+5.232000E-06,+4.422110587358E+00
+5.240000E-06,+4.422110587358E+00
+5.248000E-06,+4.422110587358E+00
+5.256000E-06,+4.422110587358E+00
+5.264000E-06,+4.422110587358E+00
+5.272000E-06,+4.422110587358E+00
+5.280000E-06,+4.422110587358E+00
+5.288000E-06,+4.422110587358E+00
+5.296000E-06,+4.422110587358E+00
+5.304000E-06,+4.422110587358E+00
+5.312000E-06,+4.422110587358E+00
+5.320000E-06,+4.422110587358E+00
+5.328000E-06,+4.422110587358E+00
+5.336000E-06,+4.422110587358E+00
+5.344000E-06,+4.422110587358E+00
+5.352000E-06,+4.422110587358E+00
+5.360000E-06,+4.422110587358E+00
+5.368000E-06,+4.422110587358E+00
+5.376000E-06,+4.422110587358E+00
+5.384000E-06,+4.623115611251E+00
+5.392000E-06,+4.422110590164E+00
+5.400000E-06,+4.422110587358E+00
+5.408000E-06,+4.422110587358E+00
+5.416000E-06,+4.422110587358E+00
+5.424000E-06,+4.422110587358E+00
+5.432000E-06,+4.422110587358E+00
+5.440000E-06,+4.422110587358E+00
+5.448000E-06,+4.422110587358E+00
+5.456000E-06,+4.221105563466E+00
+5.464000E-06,+4.422110584553E+00
+5.472000E-06,+4.422110587358E+00
+5.480000E-06,+4.422110587358E+00
+5.488000E-06,+4.422110587358E+00
+5.496000E-06,+4.422110587358E+00
+5.504000E-06,+4.422110587358E+00
+5.512000E-06,+4.422110587358E+00
+5.520000E-06,+4.422110587358E+00
+5.528000E-06,+4.422110587358E+00
+5.536000E-06,+4.422110587358E+00
+5.544000E-06,+4.422110587358E+00
+5.552000E-06,+4.422110587358E+00
+5.560000E-06,+4.422110587358E+00
+5.568000E-06,+4.422110587358E+00
+5.576000E-06,+4.422110587358E+00
+5.584000E-06,+4.422110587358E+00
+5.592000E-06,+4.422110587358E+00
+5.600000E-06,+4.422110587358E+00
+5.608000E-06,+4.422110587358E+00
+5.616000E-06,+4.221105563466E+00
+5.624000E-06,+4.422110584553E+00
+5.632000E-06,+4.221105563466E+00
+5.640000E-06,+4.422110584553E+00
+5.648000E-06,+4.221105563466E+00
+5.656000E-06,+4.422110584553E+00
+5.664000E-06,+4.422110587358E+00
+5.672000E-06,+4.422110587358E+00
+5.680000E-06,+4.221105563466E+00
+5.688000E-06,+4.422110584553E+00
+5.696000E-06,+4.221105563466E+00
+5.704000E-06,+4.422110584553E+00
+5.712000E-06,+4.422110587358E+00
+5.720000E-06,+4.221105563466E+00
+5.728000E-06,+4.221105560660E+00
+5.736000E-06,+4.221105560660E+00
+5.744000E-06,+4.422110584553E+00
+5.752000E-06,+4.422110587358E+00
+5.760000E-06,+4.221105563466E+00
+5.768000E-06,+4.221105560660E+00
+5.776000E-06,+4.221105560660E+00
+5.784000E-06,+4.422110584553E+00
+5.792000E-06,+4.422110587358E+00
+5.800000E-06,+4.422110587358E+00
+5.808000E-06,+4.221105563466E+00
+5.816000E-06,+4.422110584553E+00
+5.824000E-06,+4.221105563466E+00
+5.832000E-06,+4.221105560660E+00
+5.840000E-06,+4.221105560660E+00
+5.848000E-06,+4.422110584553E+00
+5.856000E-06,+4.221105563466E+00
+5.864000E-06,+4.221105560660E+00
+5.872000E-06,+4.221105560660E+00
+5.880000E-06,+4.221105560660E+00
+5.888000E-06,+4.221105560660E+00
+5.896000E-06,+4.221105560660E+00
+5.904000E-06,+4.422110584553E+00
+5.912000E-06,+4.422110587358E+00
+5.920000E-06,+4.221105563466E+00
+5.928000E-06,+4.221105560660E+00
+5.936000E-06,+4.422110584553E+00
+5.944000E-06,+4.221105563466E+00
+5.952000E-06,+4.221105560660E+00
+5.960000E-06,+4.221105560660E+00
+5.968000E-06,+4.221105560660E+00
+5.976000E-06,+4.221105560660E+00
+5.984000E-06,+4.221105560660E+00
+5.992000E-06,+4.221105560660E+00
+6.000000E-06,+4.221105560660E+00
+6.008000E-06,+4.221105560660E+00
+6.016000E-06,+4.221105560660E+00
+6.024000E-06,+4.221105560660E+00
+6.032000E-06,+4.221105560660E+00
+6.040000E-06,+4.221105560660E+00
+6.048000E-06,+4.221105560660E+00
+6.056000E-06,+4.221105560660E+00
+6.064000E-06,+4.221105560660E+00
+6.072000E-06,+4.221105560660E+00
+6.080000E-06,+4.221105560660E+00
+6.088000E-06,+4.221105560660E+00
+6.096000E-06,+4.221105560660E+00
+6.104000E-06,+4.221105560660E+00
+6.112000E-06,+4.221105560660E+00
+6.120000E-06,+4.221105560660E+00
+6.128000E-06,+4.221105560660E+00
+6.136000E-06,+4.221105560660E+00
+6.144000E-06,+4.221105560660E+00
+6.152000E-06,+4.020100536769E+00
+6.160000E-06,+4.221105557854E+00
+6.168000E-06,+4.221105560660E+00
+6.176000E-06,+4.020100536769E+00
+6.184000E-06,+4.221105557854E+00
+6.192000E-06,+4.020100536769E+00
+6.200000E-06,+4.020100533962E+00
+6.208000E-06,+4.221105557854E+00
+6.216000E-06,+4.221105560660E+00
+6.224000E-06,+4.020100536769E+00
+6.232000E-06,+4.020100533962E+00
+6.240000E-06,+4.221105557854E+00
+6.248000E-06,+4.020100536769E+00
+6.256000E-06,+4.020100533962E+00
+6.264000E-06,+4.020100533962E+00
+6.272000E-06,+4.221105557854E+00
+6.280000E-06,+4.020100536769E+00
+6.288000E-06,+4.020100533962E+00
+6.296000E-06,+4.020100533962E+00
+6.304000E-06,+4.020100533962E+00
+6.312000E-06,+4.221105557854E+00
+6.320000E-06,+4.020100536769E+00
+6.328000E-06,+4.221105557854E+00
+6.336000E-06,+4.020100536769E+00
+6.344000E-06,+4.020100533962E+00
+6.352000E-06,+4.020100533962E+00
+6.360000E-06,+4.020100533962E+00
+6.368000E-06,+4.020100533962E+00
+6.376000E-06,+4.020100533962E+00
+6.384000E-06,+4.020100533962E+00
+6.392000E-06,+4.020100533962E+00
+6.400000E-06,+4.020100533962E+00
+6.408000E-06,+4.020100533962E+00
+6.416000E-06,+4.020100533962E+00
+6.424000E-06,+4.020100533962E+00
+6.432000E-06,+4.020100533962E+00
+6.440000E-06,+4.020100533962E+00
+6.448000E-06,+3.819095510071E+00
+6.456000E-06,+4.020100531156E+00
+6.464000E-06,+4.020100533962E+00
+6.472000E-06,+4.020100533962E+00
+6.480000E-06,+4.020100533962E+00
+6.488000E-06,+4.020100533962E+00
+6.496000E-06,+4.020100533962E+00
+6.504000E-06,+4.020100533962E+00
+6.512000E-06,+3.819095510071E+00
+6.520000E-06,+4.020100531156E+00
+6.528000E-06,+3.819095510071E+00
+6.536000E-06,+3.819095507264E+00
+6.544000E-06,+3.819095507264E+00
+6.552000E-06,+3.819095507264E+00
+6.560000E-06,+3.819095507264E+00
+6.568000E-06,+3.819095507264E+00
+6.576000E-06,+4.020100531156E+00
+6.584000E-06,+3.819095510071E+00
+6.592000E-06,+3.819095507264E+00
+6.600000E-06,+3.819095507264E+00
+6.608000E-06,+4.020100531156E+00
+6.616000E-06,+3.819095510071E+00
+6.624000E-06,+3.819095507264E+00
+6.632000E-06,+3.819095507264E+00
+6.640000E-06,+3.819095507264E+00
+6.648000E-06,+3.819095507264E+00
+6.656000E-06,+4.020100531156E+00
+6.664000E-06,+3.819095510071E+00
+6.672000E-06,+4.020100531156E+00
+6.680000E-06,+3.819095510071E+00
+6.688000E-06,+3.819095507264E+00
+6.696000E-06,+3.819095507264E+00
+6.704000E-06,+3.819095507264E+00
+6.712000E-06,+3.819095507264E+00
+6.720000E-06,+3.819095507264E+00
+6.728000E-06,+3.819095507264E+00
+6.736000E-06,+3.819095507264E+00
+6.744000E-06,+3.819095507264E+00
+6.752000E-06,+3.618090483373E+00
+6.760000E-06,+3.819095504458E+00
+6.768000E-06,+3.819095507264E+00
+6.776000E-06,+3.819095507264E+00
+6.784000E-06,+3.819095507264E+00
+6.792000E-06,+3.618090483373E+00
+6.800000E-06,+3.819095504458E+00
+6.808000E-06,+3.819095507264E+00
+6.816000E-06,+3.618090483373E+00
+6.824000E-06,+3.618090480566E+00
+6.832000E-06,+3.819095504458E+00
+6.840000E-06,+3.819095507264E+00
+6.848000E-06,+3.618090483373E+00
+6.856000E-06,+3.819095504458E+00
+6.864000E-06,+3.618090483373E+00
+6.872000E-06,+3.819095504458E+00
+6.880000E-06,+3.819095507264E+00
+6.888000E-06,+3.618090483373E+00
+6.896000E-06,+3.417085456674E+00
+6.904000E-06,+3.618090477759E+00
+6.912000E-06,+3.618090480566E+00
+6.920000E-06,+3.819095504458E+00
+6.928000E-06,+3.618090483373E+00
+6.936000E-06,+3.618090480566E+00
+6.944000E-06,+3.618090480566E+00
+6.952000E-06,+3.618090480566E+00
+6.960000E-06,+3.618090480566E+00
+6.968000E-06,+3.618090480566E+00
+6.976000E-06,+3.618090480566E+00
+6.984000E-06,+3.618090480566E+00
+6.992000E-06,+3.618090480566E+00
+7.000000E-06,+3.618090480566E+00
+7.008000E-06,+3.417085456674E+00
+7.016000E-06,+3.618090477759E+00
+7.024000E-06,+3.618090480566E+00
+7.032000E-06,+3.618090480566E+00
+7.040000E-06,+3.618090480566E+00
+7.048000E-06,+3.618090480566E+00
+7.056000E-06,+3.417085456674E+00
+7.064000E-06,+3.618090477759E+00
+7.072000E-06,+3.417085456675E+00
+7.080000E-06,+3.417085453868E+00
+7.088000E-06,+3.417085453868E+00
+7.096000E-06,+3.417085453868E+00
+7.104000E-06,+3.417085453868E+00
+7.112000E-06,+3.417085453868E+00
+7.120000E-06,+3.417085453868E+00
+7.128000E-06,+3.417085453868E+00
+7.136000E-06,+3.417085453868E+00
+7.144000E-06,+3.618090477759E+00
+7.152000E-06,+3.417085456675E+00
+7.160000E-06,+3.417085453868E+00
+7.168000E-06,+3.417085453868E+00
+7.176000E-06,+3.417085453868E+00
+7.184000E-06,+3.417085453868E+00
+7.192000E-06,+3.216080429977E+00
+7.200000E-06,+3.417085451061E+00
+7.208000E-06,+3.417085453868E+00
+7.216000E-06,+3.417085453868E+00
+7.224000E-06,+3.417085453868E+00
+7.232000E-06,+3.417085453868E+00
+7.240000E-06,+3.216080429977E+00
+7.248000E-06,+3.417085451061E+00
+7.256000E-06,+3.417085453868E+00
+7.264000E-06,+3.216080429977E+00
+7.272000E-06,+3.417085451061E+00
+7.280000E-06,+3.417085453868E+00
+7.288000E-06,+3.216080429977E+00
+7.296000E-06,+3.216080427170E+00
+7.304000E-06,+3.417085451061E+00
+7.312000E-06,+3.216080429977E+00
+7.320000E-06,+3.216080427170E+00
+7.328000E-06,+3.216080427170E+00
+7.336000E-06,+3.216080427170E+00
+7.344000E-06,+3.216080427170E+00
+7.352000E-06,+3.417085451061E+00
+7.360000E-06,+3.216080429977E+00
+7.368000E-06,+3.216080427170E+00
+7.376000E-06,+3.216080427170E+00
+7.384000E-06,+3.216080427170E+00
+7.392000E-06,+3.216080427170E+00
+7.400000E-06,+3.216080427170E+00
+7.408000E-06,+3.216080427170E+00
+7.416000E-06,+3.216080427170E+00
+7.424000E-06,+3.216080427170E+00
+7.432000E-06,+3.216080427170E+00
+7.440000E-06,+3.216080427170E+00
+7.448000E-06,+3.216080427170E+00
+7.456000E-06,+3.015075403279E+00
+7.464000E-06,+3.216080424363E+00
+7.472000E-06,+3.015075403279E+00
+7.480000E-06,+3.216080424363E+00
+7.488000E-06,+3.216080427170E+00
+7.496000E-06,+3.015075403279E+00
+7.504000E-06,+3.216080424363E+00
+7.512000E-06,+3.015075403279E+00
+7.520000E-06,+3.015075400472E+00
+7.528000E-06,+3.015075400472E+00
+7.536000E-06,+3.015075400472E+00
+7.544000E-06,+3.015075400472E+00
+7.552000E-06,+3.216080424363E+00
+7.560000E-06,+3.015075403279E+00
+7.568000E-06,+3.015075400472E+00
+7.576000E-06,+3.015075400472E+00
+7.584000E-06,+3.015075400472E+00
+7.592000E-06,+3.015075400472E+00
+7.600000E-06,+3.015075400472E+00
+7.608000E-06,+3.015075400472E+00
+7.616000E-06,+3.015075400472E+00
+7.624000E-06,+3.015075400472E+00
+7.632000E-06,+3.015075400472E+00
+7.640000E-06,+3.015075400472E+00
+7.648000E-06,+3.015075400472E+00
+7.656000E-06,+3.015075400472E+00
+7.664000E-06,+2.814070376581E+00
+7.672000E-06,+2.814070373774E+00
+7.680000E-06,+2.814070373774E+00
+7.688000E-06,+3.015075397664E+00
+7.696000E-06,+3.015075400472E+00
+7.704000E-06,+2.814070376581E+00
+7.712000E-06,+2.814070373774E+00
+7.720000E-06,+2.814070373774E+00
+7.728000E-06,+2.814070373774E+00
+7.736000E-06,+2.814070373774E+00
+7.744000E-06,+2.814070373774E+00
+7.752000E-06,+2.814070373774E+00
+7.760000E-06,+2.814070373774E+00
+7.768000E-06,+2.814070373774E+00
+7.776000E-06,+3.015075397664E+00
+7.784000E-06,+2.814070376581E+00
+7.792000E-06,+2.814070373774E+00
+7.800000E-06,+2.814070373774E+00
+7.808000E-06,+2.814070373774E+00
+7.816000E-06,+2.814070373774E+00
+7.824000E-06,+2.814070373774E+00
+7.832000E-06,+2.814070373774E+00
+7.840000E-06,+2.613065349883E+00
+7.848000E-06,+2.613065347075E+00
+7.856000E-06,+2.814070370967E+00
+7.864000E-06,+2.613065349882E+00
+7.872000E-06,+2.613065347075E+00
+7.880000E-06,+2.814070370967E+00
+7.888000E-06,+2.613065349882E+00
+7.896000E-06,+2.814070370967E+00
+7.904000E-06,+2.613065349882E+00
+7.912000E-06,+2.814070370967E+00
+7.920000E-06,+2.613065349882E+00
+7.928000E-06,+2.613065347075E+00
+7.936000E-06,+2.613065347075E+00
+7.944000E-06,+2.613065347075E+00
+7.952000E-06,+2.613065347075E+00
+7.960000E-06,+2.613065347075E+00
+7.968000E-06,+2.613065347075E+00
+7.976000E-06,+2.613065347075E+00
+7.984000E-06,+2.613065347075E+00
+7.992000E-06,+2.412060323184E+00
+8.000000E-06,+2.613065344269E+00
+8.008000E-06,+2.613065347075E+00
+8.016000E-06,+2.412060323184E+00
+8.024000E-06,+2.412060320377E+00
+8.032000E-06,+2.613065344269E+00
+8.040000E-06,+2.412060323184E+00
+8.048000E-06,+2.613065344269E+00
+8.056000E-06,+2.412060323184E+00
+8.064000E-06,+2.412060320377E+00
+8.072000E-06,+2.412060320377E+00
+8.080000E-06,+2.412060320377E+00
+8.088000E-06,+2.412060320377E+00
+8.096000E-06,+2.613065344269E+00
+8.104000E-06,+2.412060323184E+00
+8.112000E-06,+2.412060320377E+00
+8.120000E-06,+2.412060320377E+00
+8.128000E-06,+2.412060320377E+00
+8.136000E-06,+2.412060320377E+00
+8.144000E-06,+2.412060320377E+00
+8.152000E-06,+2.412060320377E+00
+8.160000E-06,+2.211055296486E+00
+8.168000E-06,+2.412060317571E+00
+8.176000E-06,+2.412060320377E+00
+8.184000E-06,+2.412060320377E+00
+8.192000E-06,+2.211055296486E+00
+8.200000E-06,+2.412060317571E+00
+8.208000E-06,+2.412060320377E+00
+8.216000E-06,+2.211055296486E+00
+8.224000E-06,+2.211055293679E+00
+8.232000E-06,+2.211055293679E+00
+8.240000E-06,+2.211055293679E+00
+8.248000E-06,+2.211055293679E+00
+8.256000E-06,+2.211055293679E+00
+8.264000E-06,+2.211055293679E+00
+8.272000E-06,+2.412060317572E+00
+8.280000E-06,+2.211055296485E+00
+8.288000E-06,+2.211055293679E+00
+8.296000E-06,+2.211055293679E+00
+8.304000E-06,+2.211055293679E+00
+8.312000E-06,+2.211055293679E+00
+8.320000E-06,+2.211055293679E+00
+8.328000E-06,+2.010050269787E+00
+8.336000E-06,+2.211055290873E+00
+8.344000E-06,+2.010050269787E+00
+8.352000E-06,+2.211055290873E+00
+8.360000E-06,+2.010050269787E+00
+8.368000E-06,+2.211055290873E+00
+8.376000E-06,+2.211055293679E+00
+8.384000E-06,+2.211055293679E+00
+8.392000E-06,+2.211055293679E+00
+8.400000E-06,+2.010050269787E+00
+8.408000E-06,+2.010050266981E+00
+8.416000E-06,+2.010050266981E+00
+8.424000E-06,+2.010050266981E+00
+8.432000E-06,+2.010050266981E+00
+8.440000E-06,+2.010050266981E+00
+8.448000E-06,+2.010050266981E+00
+8.456000E-06,+2.010050266981E+00
+8.464000E-06,+2.010050266981E+00
+8.472000E-06,+2.010050266981E+00
+8.480000E-06,+2.010050266981E+00
+8.488000E-06,+1.809045243089E+00
+8.496000E-06,+2.010050264175E+00
+8.504000E-06,+1.809045243089E+00
+8.512000E-06,+2.010050264175E+00
+8.520000E-06,+1.809045243089E+00
+8.528000E-06,+1.809045240283E+00
+8.536000E-06,+1.809045240283E+00
+8.544000E-06,+2.010050264175E+00
+8.552000E-06,+1.809045243089E+00
+8.560000E-06,+1.809045240283E+00
+8.568000E-06,+1.809045240283E+00
+8.576000E-06,+1.809045240283E+00
+8.584000E-06,+1.809045240283E+00
+8.592000E-06,+1.809045240283E+00
+8.600000E-06,+1.809045240283E+00
+8.608000E-06,+1.809045240283E+00
+8.616000E-06,+1.809045240283E+00
+8.624000E-06,+1.608040216390E+00
+8.632000E-06,+1.809045237478E+00
+8.640000E-06,+1.809045240283E+00
+8.648000E-06,+1.608040216390E+00
+8.656000E-06,+1.809045237478E+00
+8.664000E-06,+1.608040216390E+00
+8.672000E-06,+1.608040213585E+00
+8.680000E-06,+1.809045237478E+00
+8.688000E-06,+1.608040216390E+00
+8.696000E-06,+1.608040213585E+00
+8.704000E-06,+1.608040213585E+00
+8.712000E-06,+1.809045237478E+00
+8.720000E-06,+1.608040216390E+00
+8.728000E-06,+1.608040213585E+00
+8.736000E-06,+1.608040213585E+00
+8.744000E-06,+1.407035189692E+00
+8.752000E-06,+1.608040210780E+00
+8.760000E-06,+1.608040213585E+00
+8.768000E-06,+1.608040213585E+00
+8.776000E-06,+1.608040213585E+00
+8.784000E-06,+1.608040213585E+00
+8.792000E-06,+1.608040213585E+00
+8.800000E-06,+1.608040213585E+00
+8.808000E-06,+1.608040213585E+00
+8.816000E-06,+1.407035189692E+00
+8.824000E-06,+1.407035186887E+00
+8.832000E-06,+1.407035186887E+00
+8.840000E-06,+1.407035186887E+00
+8.848000E-06,+1.608040210780E+00
+8.856000E-06,+1.608040213585E+00
+8.864000E-06,+1.407035189692E+00
+8.872000E-06,+1.407035186887E+00
+8.880000E-06,+1.407035186887E+00
+8.888000E-06,+1.407035186887E+00
+8.896000E-06,+1.407035186887E+00
+8.904000E-06,+1.407035186887E+00
+8.912000E-06,+1.407035186887E+00
+8.920000E-06,+1.407035186887E+00
+8.928000E-06,+1.407035186887E+00
+8.936000E-06,+1.407035186887E+00
+8.944000E-06,+1.407035186887E+00
+8.952000E-06,+1.407035186887E+00
+8.960000E-06,+1.206030162994E+00
+8.968000E-06,+1.206030160189E+00
+8.976000E-06,+1.206030160189E+00
+8.984000E-06,+1.206030160189E+00
+8.992000E-06,+1.206030160189E+00
+9.000000E-06,+1.206030160189E+00
+9.008000E-06,+1.206030160189E+00
+9.016000E-06,+1.206030160189E+00
+9.024000E-06,+1.206030160189E+00
+9.032000E-06,+1.005025136295E+00
+9.040000E-06,+1.206030157384E+00
+9.048000E-06,+1.206030160189E+00
+9.056000E-06,+1.206030160189E+00
+9.064000E-06,+1.005025136295E+00
+9.072000E-06,+1.206030157384E+00
+9.080000E-06,+1.206030160189E+00
+9.088000E-06,+1.005025136295E+00
+9.096000E-06,+1.206030157384E+00
+9.104000E-06,+1.005025136295E+00
+9.112000E-06,+1.206030157384E+00
+9.120000E-06,+1.206030160189E+00
+9.128000E-06,+1.005025136295E+00
+9.136000E-06,+1.005025133491E+00
+9.144000E-06,+1.005025133491E+00
+9.152000E-06,+1.005025133491E+00
+9.160000E-06,+1.005025133491E+00
+9.168000E-06,+1.005025133491E+00
+9.176000E-06,+1.005025133491E+00
+9.184000E-06,+1.005025133491E+00
+9.192000E-06,+1.005025133491E+00
+9.200000E-06,+1.005025133491E+00
+9.208000E-06,+1.005025133491E+00
+9.216000E-06,+1.005025133491E+00
+9.224000E-06,+1.005025133491E+00
+9.232000E-06,+804.020109597E-03
+9.240000E-06,+1.005025130686E+00
+9.248000E-06,+804.020109597E-03
+9.256000E-06,+804.020106792E-03
+9.264000E-06,+804.020106792E-03
+9.272000E-06,+1.005025130686E+00
+9.280000E-06,+804.020109597E-03
+9.288000E-06,+804.020106792E-03
+9.296000E-06,+1.005025130686E+00
+9.304000E-06,+804.020109597E-03
+9.312000E-06,+804.020106792E-03
+9.320000E-06,+804.020106792E-03
+9.328000E-06,+804.020106792E-03
+9.336000E-06,+804.020106792E-03
+9.344000E-06,+804.020106792E-03
+9.352000E-06,+804.020106792E-03
+9.360000E-06,+804.020106792E-03
+9.368000E-06,+804.020106792E-03
+9.376000E-06,+804.020106792E-03
+9.384000E-06,+603.015082899E-03
+9.392000E-06,+804.020103989E-03
+9.400000E-06,+603.015082898E-03
+9.408000E-06,+804.020103989E-03
+9.416000E-06,+603.015082898E-03
+9.424000E-06,+603.015080094E-03
+9.432000E-06,+603.015080094E-03
+9.440000E-06,+804.020103989E-03
+9.448000E-06,+603.015082898E-03
+9.456000E-06,+603.015080094E-03
+9.464000E-06,+603.015080094E-03
+9.472000E-06,+603.015080094E-03
+9.480000E-06,+402.010056200E-03
+9.488000E-06,+603.015077291E-03
+9.496000E-06,+603.015080094E-03
+9.504000E-06,+603.015080094E-03
+9.512000E-06,+603.015080094E-03
+9.520000E-06,+603.015080094E-03
+9.528000E-06,+402.010056200E-03
+9.536000E-06,+402.010053396E-03
+9.544000E-06,+603.015077291E-03
+9.552000E-06,+603.015080094E-03
+9.560000E-06,+603.015080094E-03
+9.568000E-06,+402.010056200E-03
+9.576000E-06,+402.010053396E-03
+9.584000E-06,+402.010053396E-03
+9.592000E-06,+402.010053396E-03
+9.600000E-06,+603.015077291E-03
+9.608000E-06,+402.010056200E-03
+9.616000E-06,+402.010053396E-03
+9.624000E-06,+402.010053396E-03
+9.632000E-06,+402.010053396E-03
+9.640000E-06,+402.010053396E-03
+9.648000E-06,+402.010053396E-03
+9.656000E-06,+402.010053396E-03
+9.664000E-06,+402.010053396E-03
+9.672000E-06,+402.010053396E-03
+9.680000E-06,+402.010053396E-03
+9.688000E-06,+201.005029502E-03
+9.696000E-06,+201.005026698E-03
+9.704000E-06,+402.010050593E-03
+9.712000E-06,+201.005029502E-03
+9.720000E-06,+201.005026698E-03
+9.728000E-06,+201.005026698E-03
+9.736000E-06,+201.005026698E-03
+9.744000E-06,+201.005026698E-03
+9.752000E-06,+201.005026698E-03
+9.760000E-06,+201.005026698E-03
+9.768000E-06,+201.005026698E-03
+9.776000E-06,+201.005026698E-03
+9.784000E-06,+201.005026698E-03
+9.792000E-06,+201.005026698E-03
+9.800000E-06,+201.005026698E-03
+9.808000E-06,+201.005026698E-03
+9.816000E-06,+2.803E-09
+9.824000E-06,+201.005023895E-03
+9.832000E-06,+201.005026698E-03
+9.840000E-06,+201.005026698E-03
+9.848000E-06,+201.005026698E-03
+9.856000E-06,+201.005026698E-03
+9.864000E-06,+201.005026698E-03
+9.872000E-06,+2.803E-09
+9.880000E-06,+0.0E+00
+9.888000E-06,+0.0E+00
+9.896000E-06,+0.0E+00
+9.904000E-06,+0.0E+00
+9.912000E-06,-201.005023895E-03
+9.920000E-06,-2.803E-09
+9.928000E-06,+0.0E+00
+9.936000E-06,-201.005023895E-03
+9.944000E-06,-201.005026698E-03
+9.952000E-06,-201.005026698E-03
+9.960000E-06,-201.005026698E-03
+9.968000E-06,-2.803E-09
+9.976000E-06,+0.0E+00
+9.984000E-06,-201.005023895E-03
+9.992000E-06,-201.005026698E-03
+10.000000E-06,-201.005026698E-03
+10.008000E-06,-201.005026698E-03
+10.016000E-06,-201.005026698E-03
+10.024000E-06,-201.005026698E-03
+10.032000E-06,-201.005026698E-03
+10.040000E-06,-201.005026698E-03
+10.048000E-06,-201.005026698E-03
+10.056000E-06,-402.010050593E-03
+10.064000E-06,-201.005029501E-03
+10.072000E-06,-402.010050593E-03
+10.080000E-06,-201.005029501E-03
+10.088000E-06,-402.010050593E-03
+10.096000E-06,-201.005029501E-03
+10.104000E-06,-402.010050593E-03
+10.112000E-06,-402.010053396E-03
+10.120000E-06,-201.005029501E-03
+10.128000E-06,-201.005026698E-03
+10.136000E-06,-402.010050593E-03
+10.144000E-06,-402.010053396E-03
+10.152000E-06,-402.010053396E-03
+10.160000E-06,-402.010053396E-03
+10.168000E-06,-402.010053396E-03
+10.176000E-06,-402.010053396E-03
+10.184000E-06,-402.010053396E-03
+10.192000E-06,-201.005029500E-03
+10.200000E-06,-402.010050594E-03
+10.208000E-06,-402.010053396E-03
+10.216000E-06,-402.010053396E-03
+10.224000E-06,-402.010053396E-03
+10.232000E-06,-402.010053396E-03
+10.240000E-06,-603.015077292E-03
+10.248000E-06,-402.010056198E-03
+10.256000E-06,-603.015077292E-03
+10.264000E-06,-402.010056198E-03
+10.272000E-06,-603.015077292E-03
+10.280000E-06,-603.015080094E-03
+10.288000E-06,-603.015080094E-03
+10.296000E-06,-603.015080094E-03
+10.304000E-06,-603.015080094E-03
+10.312000E-06,-603.015080094E-03
+10.320000E-06,-402.010056198E-03
+10.328000E-06,-603.015077292E-03
+10.336000E-06,-603.015080094E-03
+10.344000E-06,-603.015080094E-03
+10.352000E-06,-603.015080094E-03
+10.360000E-06,-804.020103990E-03
+10.368000E-06,-603.015082896E-03
+10.376000E-06,-804.020103990E-03
+10.384000E-06,-603.015082896E-03
+10.392000E-06,-603.015080094E-03
+10.400000E-06,-603.015080094E-03
+10.408000E-06,-804.020103990E-03
+10.416000E-06,-603.015082896E-03
+10.424000E-06,-603.015080094E-03
+10.432000E-06,-603.015080094E-03
+10.440000E-06,-804.020103990E-03
+10.448000E-06,-804.020106792E-03
+10.456000E-06,-804.020106792E-03
+10.464000E-06,-804.020106792E-03
+10.472000E-06,-804.020106792E-03
+10.480000E-06,-804.020106792E-03
+10.488000E-06,-804.020106792E-03
+10.496000E-06,-804.020106792E-03
+10.504000E-06,-804.020106792E-03
+10.512000E-06,-804.020106792E-03
+10.520000E-06,-804.020106792E-03
+10.528000E-06,-804.020106792E-03
+10.536000E-06,-804.020106792E-03
+10.544000E-06,-1.005025130688E+00
+10.552000E-06,-1.005025133491E+00
+10.560000E-06,-804.020109595E-03
+10.568000E-06,-804.020106792E-03
+10.576000E-06,-1.005025130689E+00
+10.584000E-06,-1.005025133491E+00
+10.592000E-06,-1.005025133491E+00
+10.600000E-06,-1.005025133491E+00
+10.608000E-06,-1.005025133491E+00
+10.616000E-06,-1.005025133491E+00
+10.624000E-06,-1.005025133491E+00
+10.632000E-06,-1.005025133491E+00
+10.640000E-06,-1.005025133491E+00
+10.648000E-06,-1.005025133491E+00
+10.656000E-06,-1.005025133491E+00
+10.664000E-06,-1.206030157387E+00
+10.672000E-06,-1.005025136292E+00
+10.680000E-06,-1.206030157387E+00
+10.688000E-06,-1.206030160189E+00
+10.696000E-06,-1.005025136292E+00
+10.704000E-06,-1.206030157387E+00
+10.712000E-06,-1.005025136292E+00
+10.720000E-06,-1.206030157387E+00
+10.728000E-06,-1.206030160189E+00
+10.736000E-06,-1.206030160189E+00
+10.744000E-06,-1.206030160189E+00
+10.752000E-06,-1.206030160189E+00
+10.760000E-06,-1.206030160189E+00
+10.768000E-06,-1.206030160189E+00
+10.776000E-06,-1.206030160189E+00
+10.784000E-06,-1.206030160189E+00
+10.792000E-06,-1.206030160189E+00
+10.800000E-06,-1.407035184085E+00
+10.808000E-06,-1.407035186887E+00
+10.816000E-06,-1.206030162990E+00
+10.824000E-06,-1.206030160189E+00
+10.832000E-06,-1.206030160189E+00
+10.840000E-06,-1.407035184085E+00
+10.848000E-06,-1.206030162990E+00
+10.856000E-06,-1.206030160189E+00
+10.864000E-06,-1.407035184085E+00
+10.872000E-06,-1.407035186887E+00
+10.880000E-06,-1.206030162990E+00
+10.888000E-06,-1.407035184085E+00
+10.896000E-06,-1.407035186887E+00
+10.904000E-06,-1.206030162990E+00
+10.912000E-06,-1.407035184085E+00
+10.920000E-06,-1.407035186887E+00
+10.928000E-06,-1.407035186887E+00
+10.936000E-06,-1.407035186887E+00
+10.944000E-06,-1.407035186887E+00
+10.952000E-06,-1.407035186887E+00
+10.960000E-06,-1.407035186887E+00
+10.968000E-06,-1.407035186887E+00
+10.976000E-06,-1.608040210784E+00
+10.984000E-06,-1.608040213585E+00
+10.992000E-06,-1.407035189687E+00
+11.000000E-06,-1.407035186887E+00
+11.008000E-06,-1.407035186887E+00
+11.016000E-06,-1.608040210784E+00
+11.024000E-06,-1.608040213585E+00
+11.032000E-06,-1.608040213585E+00
+11.040000E-06,-1.608040213585E+00
+11.048000E-06,-1.608040213585E+00
+11.056000E-06,-1.608040213585E+00
+11.064000E-06,-1.608040213585E+00
+11.072000E-06,-1.608040213585E+00
+11.080000E-06,-1.608040213585E+00
+11.088000E-06,-1.608040213585E+00
+11.096000E-06,-1.608040213585E+00
+11.104000E-06,-1.608040213585E+00
+11.112000E-06,-1.608040213585E+00
+11.120000E-06,-1.608040213585E+00
+11.128000E-06,-1.809045237482E+00
+11.136000E-06,-1.608040216386E+00
+11.144000E-06,-1.608040213585E+00
+11.152000E-06,-1.608040213585E+00
+11.160000E-06,-1.608040213585E+00
+11.168000E-06,-1.608040213585E+00
+11.176000E-06,-1.608040213585E+00
+11.184000E-06,-1.809045237482E+00
+11.192000E-06,-1.608040216386E+00
+11.200000E-06,-1.809045237482E+00
+11.208000E-06,-1.809045240283E+00
+11.216000E-06,-1.809045240283E+00
+11.224000E-06,-1.809045240283E+00
+11.232000E-06,-1.809045240283E+00
+11.240000E-06,-1.809045240283E+00
+11.248000E-06,-1.809045240283E+00
+11.256000E-06,-1.809045240283E+00
+11.264000E-06,-1.809045240283E+00
+11.272000E-06,-1.809045240283E+00
+11.280000E-06,-2.010050264180E+00
+11.288000E-06,-1.809045243084E+00
+11.296000E-06,-2.010050264180E+00
+11.304000E-06,-2.010050266981E+00
+11.312000E-06,-2.010050266981E+00
+11.320000E-06,-1.809045243084E+00
+11.328000E-06,-1.809045240283E+00
+11.336000E-06,-2.010050264180E+00
+11.344000E-06,-2.010050266981E+00
+11.352000E-06,-2.010050266981E+00
+11.360000E-06,-2.010050266981E+00
+11.368000E-06,-1.809045243083E+00
+11.376000E-06,-2.010050264181E+00
+11.384000E-06,-2.010050266981E+00
+11.392000E-06,-2.010050266981E+00
+11.400000E-06,-2.010050266981E+00
+11.408000E-06,-2.010050266981E+00
+11.416000E-06,-2.010050266981E+00
+11.424000E-06,-2.010050266981E+00
+11.432000E-06,-2.010050266981E+00
+11.440000E-06,-2.010050266981E+00
+11.448000E-06,-2.010050266981E+00
+11.456000E-06,-2.010050266981E+00
+11.464000E-06,-2.010050266981E+00
+11.472000E-06,-2.211055290879E+00
+11.480000E-06,-2.211055293679E+00
+11.488000E-06,-2.010050269781E+00
+11.496000E-06,-2.010050266981E+00
+11.504000E-06,-2.010050266981E+00
+11.512000E-06,-2.211055290879E+00
+11.520000E-06,-2.211055293679E+00
+11.528000E-06,-2.010050269781E+00
+11.536000E-06,-2.010050266981E+00
+11.544000E-06,-2.211055290879E+00
+11.552000E-06,-2.211055293679E+00
+11.560000E-06,-2.211055293679E+00
+11.568000E-06,-2.211055293679E+00
+11.576000E-06,-2.211055293679E+00
+11.584000E-06,-2.010050269781E+00
+11.592000E-06,-2.211055290879E+00
+11.600000E-06,-2.211055293679E+00
+11.608000E-06,-2.211055293679E+00
+11.616000E-06,-2.211055293679E+00
+11.624000E-06,-2.211055293679E+00
+11.632000E-06,-2.211055293679E+00
+11.640000E-06,-2.211055293679E+00
+11.648000E-06,-2.412060317577E+00
+11.656000E-06,-2.211055296479E+00
+11.664000E-06,-2.211055293679E+00
+11.672000E-06,-2.211055293679E+00
+11.680000E-06,-2.412060317577E+00
+11.688000E-06,-2.412060320377E+00
+11.696000E-06,-2.412060320377E+00
+11.704000E-06,-2.412060320377E+00
+11.712000E-06,-2.412060320377E+00
+11.720000E-06,-2.412060320377E+00
+11.728000E-06,-2.412060320377E+00
+11.736000E-06,-2.412060320377E+00
+11.744000E-06,-2.412060320377E+00
+11.752000E-06,-2.412060320377E+00
+11.760000E-06,-2.412060320377E+00
+11.768000E-06,-2.412060320377E+00
+11.776000E-06,-2.412060320377E+00
+11.784000E-06,-2.412060320377E+00
+11.792000E-06,-2.412060320377E+00
+11.800000E-06,-2.412060320377E+00
+11.808000E-06,-2.412060320377E+00
+11.816000E-06,-2.412060320377E+00
+11.824000E-06,-2.412060320377E+00
+11.832000E-06,-2.613065344276E+00
+11.840000E-06,-2.412060323177E+00
+11.848000E-06,-2.412060320377E+00
+11.856000E-06,-2.613065344276E+00
+11.864000E-06,-2.613065347075E+00
+11.872000E-06,-2.613065347075E+00
+11.880000E-06,-2.412060323177E+00
+11.888000E-06,-2.613065344276E+00
+11.896000E-06,-2.613065347075E+00
+11.904000E-06,-2.613065347075E+00
+11.912000E-06,-2.613065347075E+00
+11.920000E-06,-2.613065347075E+00
+11.928000E-06,-2.613065347075E+00
+11.936000E-06,-2.613065347075E+00
+11.944000E-06,-2.613065347075E+00
+11.952000E-06,-2.613065347075E+00
+11.960000E-06,-2.613065347075E+00
+11.968000E-06,-2.613065347075E+00
+11.976000E-06,-2.613065347075E+00
+11.984000E-06,-2.814070370974E+00
+11.992000E-06,-2.613065349875E+00
+12.000000E-06,-2.613065347075E+00
+12.008000E-06,-2.613065347075E+00
+12.016000E-06,-2.613065347075E+00
+12.024000E-06,-2.613065347075E+00
+12.032000E-06,-2.613065347075E+00
+12.040000E-06,-2.613065347075E+00
+12.048000E-06,-2.613065347075E+00
+12.056000E-06,-2.613065347075E+00
+12.064000E-06,-2.814070370974E+00
+12.072000E-06,-2.613065349875E+00
+12.080000E-06,-2.814070370974E+00
+12.088000E-06,-2.613065349875E+00
+12.096000E-06,-2.613065347075E+00
+12.104000E-06,-2.613065347075E+00
+12.112000E-06,-2.613065347075E+00
+12.120000E-06,-2.613065347075E+00
+12.128000E-06,-2.613065347075E+00
+12.136000E-06,-2.814070370975E+00
+12.144000E-06,-2.814070373774E+00
+12.152000E-06,-2.613065349875E+00
+12.160000E-06,-2.814070370974E+00
+12.168000E-06,-2.814070373774E+00
+12.176000E-06,-2.814070373774E+00
+12.184000E-06,-2.613065349875E+00
+12.192000E-06,-2.814070370974E+00
+12.200000E-06,-2.814070373774E+00
+12.208000E-06,-2.814070373774E+00
+12.216000E-06,-2.814070373774E+00
+12.224000E-06,-2.814070373774E+00
+12.232000E-06,-2.814070373774E+00
+12.240000E-06,-2.814070373774E+00
+12.248000E-06,-2.814070373774E+00
+12.256000E-06,-3.015075397672E+00
+12.264000E-06,-2.814070376573E+00
+12.272000E-06,-2.814070373774E+00
+12.280000E-06,-2.814070373774E+00
+12.288000E-06,-2.814070373774E+00
+12.296000E-06,-2.814070373774E+00
+12.304000E-06,-2.814070373774E+00
+12.312000E-06,-3.015075397672E+00
+12.320000E-06,-2.814070376571E+00
+12.328000E-06,-2.814070373774E+00
+12.336000E-06,-2.814070373774E+00
+12.344000E-06,-2.814070373774E+00
+12.352000E-06,-3.015075397674E+00
+12.360000E-06,-2.814070376571E+00
+12.368000E-06,-3.015075397674E+00
+12.376000E-06,-3.216080424372E+00
+12.384000E-06,-3.015075403269E+00
+12.392000E-06,-3.015075400472E+00
+12.400000E-06,-2.814070376571E+00
+12.408000E-06,-3.015075397674E+00
+12.416000E-06,-3.015075400472E+00
+12.424000E-06,-3.015075400472E+00
+12.432000E-06,-3.015075400472E+00
+12.440000E-06,-2.814070376571E+00
+12.448000E-06,-3.015075397674E+00
+12.456000E-06,-3.015075400472E+00
+12.464000E-06,-3.015075400472E+00
+12.472000E-06,-3.015075400472E+00
+12.480000E-06,-3.015075400472E+00
+12.488000E-06,-3.216080424372E+00
+12.496000E-06,-3.015075403269E+00
+12.504000E-06,-3.015075400472E+00
+12.512000E-06,-3.015075400472E+00
+12.520000E-06,-3.015075400472E+00
+12.528000E-06,-3.015075400472E+00
+12.536000E-06,-3.216080424372E+00
+12.544000E-06,-3.015075403269E+00
+12.552000E-06,-3.015075400472E+00
+12.560000E-06,-3.015075400472E+00
+12.568000E-06,-3.015075400472E+00
+12.576000E-06,-3.015075400472E+00
+12.584000E-06,-3.015075400472E+00
+12.592000E-06,-3.015075400472E+00
+12.600000E-06,-3.015075400472E+00
+12.608000E-06,-3.216080424372E+00
+12.616000E-06,-3.216080427170E+00
+12.624000E-06,-3.015075403269E+00
+12.632000E-06,-3.216080424372E+00
+12.640000E-06,-3.216080427170E+00
+12.648000E-06,-3.216080427170E+00
+12.656000E-06,-3.216080427170E+00
+12.664000E-06,-3.015075403269E+00
+12.672000E-06,-3.015075400472E+00
+12.680000E-06,-3.216080424372E+00
+12.688000E-06,-3.216080427170E+00
+12.696000E-06,-3.216080427170E+00
+12.704000E-06,-3.216080427170E+00
+12.712000E-06,-3.216080427170E+00
+12.720000E-06,-3.015075403269E+00
+12.728000E-06,-3.216080424372E+00
+12.736000E-06,-3.417085451070E+00
+12.744000E-06,-3.216080429968E+00
+12.752000E-06,-3.216080427170E+00
+12.760000E-06,-3.216080427170E+00
+12.768000E-06,-3.216080427170E+00
+12.776000E-06,-3.216080427170E+00
+12.784000E-06,-3.216080427170E+00
+12.792000E-06,-3.216080427170E+00
+12.800000E-06,-3.216080427170E+00
+12.808000E-06,-3.216080427170E+00
+12.816000E-06,-3.216080427170E+00
+12.824000E-06,-3.216080427170E+00
+12.832000E-06,-3.216080427170E+00
+12.840000E-06,-3.216080427170E+00
+12.848000E-06,-3.417085451070E+00
+12.856000E-06,-3.216080429968E+00
+12.864000E-06,-3.216080427170E+00
+12.872000E-06,-3.216080427170E+00
+12.880000E-06,-3.216080427170E+00
+12.888000E-06,-3.216080427170E+00
+12.896000E-06,-3.216080427170E+00
+12.904000E-06,-3.216080427170E+00
+12.912000E-06,-3.216080427170E+00
+12.920000E-06,-3.216080427170E+00
+12.928000E-06,-3.417085451070E+00
+12.936000E-06,-3.216080429968E+00
+12.944000E-06,-3.216080427170E+00
+12.952000E-06,-3.216080427170E+00
+12.960000E-06,-3.216080427170E+00
+12.968000E-06,-3.417085451070E+00
+12.976000E-06,-3.216080429968E+00
+12.984000E-06,-3.216080427170E+00
+12.992000E-06,-3.216080427170E+00
+13.000000E-06,-3.216080427170E+00
+13.008000E-06,-3.216080427170E+00
+13.016000E-06,-3.216080427170E+00
+13.024000E-06,-3.417085451070E+00
+13.032000E-06,-3.417085453868E+00
+13.040000E-06,-3.417085453868E+00
+13.048000E-06,-3.216080429968E+00
+13.056000E-06,-3.417085451070E+00
+13.064000E-06,-3.417085453868E+00
+13.072000E-06,-3.417085453868E+00
+13.080000E-06,-3.417085453868E+00
+13.088000E-06,-3.216080429966E+00
+13.096000E-06,-3.417085451072E+00
+13.104000E-06,-3.417085453868E+00
+13.112000E-06,-3.417085453868E+00
+13.120000E-06,-3.417085453868E+00
+13.128000E-06,-3.417085453868E+00
+13.136000E-06,-3.216080429966E+00
+13.144000E-06,-3.417085451072E+00
+13.152000E-06,-3.216080429966E+00
+13.160000E-06,-3.417085451072E+00
+13.168000E-06,-3.417085453868E+00
+13.176000E-06,-3.417085453868E+00
+13.184000E-06,-3.417085453868E+00
+13.192000E-06,-3.417085453868E+00
+13.200000E-06,-3.417085453868E+00
+13.208000E-06,-3.417085453868E+00
+13.216000E-06,-3.417085453868E+00
+13.224000E-06,-3.417085453868E+00
+13.232000E-06,-3.417085453868E+00
+13.240000E-06,-3.216080429966E+00
+13.248000E-06,-3.216080427170E+00
+13.256000E-06,-3.417085451072E+00
+13.264000E-06,-3.417085453868E+00
+13.272000E-06,-3.216080429966E+00
+13.280000E-06,-3.417085451072E+00
+13.288000E-06,-3.417085453868E+00
+13.296000E-06,-3.417085453868E+00
+13.304000E-06,-3.417085453868E+00
+13.312000E-06,-3.417085453868E+00
+13.320000E-06,-3.216080429966E+00
+13.328000E-06,-3.216080427170E+00
+13.336000E-06,-3.216080427170E+00
+13.344000E-06,-3.216080427170E+00
+13.352000E-06,-3.417085451072E+00
+13.360000E-06,-3.417085453868E+00
+13.368000E-06,-3.417085453868E+00
+13.376000E-06,-3.417085453868E+00
+13.384000E-06,-3.417085453868E+00
+13.392000E-06,-3.417085453868E+00
+13.400000E-06,-3.417085453868E+00
+13.408000E-06,-3.417085453868E+00
+13.416000E-06,-3.417085453868E+00
+13.424000E-06,-3.417085453868E+00
+13.432000E-06,-3.417085453868E+00
+13.440000E-06,-3.417085453868E+00
+13.448000E-06,-3.417085453868E+00
+13.456000E-06,-3.417085453868E+00
+13.464000E-06,-3.417085453868E+00
+13.472000E-06,-3.417085453868E+00
+13.480000E-06,-3.417085453868E+00
+13.488000E-06,-3.417085453868E+00
+13.496000E-06,-3.417085453868E+00
+13.504000E-06,-3.618090477770E+00
+13.512000E-06,-3.417085456664E+00
+13.520000E-06,-3.417085453868E+00
+13.528000E-06,-3.417085453868E+00
+13.536000E-06,-3.417085453868E+00
+13.544000E-06,-3.417085453868E+00
+13.552000E-06,-3.417085453868E+00
+13.560000E-06,-3.417085453868E+00
+13.568000E-06,-3.417085453868E+00
+13.576000E-06,-3.417085453868E+00
+13.584000E-06,-3.417085453868E+00
+13.592000E-06,-3.216080429966E+00
+13.600000E-06,-3.417085451072E+00
+13.608000E-06,-3.417085453868E+00
+13.616000E-06,-3.417085453868E+00
+13.624000E-06,-3.417085453868E+00
+13.632000E-06,-3.216080429966E+00
+13.640000E-06,-3.417085451072E+00
+13.648000E-06,-3.417085453868E+00
+13.656000E-06,-3.216080429966E+00
+13.664000E-06,-3.216080427170E+00
+13.672000E-06,-3.417085451072E+00
+13.680000E-06,-3.216080429966E+00
+13.688000E-06,-3.216080427170E+00
+13.696000E-06,-3.417085451072E+00
+13.704000E-06,-3.417085453868E+00
+13.712000E-06,-3.417085453868E+00
+13.720000E-06,-3.417085453868E+00
+13.728000E-06,-3.417085453868E+00
+13.736000E-06,-3.417085453868E+00
+13.744000E-06,-3.216080429966E+00
+13.752000E-06,-3.216080427170E+00
+13.760000E-06,-3.417085451072E+00
+13.768000E-06,-3.417085453868E+00
+13.776000E-06,-3.216080429966E+00
+13.784000E-06,-3.417085451072E+00
+13.792000E-06,-3.618090477770E+00
+13.800000E-06,-3.417085456664E+00
+13.808000E-06,-3.417085453868E+00
+13.816000E-06,-3.216080429966E+00
+13.824000E-06,-3.417085451072E+00
+13.832000E-06,-3.417085453868E+00
+13.840000E-06,-3.216080429966E+00
+13.848000E-06,-3.417085451072E+00
+13.856000E-06,-3.417085453868E+00
+13.864000E-06,-3.417085453868E+00
+13.872000E-06,-3.216080429965E+00
+13.880000E-06,-3.417085451073E+00
+13.888000E-06,-3.216080429965E+00
+13.896000E-06,-3.216080427170E+00
+13.904000E-06,-3.417085451073E+00
+13.912000E-06,-3.216080429965E+00
+13.920000E-06,-3.417085451073E+00
+13.928000E-06,-3.216080429965E+00
+13.936000E-06,-3.216080427170E+00
+13.944000E-06,-3.417085451073E+00
+13.952000E-06,-3.417085453868E+00
+13.960000E-06,-3.216080429965E+00
+13.968000E-06,-3.417085451073E+00
+13.976000E-06,-3.216080429965E+00
+13.984000E-06,-3.216080427170E+00
+13.992000E-06,-3.417085451073E+00
+14.000000E-06,-3.216080429965E+00
+14.008000E-06,-3.216080427170E+00
+14.016000E-06,-3.417085451073E+00
+14.024000E-06,-3.216080429965E+00
+14.032000E-06,-3.417085451073E+00
+14.040000E-06,-3.216080429965E+00
+14.048000E-06,-3.216080427170E+00
+14.056000E-06,-3.216080427170E+00
+14.064000E-06,-3.216080427170E+00
+14.072000E-06,-3.216080427170E+00
+14.080000E-06,-3.216080427170E+00
+14.088000E-06,-3.417085451073E+00
+14.096000E-06,-3.216080429965E+00
+14.104000E-06,-3.216080427170E+00
+14.112000E-06,-3.216080427170E+00
+14.120000E-06,-3.216080427170E+00
+14.128000E-06,-3.417085451073E+00
+14.136000E-06,-3.417085453868E+00
+14.144000E-06,-3.216080429965E+00
+14.152000E-06,-3.216080427170E+00
+14.160000E-06,-3.216080427170E+00
+14.168000E-06,-3.216080427170E+00
+14.176000E-06,-3.216080427170E+00
+14.184000E-06,-3.216080427170E+00
+14.192000E-06,-3.216080427170E+00
+14.200000E-06,-3.216080427170E+00
+14.208000E-06,-3.216080427170E+00
+14.216000E-06,-3.216080427170E+00
+14.224000E-06,-3.216080427170E+00
+14.232000E-06,-3.216080427170E+00
+14.240000E-06,-3.216080427170E+00
+14.248000E-06,-3.216080427170E+00
+14.256000E-06,-3.216080427170E+00
+14.264000E-06,-3.216080427170E+00
+14.272000E-06,-3.216080427170E+00
+14.280000E-06,-3.216080427170E+00
+14.288000E-06,-3.216080427170E+00
+14.296000E-06,-3.015075403267E+00
+14.304000E-06,-3.216080424375E+00
+14.312000E-06,-3.216080427170E+00
+14.320000E-06,-3.216080427170E+00
+14.328000E-06,-3.015075403267E+00
+14.336000E-06,-3.015075400472E+00
+14.344000E-06,-3.216080424375E+00
+14.352000E-06,-3.216080427170E+00
+14.360000E-06,-3.015075403267E+00
+14.368000E-06,-3.015075400472E+00
+14.376000E-06,-3.216080424375E+00
+14.384000E-06,-3.216080427170E+00
+14.392000E-06,-3.216080427170E+00
+14.400000E-06,-3.015075403267E+00
+14.408000E-06,-3.216080424375E+00
+14.416000E-06,-3.015075403267E+00
+14.424000E-06,-3.015075400472E+00
+14.432000E-06,-3.015075400472E+00
+14.440000E-06,-3.015075400472E+00
+14.448000E-06,-3.015075400472E+00
+14.456000E-06,-3.015075400472E+00
+14.464000E-06,-3.015075400472E+00
+14.472000E-06,-3.015075400472E+00
+14.480000E-06,-3.015075400472E+00
+14.488000E-06,-3.015075400472E+00
+14.496000E-06,-3.015075400472E+00
+14.504000E-06,-3.015075400472E+00
+14.512000E-06,-3.015075400472E+00
+14.520000E-06,-3.015075400472E+00
+14.528000E-06,-3.015075400472E+00
+14.536000E-06,-3.015075400472E+00
+14.544000E-06,-3.015075400472E+00
+14.552000E-06,-3.015075400472E+00
+14.560000E-06,-3.015075400472E+00
+14.568000E-06,-3.015075400472E+00
+14.576000E-06,-3.015075400472E+00
+14.584000E-06,-3.015075400472E+00
+14.592000E-06,-3.015075400472E+00
+14.600000E-06,-2.814070376568E+00
+14.608000E-06,-3.015075397677E+00
+14.616000E-06,-3.015075400472E+00
+14.624000E-06,-3.015075400472E+00
+14.632000E-06,-2.814070376567E+00
+14.640000E-06,-3.015075397678E+00
+14.648000E-06,-3.015075400472E+00
+14.656000E-06,-3.015075400472E+00
+14.664000E-06,-2.814070376567E+00
+14.672000E-06,-2.814070373774E+00
+14.680000E-06,-3.015075397678E+00
+14.688000E-06,-2.814070376567E+00
+14.696000E-06,-2.814070373774E+00
+14.704000E-06,-3.015075397678E+00
+14.712000E-06,-2.814070376567E+00
+14.720000E-06,-2.613065349869E+00
+14.728000E-06,-2.814070370980E+00
+14.736000E-06,-2.814070373774E+00
+14.744000E-06,-2.814070373774E+00
+14.752000E-06,-2.814070373774E+00
+14.760000E-06,-2.814070373774E+00
+14.768000E-06,-2.613065349869E+00
+14.776000E-06,-2.613065347075E+00
+14.784000E-06,-2.613065347075E+00
+14.792000E-06,-2.814070370980E+00
+14.800000E-06,-2.814070373774E+00
+14.808000E-06,-2.814070373774E+00
+14.816000E-06,-2.814070373774E+00
+14.824000E-06,-2.814070373774E+00
+14.832000E-06,-2.613065349869E+00
+14.840000E-06,-2.814070370980E+00
+14.848000E-06,-2.613065349869E+00
+14.856000E-06,-2.613065347075E+00
+14.864000E-06,-2.613065347075E+00
+14.872000E-06,-2.613065347075E+00
+14.880000E-06,-2.613065347075E+00
+14.888000E-06,-2.613065347075E+00
+14.896000E-06,-2.613065347075E+00
+14.904000E-06,-2.613065347075E+00
+14.912000E-06,-2.613065347075E+00
+14.920000E-06,-2.814070370980E+00
+14.928000E-06,-2.613065349869E+00
+14.936000E-06,-2.613065347075E+00
+14.944000E-06,-2.613065347075E+00
+14.952000E-06,-2.613065347075E+00
+14.960000E-06,-2.613065347075E+00
+14.968000E-06,-2.613065347075E+00
+14.976000E-06,-2.613065347075E+00
+14.984000E-06,-2.613065347075E+00
+14.992000E-06,-2.412060323171E+00
+15.000000E-06,-2.613065344282E+00
+15.008000E-06,-2.613065347075E+00
+15.016000E-06,-2.613065347075E+00
+15.024000E-06,-2.412060323171E+00
+15.032000E-06,-2.412060320377E+00
+15.040000E-06,-2.412060320377E+00
+15.048000E-06,-2.412060320377E+00
+15.056000E-06,-2.412060320377E+00
+15.064000E-06,-2.412060320377E+00
+15.072000E-06,-2.412060320377E+00
+15.080000E-06,-2.412060320377E+00
+15.088000E-06,-2.613065344282E+00
+15.096000E-06,-2.412060323171E+00
+15.104000E-06,-2.412060320377E+00
+15.112000E-06,-2.412060320377E+00
+15.120000E-06,-2.211055296473E+00
+15.128000E-06,-2.412060317584E+00
+15.136000E-06,-2.412060320377E+00
+15.144000E-06,-2.412060320377E+00
+15.152000E-06,-2.412060320377E+00
+15.160000E-06,-2.412060320377E+00
+15.168000E-06,-2.412060320377E+00
+15.176000E-06,-2.412060320377E+00
+15.184000E-06,-2.412060320377E+00
+15.192000E-06,-2.412060320377E+00
+15.200000E-06,-2.211055296473E+00
+15.208000E-06,-2.412060317584E+00
+15.216000E-06,-2.211055296473E+00
+15.224000E-06,-2.211055293679E+00
+15.232000E-06,-2.211055293679E+00
+15.240000E-06,-2.211055293679E+00
+15.248000E-06,-2.211055293679E+00
+15.256000E-06,-2.211055293679E+00
+15.264000E-06,-2.211055293679E+00
+15.272000E-06,-2.211055293679E+00
+15.280000E-06,-2.211055293679E+00
+15.288000E-06,-2.010050269775E+00
+15.296000E-06,-2.211055290886E+00
+15.304000E-06,-2.211055293679E+00
+15.312000E-06,-2.211055293679E+00
+15.320000E-06,-2.010050269775E+00
+15.328000E-06,-2.010050266981E+00
+15.336000E-06,-2.211055290886E+00
+15.344000E-06,-2.010050269775E+00
+15.352000E-06,-2.010050266981E+00
+15.360000E-06,-2.010050266981E+00
+15.368000E-06,-2.010050266981E+00
+15.376000E-06,-2.010050266981E+00
+15.384000E-06,-2.010050266981E+00
+15.392000E-06,-2.010050266981E+00
+15.400000E-06,-2.010050266981E+00
+15.408000E-06,-2.010050266981E+00
+15.416000E-06,-2.010050266981E+00
+15.424000E-06,-2.010050266981E+00
+15.432000E-06,-2.010050266981E+00
+15.440000E-06,-1.809045243075E+00
+15.448000E-06,-2.010050264189E+00
+15.456000E-06,-1.809045243075E+00
+15.464000E-06,-2.010050264189E+00
+15.472000E-06,-1.809045243075E+00
+15.480000E-06,-1.809045240283E+00
+15.488000E-06,-1.809045240283E+00
+15.496000E-06,-1.809045240283E+00
+15.504000E-06,-1.809045240283E+00
+15.512000E-06,-1.809045240283E+00
+15.520000E-06,-1.809045240283E+00
+15.528000E-06,-1.809045240283E+00
+15.536000E-06,-1.809045240283E+00
+15.544000E-06,-1.809045240283E+00
+15.552000E-06,-1.809045240283E+00
+15.560000E-06,-1.809045240283E+00
+15.568000E-06,-1.608040216377E+00
+15.576000E-06,-1.809045237491E+00
+15.584000E-06,-1.608040216377E+00
+15.592000E-06,-1.809045237491E+00
+15.600000E-06,-1.809045240283E+00
+15.608000E-06,-1.809045240283E+00
+15.616000E-06,-1.608040216377E+00
+15.624000E-06,-1.809045237491E+00
+15.632000E-06,-1.608040216377E+00
+15.640000E-06,-1.608040213585E+00
+15.648000E-06,-1.608040213585E+00
+15.656000E-06,-1.608040213585E+00
+15.664000E-06,-1.407035189679E+00
+15.672000E-06,-1.608040210793E+00
+15.680000E-06,-1.608040213585E+00
+15.688000E-06,-1.608040213585E+00
+15.696000E-06,-1.608040213585E+00
+15.704000E-06,-1.407035189679E+00
+15.712000E-06,-1.407035186887E+00
+15.720000E-06,-1.407035186887E+00
+15.728000E-06,-1.407035186887E+00
+15.736000E-06,-1.407035186887E+00
+15.744000E-06,-1.407035186887E+00
+15.752000E-06,-1.407035186887E+00
+15.760000E-06,-1.407035186887E+00
+15.768000E-06,-1.407035186887E+00
+15.776000E-06,-1.407035186887E+00
+15.784000E-06,-1.407035186887E+00
+15.792000E-06,-1.407035186887E+00
+15.800000E-06,-1.407035186887E+00
+15.808000E-06,-1.206030162981E+00
+15.816000E-06,-1.407035184095E+00
+15.824000E-06,-1.206030162981E+00
+15.832000E-06,-1.206030160189E+00
+15.840000E-06,-1.407035184095E+00
+15.848000E-06,-1.206030162981E+00
+15.856000E-06,-1.206030160189E+00
+15.864000E-06,-1.206030160189E+00
+15.872000E-06,-1.206030160189E+00
+15.880000E-06,-1.206030160189E+00
+15.888000E-06,-1.206030160189E+00
+15.896000E-06,-1.206030160189E+00
+15.904000E-06,-1.206030160189E+00
+15.912000E-06,-1.206030160189E+00
+15.920000E-06,-1.005025136282E+00
+15.928000E-06,-1.005025133491E+00
+15.936000E-06,-1.206030157397E+00
+15.944000E-06,-1.005025136282E+00
+15.952000E-06,-1.005025133491E+00
+15.960000E-06,-1.005025133491E+00
+15.968000E-06,-1.005025133491E+00
+15.976000E-06,-1.005025133491E+00
+15.984000E-06,-1.005025133491E+00
+15.992000E-06,-1.005025133491E+00
+16.000000E-06,-1.005025133491E+00
+16.008000E-06,-1.005025133491E+00
+16.016000E-06,-1.005025133491E+00
+16.024000E-06,-1.005025133491E+00
+16.032000E-06,-1.005025133491E+00
+16.040000E-06,-1.005025133491E+00
+16.048000E-06,-804.020109584E-03
+16.056000E-06,-1.005025130699E+00
+16.064000E-06,-804.020109584E-03
+16.072000E-06,-804.020106792E-03
+16.080000E-06,-804.020106792E-03
+16.088000E-06,-804.020106792E-03
+16.096000E-06,-804.020106792E-03
+16.104000E-06,-804.020106792E-03
+16.112000E-06,-603.015082886E-03
+16.120000E-06,-804.020104001E-03
+16.128000E-06,-603.015082886E-03
+16.136000E-06,-804.020104001E-03
+16.144000E-06,-603.015082886E-03
+16.152000E-06,-603.015080094E-03
+16.160000E-06,-603.015080094E-03
+16.168000E-06,-603.015080094E-03
+16.176000E-06,-603.015080094E-03
+16.184000E-06,-603.015080094E-03
+16.192000E-06,-603.015080094E-03
+16.200000E-06,-603.015080094E-03
+16.208000E-06,-603.015080094E-03
+16.216000E-06,-603.015080094E-03
+16.224000E-06,-603.015080094E-03
+16.232000E-06,-603.015080094E-03
+16.240000E-06,-402.010056187E-03
+16.248000E-06,-603.015077304E-03
+16.256000E-06,-402.010056187E-03
+16.264000E-06,-402.010053396E-03
+16.272000E-06,-402.010053396E-03
+16.280000E-06,-402.010053396E-03
+16.288000E-06,-402.010053396E-03
+16.296000E-06,-402.010053396E-03
+16.304000E-06,-402.010053396E-03
+16.312000E-06,-402.010053396E-03
+16.320000E-06,-201.005029489E-03
+16.328000E-06,-201.005026698E-03
+16.336000E-06,-201.005026698E-03
+16.344000E-06,-201.005026698E-03
+16.352000E-06,-201.005026698E-03
+16.360000E-06,-201.005026698E-03
+16.368000E-06,-402.010050606E-03
+16.376000E-06,-201.005029489E-03
+16.384000E-06,-201.005026698E-03
+16.392000E-06,-402.010050606E-03
+16.400000E-06,-201.005029489E-03
+16.408000E-06,-201.005026698E-03
+16.416000E-06,-201.005026698E-03
+16.424000E-06,-201.005026698E-03
+16.432000E-06,-201.005026698E-03
+16.440000E-06,-201.005026698E-03
+16.448000E-06,-2.790E-09
+16.456000E-06,+0.0E+00
+16.464000E-06,+0.0E+00
+16.472000E-06,-201.005023908E-03
+16.480000E-06,-2.790E-09
+16.488000E-06,+0.0E+00
+16.496000E-06,+0.0E+00
+16.504000E-06,+0.0E+00
+16.512000E-06,+0.0E+00
+16.520000E-06,+201.005023908E-03
+16.528000E-06,+201.005026698E-03
+16.536000E-06,+201.005026698E-03
+16.544000E-06,+2.790E-09
+16.552000E-06,+201.005023908E-03
+16.560000E-06,+201.005026698E-03
+16.568000E-06,+201.005026698E-03
+16.576000E-06,+201.005026698E-03
+16.584000E-06,+201.005026698E-03
+16.592000E-06,+402.010050606E-03
+16.600000E-06,+402.010053396E-03
+16.608000E-06,+402.010053396E-03
+16.616000E-06,+402.010053396E-03
+16.624000E-06,+402.010053396E-03
+16.632000E-06,+402.010053396E-03
+16.640000E-06,+402.010053396E-03
+16.648000E-06,+402.010053396E-03
+16.656000E-06,+402.010053396E-03
+16.664000E-06,+402.010053396E-03
+16.672000E-06,+402.010053396E-03
+16.680000E-06,+402.010053396E-03
+16.688000E-06,+603.015077304E-03
+16.696000E-06,+603.015080094E-03
+16.704000E-06,+603.015080094E-03
+16.712000E-06,+603.015080094E-03
+16.720000E-06,+603.015080094E-03
+16.728000E-06,+603.015080094E-03
+16.736000E-06,+603.015080094E-03
+16.744000E-06,+603.015080094E-03
+16.752000E-06,+603.015080094E-03
+16.760000E-06,+603.015080094E-03
+16.768000E-06,+603.015080094E-03
+16.776000E-06,+603.015080094E-03
+16.784000E-06,+804.020104002E-03
+16.792000E-06,+804.020106792E-03
+16.800000E-06,+804.020106792E-03
+16.808000E-06,+804.020106792E-03
+16.816000E-06,+804.020106792E-03
+16.824000E-06,+804.020106792E-03
+16.832000E-06,+1.005025130700E+00
+16.840000E-06,+804.020109583E-03
+16.848000E-06,+804.020106792E-03
+16.856000E-06,+1.005025130700E+00
+16.864000E-06,+1.005025133491E+00
+16.872000E-06,+1.005025133491E+00
+16.880000E-06,+1.005025133491E+00
+16.888000E-06,+1.005025133491E+00
+16.896000E-06,+1.005025133491E+00
+16.904000E-06,+1.005025133491E+00
+16.912000E-06,+1.206030157398E+00
+16.920000E-06,+1.005025136281E+00
+16.928000E-06,+1.206030157398E+00
+16.936000E-06,+1.206030160189E+00
+16.944000E-06,+1.206030160189E+00
+16.952000E-06,+1.005025136281E+00
+16.960000E-06,+1.206030157398E+00
+16.968000E-06,+1.206030160189E+00
+16.976000E-06,+1.206030160189E+00
+16.984000E-06,+1.206030160189E+00
+16.992000E-06,+1.206030160189E+00
+17.000000E-06,+1.206030160189E+00
+17.008000E-06,+1.206030160189E+00
+17.016000E-06,+1.206030160189E+00
+17.024000E-06,+1.206030160189E+00
+17.032000E-06,+1.206030160189E+00
+17.040000E-06,+1.407035184098E+00
+17.048000E-06,+1.608040210796E+00
+17.056000E-06,+1.407035189676E+00
+17.064000E-06,+1.407035186887E+00
+17.072000E-06,+1.407035186887E+00
+17.080000E-06,+1.407035186887E+00
+17.088000E-06,+1.407035186887E+00
+17.096000E-06,+1.407035186887E+00
+17.104000E-06,+1.608040210796E+00
+17.112000E-06,+1.608040213585E+00
+17.120000E-06,+1.608040213585E+00
+17.128000E-06,+1.608040213585E+00
+17.136000E-06,+1.608040213585E+00
+17.144000E-06,+1.608040213585E+00
+17.152000E-06,+1.608040213585E+00
+17.160000E-06,+1.809045237494E+00
+17.168000E-06,+1.608040216374E+00
+17.176000E-06,+1.809045237494E+00
+17.184000E-06,+1.809045240283E+00
+17.192000E-06,+1.809045240283E+00
+17.200000E-06,+1.809045240283E+00
+17.208000E-06,+1.809045240283E+00
+17.216000E-06,+2.010050264192E+00
+17.224000E-06,+1.809045243072E+00
+17.232000E-06,+1.809045240283E+00
+17.240000E-06,+2.010050264192E+00
+17.248000E-06,+2.010050266981E+00
+17.256000E-06,+1.809045243072E+00
+17.264000E-06,+2.010050264192E+00
+17.272000E-06,+2.010050266981E+00
+17.280000E-06,+1.809045243072E+00
+17.288000E-06,+2.010050264192E+00
+17.296000E-06,+2.010050266981E+00
+17.304000E-06,+2.211055290890E+00
+17.312000E-06,+2.211055293679E+00
+17.320000E-06,+2.211055293679E+00
+17.328000E-06,+2.211055293679E+00
+17.336000E-06,+2.211055293679E+00
+17.344000E-06,+2.211055293679E+00
+17.352000E-06,+2.211055293679E+00
+17.360000E-06,+2.412060317588E+00
+17.368000E-06,+2.211055296468E+00
+17.376000E-06,+2.412060317588E+00
+17.384000E-06,+2.412060320377E+00
+17.392000E-06,+2.211055296468E+00
+17.400000E-06,+2.412060317588E+00
+17.408000E-06,+2.412060320377E+00
+17.416000E-06,+2.613065344286E+00
+17.424000E-06,+2.613065347075E+00
+17.432000E-06,+2.412060323166E+00
+17.440000E-06,+2.412060320377E+00
+17.448000E-06,+2.613065344286E+00
+17.456000E-06,+2.613065347075E+00
+17.464000E-06,+2.613065347075E+00
+17.472000E-06,+2.613065347075E+00
+17.480000E-06,+2.613065347075E+00
+17.488000E-06,+2.613065347075E+00
+17.496000E-06,+2.613065347075E+00
+17.504000E-06,+2.613065347075E+00
+17.512000E-06,+2.613065347075E+00
+17.520000E-06,+2.814070370985E+00
+17.528000E-06,+2.814070373774E+00
+17.536000E-06,+2.814070373774E+00
+17.544000E-06,+2.814070373774E+00
+17.552000E-06,+2.814070373774E+00
+17.560000E-06,+2.814070373774E+00
+17.568000E-06,+2.814070373774E+00
+17.576000E-06,+2.814070373774E+00
+17.584000E-06,+3.015075397683E+00
+17.592000E-06,+3.015075400472E+00
+17.600000E-06,+2.814070376563E+00
+17.608000E-06,+3.015075397683E+00
+17.616000E-06,+3.216080424381E+00
+17.624000E-06,+3.015075403261E+00
+17.632000E-06,+3.015075400472E+00
+17.640000E-06,+3.015075400472E+00
+17.648000E-06,+3.216080424381E+00
+17.656000E-06,+3.216080427170E+00
+17.664000E-06,+3.216080427170E+00
+17.672000E-06,+3.015075403261E+00
+17.680000E-06,+3.216080424381E+00
+17.688000E-06,+3.216080427170E+00
+17.696000E-06,+3.216080427170E+00
+17.704000E-06,+3.216080427170E+00
+17.712000E-06,+3.216080427170E+00
+17.720000E-06,+3.216080427170E+00
+17.728000E-06,+3.216080427170E+00
+17.736000E-06,+3.417085451080E+00
+17.744000E-06,+3.417085453868E+00
+17.752000E-06,+3.417085453868E+00
+17.760000E-06,+3.417085453868E+00
+17.768000E-06,+3.618090477778E+00
+17.776000E-06,+3.417085456655E+00
+17.784000E-06,+3.417085453868E+00
+17.792000E-06,+3.618090477778E+00
+17.800000E-06,+3.618090480566E+00
+17.808000E-06,+3.417085456655E+00
+17.816000E-06,+3.819095501689E+00
+17.824000E-06,+3.618090483354E+00
+17.832000E-06,+3.618090480566E+00
+17.840000E-06,+3.618090480566E+00
+17.848000E-06,+3.618090480566E+00
+17.856000E-06,+3.819095504477E+00
+17.864000E-06,+3.819095507264E+00
+17.872000E-06,+3.819095507264E+00
+17.880000E-06,+3.819095507264E+00
+17.888000E-06,+3.819095507264E+00
+17.896000E-06,+3.819095507264E+00
+17.904000E-06,+3.819095507264E+00
+17.912000E-06,+3.819095507264E+00
+17.920000E-06,+4.020100531175E+00
+17.928000E-06,+4.020100533962E+00
+17.936000E-06,+4.020100533962E+00
+17.944000E-06,+4.020100533962E+00
+17.952000E-06,+4.221105557873E+00
+17.960000E-06,+4.020100536750E+00
+17.968000E-06,+4.020100533962E+00
+17.976000E-06,+4.221105557873E+00
+17.984000E-06,+4.221105560660E+00
+17.992000E-06,+4.221105560660E+00
+18.000000E-06,+4.221105560660E+00
+18.008000E-06,+4.221105560660E+00
+18.016000E-06,+4.221105560660E+00
+18.024000E-06,+4.221105560660E+00
+18.032000E-06,+4.221105560660E+00
+18.040000E-06,+4.422110584571E+00
+18.048000E-06,+4.422110587358E+00
+18.056000E-06,+4.422110587358E+00
+18.064000E-06,+4.221105563448E+00
+18.072000E-06,+4.422110584571E+00
+18.080000E-06,+4.422110587358E+00
+18.088000E-06,+4.422110587358E+00
+18.096000E-06,+4.422110587358E+00
+18.104000E-06,+4.623115611269E+00
+18.112000E-06,+4.422110590146E+00
+18.120000E-06,+4.623115611269E+00
+18.128000E-06,+4.623115614057E+00
+18.136000E-06,+4.623115614057E+00
+18.144000E-06,+4.623115614057E+00
+18.152000E-06,+4.623115614057E+00
+18.160000E-06,+4.623115614057E+00
+18.168000E-06,+4.623115614057E+00
+18.176000E-06,+4.824120637967E+00
+18.184000E-06,+4.824120640755E+00
+18.192000E-06,+4.824120640755E+00
+18.200000E-06,+4.824120640755E+00
+18.208000E-06,+4.824120640755E+00
+18.216000E-06,+4.824120640755E+00
+18.224000E-06,+4.824120640755E+00
+18.232000E-06,+5.025125664665E+00
+18.240000E-06,+5.025125667453E+00
+18.248000E-06,+5.025125667453E+00
+18.256000E-06,+5.025125667453E+00
+18.264000E-06,+5.025125667453E+00
+18.272000E-06,+5.025125667453E+00
+18.280000E-06,+5.025125667453E+00
+18.288000E-06,+5.226130691363E+00
+18.296000E-06,+5.226130694151E+00
+18.304000E-06,+5.226130694151E+00
+18.312000E-06,+5.226130694151E+00
+18.320000E-06,+5.427135718062E+00
+18.328000E-06,+5.226130696938E+00
+18.336000E-06,+5.226130694151E+00
+18.344000E-06,+5.427135718062E+00
+18.352000E-06,+5.226130696938E+00
+18.360000E-06,+5.226130694151E+00
+18.368000E-06,+5.427135718062E+00
+18.376000E-06,+5.427135720849E+00
+18.384000E-06,+5.427135720849E+00
+18.392000E-06,+5.427135720849E+00
+18.400000E-06,+5.427135720849E+00
+18.408000E-06,+5.427135720849E+00
+18.416000E-06,+5.427135720849E+00
+18.424000E-06,+5.628140744760E+00
+18.432000E-06,+5.628140747547E+00
+18.440000E-06,+5.628140747547E+00
+18.448000E-06,+5.628140747547E+00
+18.456000E-06,+5.628140747547E+00
+18.464000E-06,+5.628140747547E+00
+18.472000E-06,+5.829145771458E+00
+18.480000E-06,+5.829145774245E+00
+18.488000E-06,+5.628140750335E+00
+18.496000E-06,+5.628140747547E+00
+18.504000E-06,+5.829145771458E+00
+18.512000E-06,+5.829145774245E+00
+18.520000E-06,+5.829145774245E+00
+18.528000E-06,+5.829145774245E+00
+18.536000E-06,+5.829145774245E+00
+18.544000E-06,+5.829145774245E+00
+18.552000E-06,+6.030150798157E+00
+18.560000E-06,+6.030150800943E+00
+18.568000E-06,+6.030150800943E+00
+18.576000E-06,+5.829145777031E+00
+18.584000E-06,+6.030150798157E+00
+18.592000E-06,+6.030150800943E+00
+18.600000E-06,+6.231155824855E+00
+18.608000E-06,+6.030150803729E+00
+18.616000E-06,+6.030150800943E+00
+18.624000E-06,+6.231155824855E+00
+18.632000E-06,+6.231155827641E+00
+18.640000E-06,+6.231155827641E+00
+18.648000E-06,+6.231155827641E+00
+18.656000E-06,+6.231155827641E+00
+18.664000E-06,+6.231155827641E+00
+18.672000E-06,+6.432160851554E+00
+18.680000E-06,+6.432160854340E+00
+18.688000E-06,+6.432160854340E+00
+18.696000E-06,+6.432160854340E+00
+18.704000E-06,+6.432160854340E+00
+18.712000E-06,+6.432160854340E+00
+18.720000E-06,+6.432160854340E+00
+18.728000E-06,+6.633165878252E+00
+18.736000E-06,+6.432160857126E+00
+18.744000E-06,+6.432160854340E+00
+18.752000E-06,+6.432160854340E+00
+18.760000E-06,+6.633165878252E+00
+18.768000E-06,+6.633165881038E+00
+18.776000E-06,+6.834170904950E+00
+18.784000E-06,+6.834170907736E+00
+18.792000E-06,+6.834170907736E+00
+18.800000E-06,+6.834170907736E+00
+18.808000E-06,+6.834170907736E+00
+18.816000E-06,+6.633165883824E+00
+18.824000E-06,+6.834170904950E+00
+18.832000E-06,+6.834170907736E+00
+18.840000E-06,+6.834170907736E+00
+18.848000E-06,+7.035175931648E+00
+18.856000E-06,+6.834170910522E+00
+18.864000E-06,+7.035175931648E+00
+18.872000E-06,+6.834170910522E+00
+18.880000E-06,+7.035175931648E+00
+18.888000E-06,+7.035175934434E+00
+18.896000E-06,+7.035175934434E+00
+18.904000E-06,+7.035175934434E+00
+18.912000E-06,+7.035175934434E+00
+18.920000E-06,+7.035175934434E+00
+18.928000E-06,+7.236180958346E+00
+18.936000E-06,+7.035175937220E+00
+18.944000E-06,+7.236180958346E+00
+18.952000E-06,+7.437185985044E+00
+18.960000E-06,+7.236180963918E+00
+18.968000E-06,+7.236180961132E+00
+18.976000E-06,+7.236180961132E+00
+18.984000E-06,+7.236180961132E+00
+18.992000E-06,+7.437185985044E+00
+19.000000E-06,+7.437185987830E+00
+19.008000E-06,+7.437185987830E+00
+19.016000E-06,+7.437185987830E+00
+19.024000E-06,+7.437185987830E+00
+19.032000E-06,+7.437185987830E+00
+19.040000E-06,+7.437185987830E+00
+19.048000E-06,+7.437185987830E+00
+19.056000E-06,+7.638191011742E+00
+19.064000E-06,+7.638191014528E+00
+19.072000E-06,+7.638191014528E+00
+19.080000E-06,+7.638191014528E+00
+19.088000E-06,+7.638191014528E+00
+19.096000E-06,+7.638191014528E+00
+19.104000E-06,+7.638191014528E+00
+19.112000E-06,+7.839196038440E+00
+19.120000E-06,+7.839196041226E+00
+19.128000E-06,+7.839196041226E+00
+19.136000E-06,+7.839196041226E+00
+19.144000E-06,+7.839196041226E+00
+19.152000E-06,+7.839196041226E+00
+19.160000E-06,+7.839196041226E+00
+19.168000E-06,+7.839196041226E+00
+19.176000E-06,+8.040201065138E+00
+19.184000E-06,+7.839196044012E+00
+19.192000E-06,+8.040201065138E+00
+19.200000E-06,+7.839196044012E+00
+19.208000E-06,+8.040201065138E+00
+19.216000E-06,+7.839196044012E+00
+19.224000E-06,+8.241206089050E+00
+19.232000E-06,+8.241206094623E+00
+19.240000E-06,+8.241206094623E+00
+19.248000E-06,+8.241206094623E+00
+19.256000E-06,+8.241206094623E+00
+19.264000E-06,+8.241206094623E+00
+19.272000E-06,+8.241206094623E+00
+19.280000E-06,+8.241206094623E+00
+19.288000E-06,+8.442211118536E+00
+19.296000E-06,+8.241206097407E+00
+19.304000E-06,+8.241206094623E+00
+19.312000E-06,+8.442211118536E+00
+19.320000E-06,+8.643216145234E+00
+19.328000E-06,+8.442211124105E+00
+19.336000E-06,+8.442211121321E+00
+19.344000E-06,+8.442211121321E+00
+19.352000E-06,+8.442211121321E+00
+19.360000E-06,+8.442211121321E+00
+19.368000E-06,+8.643216145234E+00
+19.376000E-06,+8.643216148019E+00
+19.384000E-06,+8.643216148019E+00
+19.392000E-06,+8.844221171932E+00
+19.400000E-06,+8.643216150803E+00
+19.408000E-06,+8.844221171932E+00
+19.416000E-06,+8.844221174717E+00
+19.424000E-06,+8.844221174717E+00
+19.432000E-06,+8.844221174717E+00
+19.440000E-06,+8.844221174717E+00
+19.448000E-06,+8.844221174717E+00
+19.456000E-06,+8.844221174717E+00
+19.464000E-06,+8.844221174717E+00
+19.472000E-06,+8.844221174717E+00
+19.480000E-06,+8.844221174717E+00
+19.488000E-06,+9.045226198630E+00
+19.496000E-06,+9.045226201415E+00
+19.504000E-06,+8.844221177502E+00
+19.512000E-06,+9.045226198630E+00
+19.520000E-06,+9.246231225329E+00
+19.528000E-06,+9.045226204200E+00
+19.536000E-06,+9.045226201415E+00
+19.544000E-06,+9.246231225329E+00
+19.552000E-06,+9.246231228113E+00
+19.560000E-06,+9.246231228113E+00
+19.568000E-06,+9.246231228113E+00
+19.576000E-06,+9.246231228113E+00
+19.584000E-06,+9.246231228113E+00
+19.592000E-06,+9.246231228113E+00
+19.600000E-06,+9.246231228113E+00
+19.608000E-06,+9.447236252027E+00
+19.616000E-06,+9.447236254811E+00
+19.624000E-06,+9.447236254811E+00
+19.632000E-06,+9.447236254811E+00
+19.640000E-06,+9.648241278725E+00
+19.648000E-06,+9.447236257596E+00
+19.656000E-06,+9.447236254811E+00
+19.664000E-06,+9.648241278725E+00
+19.672000E-06,+9.648241281509E+00
+19.680000E-06,+9.648241281509E+00
+19.688000E-06,+9.648241281509E+00
+19.696000E-06,+9.648241281509E+00
+19.704000E-06,+9.648241281509E+00
+19.712000E-06,+9.648241281509E+00
+19.720000E-06,+9.648241281509E+00
+19.728000E-06,+9.849246305423E+00
+19.736000E-06,+9.648241284294E+00
+19.744000E-06,+9.648241281509E+00
+19.752000E-06,+9.849246305423E+00
+19.760000E-06,+9.849246308208E+00
+19.768000E-06,+9.849246308208E+00
+19.776000E-06,+9.849246308208E+00
+19.784000E-06,+10.050251332121E+00
+19.792000E-06,+9.849246310992E+00
+19.800000E-06,+9.849246308208E+00
+19.808000E-06,+10.050251332121E+00
+19.816000E-06,+10.050251334906E+00
+19.824000E-06,+10.050251334906E+00
+19.832000E-06,+10.050251334906E+00
+19.840000E-06,+10.251256358819E+00
+19.848000E-06,+10.050251337690E+00
+19.856000E-06,+10.251256358819E+00
+19.864000E-06,+10.251256361604E+00
+19.872000E-06,+10.050251337690E+00
+19.880000E-06,+10.251256358819E+00
+19.888000E-06,+10.251256361604E+00
+19.896000E-06,+10.251256361604E+00
+19.904000E-06,+10.251256361604E+00
+19.912000E-06,+10.452261385517E+00
+19.920000E-06,+10.452261388302E+00
+19.928000E-06,+10.452261388302E+00
+19.936000E-06,+10.452261388302E+00
+19.944000E-06,+10.452261388302E+00
+19.952000E-06,+10.452261388302E+00
+19.960000E-06,+10.452261388302E+00
+19.968000E-06,+10.452261388302E+00
+19.976000E-06,+10.452261388302E+00
+19.984000E-06,+10.452261388302E+00
+19.992000E-06,+10.452261388302E+00
+20.000000E-06,+10.653266412215E+00
+20.008000E-06,+10.653266415000E+00
+20.016000E-06,+10.854271438914E+00
+20.024000E-06,+10.653266417785E+00
+20.032000E-06,+10.854271438914E+00
+20.040000E-06,+10.854271441698E+00
+20.048000E-06,+10.653266417785E+00
+20.056000E-06,+10.854271438914E+00
+20.064000E-06,+10.854271441698E+00
+20.072000E-06,+10.854271441698E+00
+20.080000E-06,+10.854271441698E+00
+20.088000E-06,+10.854271441698E+00
+20.096000E-06,+10.854271441698E+00
+20.104000E-06,+11.055276465613E+00
+20.112000E-06,+11.055276468396E+00
+20.120000E-06,+10.854271444481E+00
+20.128000E-06,+11.055276465613E+00
+20.136000E-06,+11.055276468396E+00
+20.144000E-06,+11.055276468396E+00
+20.152000E-06,+11.055276468396E+00
+20.160000E-06,+11.256281492311E+00
+20.168000E-06,+11.256281495094E+00
+20.176000E-06,+11.055276471179E+00
+20.184000E-06,+11.055276468396E+00
+20.192000E-06,+11.256281492311E+00
+20.200000E-06,+11.256281495094E+00
+20.208000E-06,+11.256281495094E+00
+20.216000E-06,+11.256281495094E+00
+20.224000E-06,+11.256281495094E+00
+20.232000E-06,+11.256281495094E+00
+20.240000E-06,+11.256281495094E+00
+20.248000E-06,+11.457286519009E+00
+20.256000E-06,+11.457286521792E+00
+20.264000E-06,+11.457286521792E+00
+20.272000E-06,+11.457286521792E+00
+20.280000E-06,+11.658291545707E+00
+20.288000E-06,+11.658291548491E+00
+20.296000E-06,+11.658291548491E+00
+20.304000E-06,+11.658291548491E+00
+20.312000E-06,+11.658291548491E+00
+20.320000E-06,+11.658291548491E+00
+20.328000E-06,+11.658291548491E+00
+20.336000E-06,+11.658291548491E+00
+20.344000E-06,+11.658291548491E+00
+20.352000E-06,+11.859296572406E+00
+20.360000E-06,+11.658291551274E+00
+20.368000E-06,+11.859296572406E+00
+20.376000E-06,+11.658291551274E+00
+20.384000E-06,+11.859296572406E+00
+20.392000E-06,+11.859296575189E+00
+20.400000E-06,+11.859296575189E+00
+20.408000E-06,+12.060301599104E+00
+20.416000E-06,+12.060301601887E+00
+20.424000E-06,+12.060301601887E+00
+20.432000E-06,+11.859296577972E+00
+20.440000E-06,+12.060301599104E+00
+20.448000E-06,+12.060301601887E+00
+20.456000E-06,+12.060301601887E+00
+20.464000E-06,+12.060301601887E+00
+20.472000E-06,+11.859296577972E+00
+20.480000E-06,+12.261306623019E+00
+20.488000E-06,+12.060301604670E+00
+20.496000E-06,+12.261306625802E+00
+20.504000E-06,+12.060301604670E+00
+20.512000E-06,+12.261306625802E+00
+20.520000E-06,+12.261306628585E+00
+20.528000E-06,+12.261306628585E+00
+20.536000E-06,+12.261306628585E+00
+20.544000E-06,+12.261306628585E+00
+20.552000E-06,+12.261306628585E+00
+20.560000E-06,+12.462311652500E+00
+20.568000E-06,+12.261306631368E+00
+20.576000E-06,+12.261306628585E+00
+20.584000E-06,+12.462311652500E+00
+20.592000E-06,+12.462311655283E+00
+20.600000E-06,+12.462311655283E+00
+20.608000E-06,+12.462311655283E+00
+20.616000E-06,+12.462311655283E+00
+20.624000E-06,+12.462311655283E+00
+20.632000E-06,+12.462311655283E+00
+20.640000E-06,+12.462311655283E+00
+20.648000E-06,+12.462311655283E+00
+20.656000E-06,+12.462311655283E+00
+20.664000E-06,+12.462311655283E+00
+20.672000E-06,+12.663316679198E+00
+20.680000E-06,+12.663316681981E+00
+20.688000E-06,+12.462311658066E+00
+20.696000E-06,+12.663316679198E+00
+20.704000E-06,+12.663316681981E+00
+20.712000E-06,+12.663316681981E+00
+20.720000E-06,+12.663316681981E+00
+20.728000E-06,+12.663316681981E+00
+20.736000E-06,+12.864321705896E+00
+20.744000E-06,+12.663316684764E+00
+20.752000E-06,+12.864321705896E+00
+20.760000E-06,+12.663316684764E+00
+20.768000E-06,+12.864321705896E+00
+20.776000E-06,+12.663316684764E+00
+20.784000E-06,+12.663316681981E+00
+20.792000E-06,+12.864321705898E+00
+20.800000E-06,+12.663316684763E+00
+20.808000E-06,+12.663316681981E+00
+20.816000E-06,+12.663316681981E+00
+20.824000E-06,+12.864321705898E+00
+20.832000E-06,+12.864321708679E+00
+20.840000E-06,+12.864321708679E+00
+20.848000E-06,+12.864321708679E+00
+20.856000E-06,+12.864321708679E+00
+20.864000E-06,+12.864321708679E+00
+20.872000E-06,+12.864321708679E+00
+20.880000E-06,+12.663316684763E+00
+20.888000E-06,+12.864321705898E+00
+20.896000E-06,+12.864321708679E+00
+20.904000E-06,+12.864321708679E+00
+20.912000E-06,+12.864321708679E+00
+20.920000E-06,+12.864321708679E+00
+20.928000E-06,+12.864321708679E+00
+20.936000E-06,+12.663316684763E+00
+20.944000E-06,+12.864321705898E+00
+20.952000E-06,+12.864321708679E+00
+20.960000E-06,+13.065326732596E+00
+20.968000E-06,+12.864321711461E+00
+20.976000E-06,+12.864321708679E+00
+20.984000E-06,+12.864321708679E+00
+20.992000E-06,+12.864321708679E+00
+21.000000E-06,+12.864321708679E+00
+21.008000E-06,+12.864321708679E+00
+21.016000E-06,+12.864321708679E+00
+21.024000E-06,+12.864321708679E+00
+21.032000E-06,+12.864321708679E+00
+21.040000E-06,+13.065326732596E+00
+21.048000E-06,+12.864321711461E+00
+21.056000E-06,+12.864321708679E+00
+21.064000E-06,+12.864321708679E+00
+21.072000E-06,+13.065326732596E+00
+21.080000E-06,+13.065326735377E+00
+21.088000E-06,+13.065326735377E+00
+21.096000E-06,+12.864321711461E+00
+21.104000E-06,+12.864321708679E+00
+21.112000E-06,+12.864321708679E+00
+21.120000E-06,+12.864321708679E+00
+21.128000E-06,+13.065326732596E+00
+21.136000E-06,+12.864321711461E+00
+21.144000E-06,+13.065326732596E+00
+21.152000E-06,+13.065326735377E+00
+21.160000E-06,+12.864321711461E+00
+21.168000E-06,+12.864321708679E+00
+21.176000E-06,+12.864321708679E+00
+21.184000E-06,+13.065326732596E+00
+21.192000E-06,+13.065326735377E+00
+21.200000E-06,+12.864321711461E+00
+21.208000E-06,+13.065326732596E+00
+21.216000E-06,+13.065326735377E+00
+21.224000E-06,+13.065326735377E+00
+21.232000E-06,+12.864321711461E+00
+21.240000E-06,+13.065326732596E+00
+21.248000E-06,+12.864321711461E+00
+21.256000E-06,+13.065326732596E+00
+21.264000E-06,+13.065326735377E+00
+21.272000E-06,+12.864321711461E+00
+21.280000E-06,+12.864321708679E+00
+21.288000E-06,+12.864321708679E+00
+21.296000E-06,+12.864321708679E+00
+21.304000E-06,+13.065326732596E+00
+21.312000E-06,+13.065326735377E+00
+21.320000E-06,+12.864321711461E+00
+21.328000E-06,+13.065326732596E+00
+21.336000E-06,+13.065326735377E+00
+21.344000E-06,+12.864321711461E+00
+21.352000E-06,+12.864321708679E+00
+21.360000E-06,+12.864321708679E+00
+21.368000E-06,+13.065326732596E+00
+21.376000E-06,+13.065326735377E+00
+21.384000E-06,+12.864321711461E+00
+21.392000E-06,+13.065326732596E+00
+21.400000E-06,+13.065326735377E+00
+21.408000E-06,+13.065326735377E+00
+21.416000E-06,+12.864321711461E+00
+21.424000E-06,+12.864321708679E+00
+21.432000E-06,+12.864321708679E+00
+21.440000E-06,+12.864321708679E+00
+21.448000E-06,+13.065326732596E+00
+21.456000E-06,+13.065326735377E+00
+21.464000E-06,+12.864321711461E+00
+21.472000E-06,+12.864321708679E+00
+21.480000E-06,+13.065326732596E+00
+21.488000E-06,+13.065326735377E+00
+21.496000E-06,+13.065326735377E+00
+21.504000E-06,+13.065326735377E+00
+21.512000E-06,+12.864321711461E+00
+21.520000E-06,+12.864321708679E+00
+21.528000E-06,+13.065326732596E+00
+21.536000E-06,+12.864321711461E+00
+21.544000E-06,+13.065326732596E+00
+21.552000E-06,+12.864321711461E+00
+21.560000E-06,+13.065326732596E+00
+21.568000E-06,+12.864321711461E+00
+21.576000E-06,+12.864321708679E+00
+21.584000E-06,+13.065326732596E+00
+21.592000E-06,+13.065326735377E+00
+21.600000E-06,+12.864321711461E+00
+21.608000E-06,+13.065326732597E+00
+21.616000E-06,+12.864321711459E+00
+21.624000E-06,+13.065326732597E+00
+21.632000E-06,+12.864321711459E+00
+21.640000E-06,+12.864321708679E+00
+21.648000E-06,+13.065326732597E+00
+21.656000E-06,+12.864321711459E+00
+21.664000E-06,+13.065326732597E+00
+21.672000E-06,+13.065326735377E+00
+21.680000E-06,+12.864321711459E+00
+21.688000E-06,+13.266331756515E+00
+21.696000E-06,+13.065326738158E+00
+21.704000E-06,+12.864321711459E+00
+21.712000E-06,+12.864321708679E+00
+21.720000E-06,+13.065326732597E+00
+21.728000E-06,+13.065326735377E+00
+21.736000E-06,+12.864321711459E+00
+21.744000E-06,+12.864321708679E+00
+21.752000E-06,+13.065326732597E+00
+21.760000E-06,+13.065326735377E+00
+21.768000E-06,+13.065326735377E+00
+21.776000E-06,+13.065326735377E+00
+21.784000E-06,+13.065326735377E+00
+21.792000E-06,+12.864321711459E+00
+21.800000E-06,+12.864321708679E+00
+21.808000E-06,+13.065326732597E+00
+21.816000E-06,+12.864321711459E+00
+21.824000E-06,+12.864321708679E+00
+21.832000E-06,+12.864321708679E+00
+21.840000E-06,+13.065326732597E+00
+21.848000E-06,+12.864321711459E+00
+21.856000E-06,+12.864321708679E+00
+21.864000E-06,+13.065326732597E+00
+21.872000E-06,+13.065326735377E+00
+21.880000E-06,+13.065326735377E+00
+21.888000E-06,+12.864321711459E+00
+21.896000E-06,+13.065326732597E+00
+21.904000E-06,+13.065326735377E+00
+21.912000E-06,+13.065326735377E+00
+21.920000E-06,+12.864321711459E+00
+21.928000E-06,+13.065326732597E+00
+21.936000E-06,+12.864321711459E+00
+21.944000E-06,+13.065326732597E+00
+21.952000E-06,+12.864321711459E+00
+21.960000E-06,+12.864321708679E+00
+21.968000E-06,+13.065326732597E+00
+21.976000E-06,+13.065326735377E+00
+21.984000E-06,+13.065326735377E+00
+21.992000E-06,+12.864321711459E+00
+22.000000E-06,+13.065326732597E+00
+22.008000E-06,+13.065326735377E+00
+22.016000E-06,+13.065326735377E+00
+22.024000E-06,+13.065326735377E+00
+22.032000E-06,+13.065326735377E+00
+22.040000E-06,+13.065326735377E+00
+22.048000E-06,+12.864321711459E+00
+22.056000E-06,+13.065326732597E+00
+22.064000E-06,+12.864321711459E+00
+22.072000E-06,+12.864321708679E+00
+22.080000E-06,+12.864321708679E+00
+22.088000E-06,+13.065326732597E+00
+22.096000E-06,+13.065326735377E+00
+22.104000E-06,+13.065326735377E+00
+22.112000E-06,+13.065326735377E+00
+22.120000E-06,+13.065326735377E+00
+22.128000E-06,+12.864321711459E+00
+22.136000E-06,+13.065326732597E+00
+22.144000E-06,+13.065326735377E+00
+22.152000E-06,+12.864321711459E+00
+22.160000E-06,+12.864321708679E+00
+22.168000E-06,+13.065326732597E+00
+22.176000E-06,+13.065326735377E+00
+22.184000E-06,+12.864321711459E+00
+22.192000E-06,+12.864321708679E+00
+22.200000E-06,+13.065326732597E+00
+22.208000E-06,+13.266331759295E+00
+22.216000E-06,+12.864321714240E+00
+22.224000E-06,+12.864321708679E+00
+22.232000E-06,+12.864321708679E+00
+22.240000E-06,+12.864321708679E+00
+22.248000E-06,+12.864321708679E+00
+22.256000E-06,+13.065326732597E+00
+22.264000E-06,+13.065326735377E+00
+22.272000E-06,+12.864321711459E+00
+22.280000E-06,+13.065326732597E+00
+22.288000E-06,+13.065326735377E+00
+22.296000E-06,+12.864321711459E+00
+22.304000E-06,+12.864321708679E+00
+22.312000E-06,+13.065326732597E+00
+22.320000E-06,+13.065326735377E+00
+22.328000E-06,+12.864321711459E+00
+22.336000E-06,+13.065326732599E+00
+22.344000E-06,+12.864321711458E+00
+22.352000E-06,+13.065326732599E+00
+22.360000E-06,+13.065326735377E+00
+22.368000E-06,+12.864321711458E+00
+22.376000E-06,+13.065326732599E+00
+22.384000E-06,+13.065326735377E+00
+22.392000E-06,+12.864321711458E+00
+22.400000E-06,+13.065326732599E+00
+22.408000E-06,+13.065326735377E+00
+22.416000E-06,+13.065326735377E+00
+22.424000E-06,+13.065326735377E+00
+22.432000E-06,+13.065326735377E+00
+22.440000E-06,+13.065326735377E+00
+22.448000E-06,+13.065326735377E+00
+22.456000E-06,+13.065326735377E+00
+22.464000E-06,+12.864321711458E+00
+22.472000E-06,+13.065326732599E+00
+22.480000E-06,+13.065326735377E+00
+22.488000E-06,+12.864321711458E+00
+22.496000E-06,+13.065326732599E+00
+22.504000E-06,+13.065326735377E+00
+22.512000E-06,+13.065326735377E+00
+22.520000E-06,+13.065326735377E+00
+22.528000E-06,+12.864321711458E+00
+22.536000E-06,+12.864321708679E+00
+22.544000E-06,+13.065326732599E+00
+22.552000E-06,+13.065326735377E+00
+22.560000E-06,+13.065326735377E+00
+22.568000E-06,+13.065326735377E+00
+22.576000E-06,+12.864321711458E+00
+22.584000E-06,+13.065326732599E+00
+22.592000E-06,+12.864321711458E+00
+22.600000E-06,+13.065326732599E+00
+22.608000E-06,+13.065326735377E+00
+22.616000E-06,+13.065326735377E+00
+22.624000E-06,+13.065326735377E+00
+22.632000E-06,+13.065326735377E+00
+22.640000E-06,+12.864321711458E+00
+22.648000E-06,+13.065326732599E+00
+22.656000E-06,+13.065326735377E+00
+22.664000E-06,+13.065326735377E+00
+22.672000E-06,+13.065326735377E+00
+22.680000E-06,+13.065326735377E+00
+22.688000E-06,+13.065326735377E+00
+22.696000E-06,+13.065326735377E+00
+22.704000E-06,+13.065326735377E+00
+22.712000E-06,+13.065326735377E+00
+22.720000E-06,+13.065326735377E+00
+22.728000E-06,+12.864321711458E+00
+22.736000E-06,+12.864321708679E+00
+22.744000E-06,+13.065326732599E+00
+22.752000E-06,+13.065326735377E+00
+22.760000E-06,+13.065326735377E+00
+22.768000E-06,+13.065326735377E+00
+22.776000E-06,+13.065326735377E+00
+22.784000E-06,+12.864321711458E+00
+22.792000E-06,+13.065326732599E+00
+22.800000E-06,+12.864321711458E+00
+22.808000E-06,+12.864321708679E+00
+22.816000E-06,+13.065326732599E+00
+22.824000E-06,+13.065326735377E+00
+22.832000E-06,+13.065326735377E+00
+22.840000E-06,+12.864321711458E+00
+22.848000E-06,+12.864321708679E+00
+22.856000E-06,+12.864321708679E+00
+22.864000E-06,+13.065326732599E+00
+22.872000E-06,+13.065326735377E+00
+22.880000E-06,+13.065326735377E+00
+22.888000E-06,+13.065326735377E+00
+22.896000E-06,+13.065326735377E+00
+22.904000E-06,+13.065326735377E+00
+22.912000E-06,+13.065326735377E+00
+22.920000E-06,+13.065326735377E+00
+22.928000E-06,+13.065326735377E+00
+22.936000E-06,+12.864321711458E+00
+22.944000E-06,+13.065326732599E+00
+22.952000E-06,+13.065326735377E+00
+22.960000E-06,+13.065326735377E+00
+22.968000E-06,+13.065326735377E+00
+22.976000E-06,+13.065326735377E+00
+22.984000E-06,+12.864321711458E+00
+22.992000E-06,+13.065326732599E+00
+23.000000E-06,+13.065326735377E+00
+23.008000E-06,+12.864321711458E+00
+23.016000E-06,+13.065326732599E+00
+23.024000E-06,+12.864321711458E+00
+23.032000E-06,+13.065326732599E+00
+23.040000E-06,+12.864321711458E+00
+23.048000E-06,+12.864321708679E+00
+23.056000E-06,+12.864321708679E+00
+23.064000E-06,+13.065326732599E+00
+23.072000E-06,+12.864321711458E+00
+23.080000E-06,+12.864321708679E+00
+23.088000E-06,+13.065326732599E+00
+23.096000E-06,+12.864321711458E+00
+23.104000E-06,+13.065326732599E+00
+23.112000E-06,+13.065326735377E+00
+23.120000E-06,+13.065326735377E+00
+23.128000E-06,+12.864321711458E+00
+23.136000E-06,+13.065326732599E+00
+23.144000E-06,+13.065326735377E+00
+23.152000E-06,+12.864321711458E+00
+23.160000E-06,+12.864321708679E+00
+23.168000E-06,+12.864321708679E+00
+23.176000E-06,+13.065326732600E+00
+23.184000E-06,+13.065326735377E+00
+23.192000E-06,+13.065326735377E+00
+23.200000E-06,+12.864321711457E+00
+23.208000E-06,+12.864321708679E+00
+23.216000E-06,+12.864321708679E+00
+23.224000E-06,+13.065326732600E+00
+23.232000E-06,+12.864321711457E+00
+23.240000E-06,+12.864321708679E+00
+23.248000E-06,+13.065326732600E+00
+23.256000E-06,+13.065326735377E+00
+23.264000E-06,+13.065326735377E+00
+23.272000E-06,+12.864321711457E+00
+23.280000E-06,+13.065326732600E+00
+23.288000E-06,+12.864321711457E+00
+23.296000E-06,+13.065326732600E+00
+23.304000E-06,+13.065326735377E+00
+23.312000E-06,+12.864321711457E+00
+23.320000E-06,+13.065326732600E+00
+23.328000E-06,+13.065326735377E+00
+23.336000E-06,+13.065326735377E+00
+23.344000E-06,+12.864321711457E+00
+23.352000E-06,+13.065326732600E+00
+23.360000E-06,+13.065326735377E+00
+23.368000E-06,+13.065326735377E+00
+23.376000E-06,+13.065326735377E+00
+23.384000E-06,+12.864321711457E+00
+23.392000E-06,+12.864321708679E+00
+23.400000E-06,+13.065326732600E+00
+23.408000E-06,+13.065326735377E+00
+23.416000E-06,+13.065326735377E+00
+23.424000E-06,+13.065326735377E+00
+23.432000E-06,+13.065326735377E+00
+23.440000E-06,+13.065326735377E+00
+23.448000E-06,+13.065326735377E+00
+23.456000E-06,+13.065326735377E+00
+23.464000E-06,+12.864321711457E+00
+23.472000E-06,+13.065326732600E+00
+23.480000E-06,+12.864321711457E+00
+23.488000E-06,+13.065326732600E+00
+23.496000E-06,+13.065326735377E+00
+23.504000E-06,+13.065326735377E+00
+23.512000E-06,+13.065326735377E+00
+23.520000E-06,+12.864321711457E+00
+23.528000E-06,+12.864321708679E+00
+23.536000E-06,+13.065326732600E+00
+23.544000E-06,+13.065326735377E+00
+23.552000E-06,+12.864321711457E+00
+23.560000E-06,+13.065326732600E+00
+23.568000E-06,+13.065326735377E+00
+23.576000E-06,+12.864321711457E+00
+23.584000E-06,+13.065326732600E+00
+23.592000E-06,+13.065326735377E+00
+23.600000E-06,+13.065326735377E+00
+23.608000E-06,+13.065326735377E+00
+23.616000E-06,+13.065326735377E+00
+23.624000E-06,+13.065326735377E+00
+23.632000E-06,+13.065326735377E+00
+23.640000E-06,+12.864321711457E+00
+23.648000E-06,+13.065326732600E+00
+23.656000E-06,+13.065326735377E+00
+23.664000E-06,+12.864321711457E+00
+23.672000E-06,+13.065326732600E+00
+23.680000E-06,+13.065326735377E+00
+23.688000E-06,+13.065326735377E+00
+23.696000E-06,+13.065326735377E+00
+23.704000E-06,+13.065326735377E+00
+23.712000E-06,+12.864321711457E+00
+23.720000E-06,+13.065326732600E+00
+23.728000E-06,+13.065326735377E+00
+23.736000E-06,+13.065326735377E+00
+23.744000E-06,+12.864321711457E+00
+23.752000E-06,+13.065326732600E+00
+23.760000E-06,+12.864321711457E+00
+23.768000E-06,+13.065326732600E+00
+23.776000E-06,+13.065326735377E+00
+23.784000E-06,+12.864321711457E+00
+23.792000E-06,+12.864321708679E+00
+23.800000E-06,+12.864321708679E+00
+23.808000E-06,+13.065326732600E+00
+23.816000E-06,+13.065326735377E+00
+23.824000E-06,+12.864321711457E+00
+23.832000E-06,+13.065326732600E+00
+23.840000E-06,+12.864321711457E+00
+23.848000E-06,+12.864321708679E+00
+23.856000E-06,+13.065326732600E+00
+23.864000E-06,+12.864321711457E+00
+23.872000E-06,+12.864321708679E+00
+23.880000E-06,+13.065326732602E+00
+23.888000E-06,+12.864321711455E+00
+23.896000E-06,+12.864321708679E+00
+23.904000E-06,+12.864321708679E+00
+23.912000E-06,+12.864321708679E+00
+23.920000E-06,+12.864321708679E+00
+23.928000E-06,+13.065326732602E+00
+23.936000E-06,+13.065326735377E+00
+23.944000E-06,+13.065326735377E+00
+23.952000E-06,+13.065326735377E+00
+23.960000E-06,+13.065326735377E+00
+23.968000E-06,+13.065326735377E+00
+23.976000E-06,+13.065326735377E+00
+23.984000E-06,+13.065326735377E+00
+23.992000E-06,+13.065326735377E+00
+24.000000E-06,+13.065326735377E+00
+24.008000E-06,+13.065326735377E+00
+24.016000E-06,+12.864321711455E+00
+24.024000E-06,+12.864321708679E+00
+24.032000E-06,+13.065326732602E+00
+24.040000E-06,+13.065326735377E+00
+24.048000E-06,+12.864321711455E+00
+24.056000E-06,+13.065326732602E+00
+24.064000E-06,+13.065326735377E+00
+24.072000E-06,+13.065326735377E+00
+24.080000E-06,+13.065326735377E+00
+24.088000E-06,+13.065326735377E+00
+24.096000E-06,+13.065326735377E+00
+24.104000E-06,+12.864321711455E+00
+24.112000E-06,+13.065326732602E+00
+24.120000E-06,+13.065326735377E+00
+24.128000E-06,+13.065326735377E+00
+24.136000E-06,+12.864321711455E+00
+24.144000E-06,+13.065326732602E+00
+24.152000E-06,+12.864321711455E+00
+24.160000E-06,+13.065326732602E+00
+24.168000E-06,+13.065326735377E+00
+24.176000E-06,+13.065326735377E+00
+24.184000E-06,+13.065326735377E+00
+24.192000E-06,+13.065326735377E+00
+24.200000E-06,+13.065326735377E+00
+24.208000E-06,+12.864321711455E+00
+24.216000E-06,+13.065326732602E+00
+24.224000E-06,+13.065326735377E+00
+24.232000E-06,+13.065326735377E+00
+24.240000E-06,+12.864321711455E+00
+24.248000E-06,+13.065326732602E+00
+24.256000E-06,+13.266331759300E+00
+24.264000E-06,+13.065326738153E+00
+24.272000E-06,+13.065326735377E+00
+24.280000E-06,+13.065326735377E+00
+24.288000E-06,+13.065326735377E+00
+24.296000E-06,+13.065326735377E+00
+24.304000E-06,+12.864321711455E+00
+24.312000E-06,+13.065326732602E+00
+24.320000E-06,+13.065326735377E+00
+24.328000E-06,+12.864321711455E+00
+24.336000E-06,+13.065326732602E+00
+24.344000E-06,+13.065326735377E+00
+24.352000E-06,+13.065326735377E+00
+24.360000E-06,+12.864321711455E+00
+24.368000E-06,+12.864321708679E+00
+24.376000E-06,+13.065326732602E+00
+24.384000E-06,+12.864321711455E+00
+24.392000E-06,+13.065326732602E+00
+24.400000E-06,+13.065326735377E+00
+24.408000E-06,+12.864321711455E+00
+24.416000E-06,+13.065326732602E+00
+24.424000E-06,+13.065326735377E+00
+24.432000E-06,+12.864321711455E+00
+24.440000E-06,+13.065326732602E+00
+24.448000E-06,+12.864321711455E+00
+24.456000E-06,+13.065326732602E+00
+24.464000E-06,+12.864321711455E+00
+24.472000E-06,+13.065326732602E+00
+24.480000E-06,+13.065326735377E+00
+24.488000E-06,+13.065326735377E+00
+24.496000E-06,+13.065326735377E+00
+24.504000E-06,+13.065326735377E+00
+24.512000E-06,+12.864321711455E+00
+24.520000E-06,+12.864321708679E+00
+24.528000E-06,+12.864321708679E+00
+24.536000E-06,+12.864321708679E+00
+24.544000E-06,+13.065326732602E+00
+24.552000E-06,+13.065326735377E+00
+24.560000E-06,+12.864321711455E+00
+24.568000E-06,+13.065326732602E+00
+24.576000E-06,+13.065326735377E+00
+24.584000E-06,+13.065326735377E+00
+24.592000E-06,+13.065326735377E+00
+24.600000E-06,+12.864321711455E+00
+24.608000E-06,+13.065326732602E+00
+24.616000E-06,+12.864321711455E+00
+24.624000E-06,+13.065326732602E+00
+24.632000E-06,+13.065326735377E+00
+24.640000E-06,+13.065326735377E+00
+24.648000E-06,+13.065326735377E+00
+24.656000E-06,+13.065326735377E+00
+24.664000E-06,+13.065326735377E+00
+24.672000E-06,+13.065326735377E+00
+24.680000E-06,+13.065326735377E+00
+24.688000E-06,+13.065326735377E+00
+24.696000E-06,+13.065326735377E+00
+24.704000E-06,+12.864321711454E+00
+24.712000E-06,+12.864321708679E+00
+24.720000E-06,+13.065326732603E+00
+24.728000E-06,+13.065326735377E+00
+24.736000E-06,+12.864321711454E+00
+24.744000E-06,+12.864321708679E+00
+24.752000E-06,+13.065326732603E+00
+24.760000E-06,+13.065326735377E+00
+24.768000E-06,+13.065326735377E+00
+24.776000E-06,+13.065326735377E+00
+24.784000E-06,+13.065326735377E+00
+24.792000E-06,+13.065326735377E+00
+24.800000E-06,+12.864321711454E+00
+24.808000E-06,+13.065326732603E+00
+24.816000E-06,+13.065326735377E+00
+24.824000E-06,+13.065326735377E+00
+24.832000E-06,+13.065326735377E+00
+24.840000E-06,+13.065326735377E+00
+24.848000E-06,+12.864321711454E+00
+24.856000E-06,+13.065326732603E+00
+24.864000E-06,+12.864321711454E+00
+24.872000E-06,+13.065326732603E+00
+24.880000E-06,+13.065326735377E+00
+24.888000E-06,+12.864321711454E+00
+24.896000E-06,+13.065326732603E+00
+24.904000E-06,+13.065326735377E+00
+24.912000E-06,+13.065326735377E+00
+24.920000E-06,+13.065326735377E+00
+24.928000E-06,+13.065326735377E+00
+24.936000E-06,+13.065326735377E+00
+24.944000E-06,+13.065326735377E+00
+24.952000E-06,+13.065326735377E+00
+24.960000E-06,+13.065326735377E+00
+24.968000E-06,+12.864321711454E+00
+24.976000E-06,+12.864321708679E+00
+24.984000E-06,+12.864321708679E+00
+24.992000E-06,+13.065326732603E+00
+25.000000E-06,+13.065326735377E+00
+25.008000E-06,+13.065326735377E+00
+25.016000E-06,+12.864321711454E+00
+25.024000E-06,+12.864321708679E+00
+25.032000E-06,+13.065326732603E+00
+25.040000E-06,+12.864321711454E+00
+25.048000E-06,+13.065326732603E+00
+25.056000E-06,+12.864321711454E+00
+25.064000E-06,+12.864321708679E+00
+25.072000E-06,+12.864321708679E+00
+25.080000E-06,+13.065326732603E+00
+25.088000E-06,+13.065326735377E+00
+25.096000E-06,+12.864321711454E+00
+25.104000E-06,+13.065326732603E+00
+25.112000E-06,+13.065326735377E+00
+25.120000E-06,+13.065326735377E+00
+25.128000E-06,+12.864321711454E+00
+25.136000E-06,+12.864321708679E+00
+25.144000E-06,+13.065326732603E+00
+25.152000E-06,+13.065326735377E+00
+25.160000E-06,+12.864321711454E+00
+25.168000E-06,+13.065326732603E+00
+25.176000E-06,+13.065326735377E+00
+25.184000E-06,+12.864321711454E+00
+25.192000E-06,+13.065326732603E+00
+25.200000E-06,+13.065326735377E+00
+25.208000E-06,+13.065326735377E+00
+25.216000E-06,+13.065326735377E+00
+25.224000E-06,+13.065326735377E+00
+25.232000E-06,+12.864321711454E+00
+25.240000E-06,+12.864321708679E+00
+25.248000E-06,+13.065326732603E+00
+25.256000E-06,+13.065326735377E+00
+25.264000E-06,+13.065326735377E+00
+25.272000E-06,+13.065326735377E+00
+25.280000E-06,+13.065326735377E+00
+25.288000E-06,+13.065326735377E+00
+25.296000E-06,+13.065326735377E+00
+25.304000E-06,+13.065326735377E+00
+25.312000E-06,+13.065326735377E+00
+25.320000E-06,+13.065326735377E+00
+25.328000E-06,+13.065326735377E+00
+25.336000E-06,+13.065326735377E+00
+25.344000E-06,+13.065326735377E+00
+25.352000E-06,+13.065326735377E+00
+25.360000E-06,+13.065326735377E+00
+25.368000E-06,+12.864321711454E+00
+25.376000E-06,+13.065326732603E+00
+25.384000E-06,+13.065326735377E+00
+25.392000E-06,+12.864321711454E+00
+25.400000E-06,+13.065326732603E+00
+25.408000E-06,+12.864321711454E+00
+25.416000E-06,+12.864321708679E+00
+25.424000E-06,+13.065326732603E+00
+25.432000E-06,+13.065326735377E+00
+25.440000E-06,+13.065326735377E+00
+25.448000E-06,+13.065326735377E+00
+25.456000E-06,+12.864321711452E+00
+25.464000E-06,+13.065326732604E+00
+25.472000E-06,+12.864321711452E+00
+25.480000E-06,+12.864321708679E+00
+25.488000E-06,+13.065326732604E+00
+25.496000E-06,+13.065326735377E+00
+25.504000E-06,+12.864321711452E+00
+25.512000E-06,+13.065326732604E+00
+25.520000E-06,+12.864321711452E+00
+25.528000E-06,+13.065326732604E+00
+25.536000E-06,+13.065326735377E+00
+25.544000E-06,+13.065326735377E+00
+25.552000E-06,+13.065326735377E+00
+25.560000E-06,+13.065326735377E+00
+25.568000E-06,+13.065326735377E+00
+25.576000E-06,+13.065326735377E+00
+25.584000E-06,+13.065326735377E+00
+25.592000E-06,+13.065326735377E+00
+25.600000E-06,+13.065326735377E+00
+25.608000E-06,+12.864321711452E+00
+25.616000E-06,+13.065326732604E+00
+25.624000E-06,+13.065326735377E+00
+25.632000E-06,+12.864321711452E+00
+25.640000E-06,+13.065326732604E+00
+25.648000E-06,+13.065326735377E+00
+25.656000E-06,+12.864321711452E+00
+25.664000E-06,+12.864321708679E+00
+25.672000E-06,+13.065326732604E+00
+25.680000E-06,+13.065326735377E+00
+25.688000E-06,+13.065326735377E+00
+25.696000E-06,+13.065326735377E+00
+25.704000E-06,+13.065326735377E+00
+25.712000E-06,+13.065326735377E+00
+25.720000E-06,+12.864321711452E+00
+25.728000E-06,+13.065326732604E+00
+25.736000E-06,+13.065326735377E+00
+25.744000E-06,+12.864321711452E+00
+25.752000E-06,+13.065326732604E+00
+25.760000E-06,+13.065326735377E+00
+25.768000E-06,+13.065326735377E+00
+25.776000E-06,+13.065326735377E+00
+25.784000E-06,+13.065326735377E+00
+25.792000E-06,+13.065326735377E+00
+25.800000E-06,+13.065326735377E+00
+25.808000E-06,+13.065326735377E+00
+25.816000E-06,+13.065326735377E+00
+25.824000E-06,+13.065326735377E+00
+25.832000E-06,+13.065326735377E+00
+25.840000E-06,+13.065326735377E+00
+25.848000E-06,+13.065326735377E+00
+25.856000E-06,+12.864321711452E+00
+25.864000E-06,+12.864321708679E+00
+25.872000E-06,+13.065326732604E+00
+25.880000E-06,+13.065326735377E+00
+25.888000E-06,+13.065326735377E+00
+25.896000E-06,+13.065326735377E+00
+25.904000E-06,+13.065326735377E+00
+25.912000E-06,+12.864321711452E+00
+25.920000E-06,+13.065326732604E+00
+25.928000E-06,+13.065326735377E+00
+25.936000E-06,+13.065326735377E+00
+25.944000E-06,+12.864321711452E+00
+25.952000E-06,+13.065326732604E+00
+25.960000E-06,+13.065326735377E+00
+25.968000E-06,+13.065326735377E+00
+25.976000E-06,+13.065326735377E+00
+25.984000E-06,+13.065326735377E+00
+25.992000E-06,+12.864321711452E+00
+26.000000E-06,+13.065326732604E+00
+26.008000E-06,+13.065326735377E+00
+26.016000E-06,+13.065326735377E+00
+26.024000E-06,+13.065326735377E+00
+26.032000E-06,+13.065326735377E+00
+26.040000E-06,+13.065326735377E+00
+26.048000E-06,+13.065326735377E+00
+26.056000E-06,+13.065326735377E+00
+26.064000E-06,+13.065326735377E+00
+26.072000E-06,+12.864321711452E+00
+26.080000E-06,+12.864321708679E+00
+26.088000E-06,+13.065326732604E+00
+26.096000E-06,+13.065326735377E+00
+26.104000E-06,+13.065326735377E+00
+26.112000E-06,+12.864321711452E+00
+26.120000E-06,+13.065326732604E+00
+26.128000E-06,+13.065326735377E+00
+26.136000E-06,+13.065326735377E+00
+26.144000E-06,+13.065326735377E+00
+26.152000E-06,+13.065326735377E+00
+26.160000E-06,+13.065326735377E+00
+26.168000E-06,+13.065326735377E+00
+26.176000E-06,+13.065326735377E+00
+26.184000E-06,+12.864321711452E+00
+26.192000E-06,+12.864321708679E+00
+26.200000E-06,+13.065326732604E+00
+26.208000E-06,+13.065326735377E+00
+26.216000E-06,+12.864321711452E+00
+26.224000E-06,+12.864321708679E+00
+26.232000E-06,+13.065326732604E+00
+26.240000E-06,+12.864321711452E+00
+26.248000E-06,+13.065326732606E+00
+26.256000E-06,+12.864321711451E+00
+26.264000E-06,+13.065326732606E+00
+26.272000E-06,+13.065326735377E+00
+26.280000E-06,+13.065326735377E+00
+26.288000E-06,+13.065326735377E+00
+26.296000E-06,+13.065326735377E+00
+26.304000E-06,+13.065326735377E+00
+26.312000E-06,+13.065326735377E+00
+26.320000E-06,+13.065326735377E+00
+26.328000E-06,+12.864321711451E+00
+26.336000E-06,+13.065326732606E+00
+26.344000E-06,+13.065326735377E+00
+26.352000E-06,+13.065326735377E+00
+26.360000E-06,+13.065326735377E+00
+26.368000E-06,+13.065326735377E+00
+26.376000E-06,+13.065326735377E+00
+26.384000E-06,+13.065326735377E+00
+26.392000E-06,+12.864321711451E+00
+26.400000E-06,+12.864321708679E+00
+26.408000E-06,+13.065326732606E+00
+26.416000E-06,+12.864321711451E+00
+26.424000E-06,+13.065326732606E+00
+26.432000E-06,+13.065326735377E+00
+26.440000E-06,+12.864321711451E+00
+26.448000E-06,+12.864321708679E+00
+26.456000E-06,+12.864321708679E+00
+26.464000E-06,+13.065326732606E+00
+26.472000E-06,+13.065326735377E+00
+26.480000E-06,+12.864321711451E+00
+26.488000E-06,+13.065326732606E+00
+26.496000E-06,+13.065326735377E+00
+26.504000E-06,+13.065326735377E+00
+26.512000E-06,+13.065326735377E+00
+26.520000E-06,+12.864321711451E+00
+26.528000E-06,+13.065326732606E+00
+26.536000E-06,+12.864321711451E+00
+26.544000E-06,+13.065326732606E+00
+26.552000E-06,+13.065326735377E+00
+26.560000E-06,+13.065326735377E+00
+26.568000E-06,+12.864321711451E+00
+26.576000E-06,+13.065326732606E+00
+26.584000E-06,+13.065326735377E+00
+26.592000E-06,+13.065326735377E+00
+26.600000E-06,+13.065326735377E+00
+26.608000E-06,+13.065326735377E+00
+26.616000E-06,+13.065326735377E+00
+26.624000E-06,+12.864321711451E+00
+26.632000E-06,+12.864321708679E+00
+26.640000E-06,+13.065326732606E+00
+26.648000E-06,+12.864321711451E+00
+26.656000E-06,+12.864321708679E+00
+26.664000E-06,+12.864321708679E+00
+26.672000E-06,+12.864321708679E+00
+26.680000E-06,+13.065326732606E+00
+26.688000E-06,+12.864321711451E+00
+26.696000E-06,+13.065326732606E+00
+26.704000E-06,+13.065326735377E+00
+26.712000E-06,+13.065326735377E+00
+26.720000E-06,+13.065326735377E+00
+26.728000E-06,+13.065326735377E+00
+26.736000E-06,+13.065326735377E+00
+26.744000E-06,+12.864321711451E+00
+26.752000E-06,+13.065326732606E+00
+26.760000E-06,+13.065326735377E+00
+26.768000E-06,+13.065326735377E+00
+26.776000E-06,+13.065326735377E+00
+26.784000E-06,+12.864321711451E+00
+26.792000E-06,+13.065326732606E+00
+26.800000E-06,+12.864321711451E+00
+26.808000E-06,+13.065326732606E+00
+26.816000E-06,+13.065326735377E+00
+26.824000E-06,+13.065326735377E+00
+26.832000E-06,+12.864321711451E+00
+26.840000E-06,+12.864321708679E+00
+26.848000E-06,+13.065326732606E+00
+26.856000E-06,+12.864321711451E+00
+26.864000E-06,+13.065326732606E+00
+26.872000E-06,+13.065326735377E+00
+26.880000E-06,+13.065326735377E+00
+26.888000E-06,+12.864321711451E+00
+26.896000E-06,+13.065326732606E+00
+26.904000E-06,+13.065326735377E+00
+26.912000E-06,+13.065326735377E+00
+26.920000E-06,+13.065326735377E+00
+26.928000E-06,+13.065326735377E+00
+26.936000E-06,+13.065326735377E+00
+26.944000E-06,+13.065326735377E+00
+26.952000E-06,+13.065326735377E+00
+26.960000E-06,+12.864321711451E+00
+26.968000E-06,+13.065326732606E+00
+26.976000E-06,+13.065326735377E+00
+26.984000E-06,+13.065326735377E+00
+26.992000E-06,+13.065326735377E+00
+27.000000E-06,+12.864321711449E+00
+27.008000E-06,+13.065326732607E+00
+27.016000E-06,+13.065326735377E+00
+27.024000E-06,+13.065326735377E+00
+27.032000E-06,+13.065326735377E+00
+27.040000E-06,+12.864321711449E+00
+27.048000E-06,+13.065326732607E+00
+27.056000E-06,+13.065326735377E+00
+27.064000E-06,+13.065326735377E+00
+27.072000E-06,+13.065326735377E+00
+27.080000E-06,+13.065326735377E+00
+27.088000E-06,+13.065326735377E+00
+27.096000E-06,+13.065326735377E+00
+27.104000E-06,+13.065326735377E+00
+27.112000E-06,+13.065326735377E+00
+27.120000E-06,+13.065326735377E+00
+27.128000E-06,+13.065326735377E+00
+27.136000E-06,+13.065326735377E+00
+27.144000E-06,+12.864321711449E+00
+27.152000E-06,+13.065326732607E+00
+27.160000E-06,+13.065326735377E+00
+27.168000E-06,+13.065326735377E+00
+27.176000E-06,+13.065326735377E+00
+27.184000E-06,+13.065326735377E+00
+27.192000E-06,+13.065326735377E+00
+27.200000E-06,+13.065326735377E+00
+27.208000E-06,+13.065326735377E+00
+27.216000E-06,+13.065326735377E+00
+27.224000E-06,+13.065326735377E+00
+27.232000E-06,+13.065326735377E+00
+27.240000E-06,+13.065326735377E+00
+27.248000E-06,+13.065326735377E+00
+27.256000E-06,+13.065326735377E+00
+27.264000E-06,+13.065326735377E+00
+27.272000E-06,+13.065326735377E+00
+27.280000E-06,+13.065326735377E+00
+27.288000E-06,+13.065326735377E+00
+27.296000E-06,+12.864321711449E+00
+27.304000E-06,+13.065326732607E+00
+27.312000E-06,+13.065326735377E+00
+27.320000E-06,+13.065326735377E+00
+27.328000E-06,+13.065326735377E+00
+27.336000E-06,+13.065326735377E+00
+27.344000E-06,+13.065326735377E+00
+27.352000E-06,+13.065326735377E+00
+27.360000E-06,+13.065326735377E+00
+27.368000E-06,+12.864321711449E+00
+27.376000E-06,+13.065326732607E+00
+27.384000E-06,+12.864321711449E+00
+27.392000E-06,+13.065326732607E+00
+27.400000E-06,+12.864321711449E+00
+27.408000E-06,+13.065326732607E+00
+27.416000E-06,+13.065326735377E+00
+27.424000E-06,+12.864321711449E+00
+27.432000E-06,+12.864321708679E+00
+27.440000E-06,+13.065326732607E+00
+27.448000E-06,+13.065326735377E+00
+27.456000E-06,+12.864321711449E+00
+27.464000E-06,+13.065326732607E+00
+27.472000E-06,+13.065326735377E+00
+27.480000E-06,+13.065326735377E+00
+27.488000E-06,+13.065326735377E+00
+27.496000E-06,+13.065326735377E+00
+27.504000E-06,+13.065326735377E+00
+27.512000E-06,+13.065326735377E+00
+27.520000E-06,+13.065326735377E+00
+27.528000E-06,+13.065326735377E+00
+27.536000E-06,+13.065326735377E+00
+27.544000E-06,+13.065326735377E+00
+27.552000E-06,+13.065326735377E+00
+27.560000E-06,+13.065326735377E+00
+27.568000E-06,+13.065326735377E+00
+27.576000E-06,+12.864321711449E+00
+27.584000E-06,+13.065326732607E+00
+27.592000E-06,+13.065326735377E+00
+27.600000E-06,+13.065326735377E+00
+27.608000E-06,+12.864321711449E+00
+27.616000E-06,+13.065326732607E+00
+27.624000E-06,+13.065326735377E+00
+27.632000E-06,+13.065326735377E+00
+27.640000E-06,+13.065326735377E+00
+27.648000E-06,+13.065326735377E+00
+27.656000E-06,+13.065326735377E+00
+27.664000E-06,+13.065326735377E+00
+27.672000E-06,+13.065326735377E+00
+27.680000E-06,+13.065326735377E+00
+27.688000E-06,+13.065326735377E+00
+27.696000E-06,+13.065326735377E+00
+27.704000E-06,+12.864321711449E+00
+27.712000E-06,+13.065326732607E+00
+27.720000E-06,+13.065326735377E+00
+27.728000E-06,+12.864321711449E+00
+27.736000E-06,+12.864321708679E+00
+27.744000E-06,+13.065326732607E+00
+27.752000E-06,+13.065326735377E+00
+27.760000E-06,+13.065326735377E+00
+27.768000E-06,+13.065326735377E+00
+27.776000E-06,+13.065326735377E+00
+27.784000E-06,+13.065326735377E+00
+27.792000E-06,+13.065326735377E+00
+27.800000E-06,+13.065326735377E+00
+27.808000E-06,+13.065326735377E+00
+27.816000E-06,+13.065326735377E+00
+27.824000E-06,+13.065326735377E+00
+27.832000E-06,+13.065326735377E+00
+27.840000E-06,+13.065326735377E+00
+27.848000E-06,+13.065326735377E+00
+27.856000E-06,+13.065326735377E+00
+27.864000E-06,+13.065326735377E+00
+27.872000E-06,+13.065326735377E+00
+27.880000E-06,+13.065326735377E+00
+27.888000E-06,+13.065326735377E+00
+27.896000E-06,+13.065326735377E+00
+27.904000E-06,+13.065326735377E+00
+27.912000E-06,+13.065326735377E+00
+27.920000E-06,+12.864321711448E+00
+27.928000E-06,+13.065326732609E+00
+27.936000E-06,+13.266331759307E+00
+27.944000E-06,+13.065326738146E+00
+27.952000E-06,+12.864321711448E+00
+27.960000E-06,+12.864321708679E+00
+27.968000E-06,+13.065326732609E+00
+27.976000E-06,+13.065326735377E+00
+27.984000E-06,+13.065326735377E+00
+27.992000E-06,+13.065326735377E+00
+28.000000E-06,+13.065326735377E+00
+28.008000E-06,+13.065326735377E+00
+28.016000E-06,+13.065326735377E+00
+28.024000E-06,+13.065326735377E+00
+28.032000E-06,+13.065326735377E+00
+28.040000E-06,+13.065326735377E+00
+28.048000E-06,+13.065326735377E+00
+28.056000E-06,+13.065326735377E+00
+28.064000E-06,+13.065326735377E+00
+28.072000E-06,+12.864321711448E+00
+28.080000E-06,+13.065326732609E+00
+28.088000E-06,+13.065326735377E+00
+28.096000E-06,+12.864321711448E+00
+28.104000E-06,+12.864321708679E+00
+28.112000E-06,+13.065326732609E+00
+28.120000E-06,+13.065326735377E+00
+28.128000E-06,+13.065326735377E+00
+28.136000E-06,+12.864321711448E+00
+28.144000E-06,+13.065326732609E+00
+28.152000E-06,+12.864321711448E+00
+28.160000E-06,+13.065326732609E+00
+28.168000E-06,+13.065326735377E+00
+28.176000E-06,+13.065326735377E+00
+28.184000E-06,+13.065326735377E+00
+28.192000E-06,+12.864321711448E+00
+28.200000E-06,+13.065326732609E+00
+28.208000E-06,+12.864321711448E+00
+28.216000E-06,+13.065326732609E+00
+28.224000E-06,+12.864321711448E+00
+28.232000E-06,+12.864321708679E+00
+28.240000E-06,+12.864321708679E+00
+28.248000E-06,+13.065326732609E+00
+28.256000E-06,+12.864321711448E+00
+28.264000E-06,+13.065326732609E+00
+28.272000E-06,+13.065326735377E+00
+28.280000E-06,+13.065326735377E+00
+28.288000E-06,+13.065326735377E+00
+28.296000E-06,+13.065326735377E+00
+28.304000E-06,+12.864321711448E+00
+28.312000E-06,+13.065326732609E+00
+28.320000E-06,+12.864321711448E+00
+28.328000E-06,+13.065326732609E+00
+28.336000E-06,+13.065326735377E+00
+28.344000E-06,+13.065326735377E+00
+28.352000E-06,+13.065326735377E+00
+28.360000E-06,+13.065326735377E+00
+28.368000E-06,+13.065326735377E+00
+28.376000E-06,+13.065326735377E+00
+28.384000E-06,+13.065326735377E+00
+28.392000E-06,+13.065326735377E+00
+28.400000E-06,+13.065326735377E+00
+28.408000E-06,+13.065326735377E+00
+28.416000E-06,+13.065326735377E+00
+28.424000E-06,+12.864321711448E+00
+28.432000E-06,+13.065326732609E+00
+28.440000E-06,+13.065326735377E+00
+28.448000E-06,+12.864321711448E+00
+28.456000E-06,+12.864321708679E+00
+28.464000E-06,+12.864321708679E+00
+28.472000E-06,+12.663316684750E+00
+28.480000E-06,+12.663316681981E+00
+28.488000E-06,+12.663316681981E+00
+28.496000E-06,+12.462311658052E+00
+28.504000E-06,+12.462311655283E+00
+28.512000E-06,+12.462311655283E+00
+28.520000E-06,+12.462311655283E+00
+28.528000E-06,+12.261306631352E+00
+28.536000E-06,+12.261306628585E+00
+28.544000E-06,+12.261306628585E+00
+28.552000E-06,+12.261306628585E+00
+28.560000E-06,+12.060301604654E+00
+28.568000E-06,+12.060301601887E+00
+28.576000E-06,+12.060301601887E+00
+28.584000E-06,+11.859296577956E+00
+28.592000E-06,+11.859296575189E+00
+28.600000E-06,+11.859296575189E+00
+28.608000E-06,+11.859296575189E+00
+28.616000E-06,+11.658291551258E+00
+28.624000E-06,+11.658291548491E+00
+28.632000E-06,+11.859296572422E+00
+28.640000E-06,+11.658291551258E+00
+28.648000E-06,+11.658291548491E+00
+28.656000E-06,+11.658291548491E+00
+28.664000E-06,+11.457286524560E+00
+28.672000E-06,+11.457286521792E+00
+28.680000E-06,+11.457286521792E+00
+28.688000E-06,+11.658291545724E+00
+28.696000E-06,+11.658291548491E+00
+28.704000E-06,+11.457286524560E+00
+28.712000E-06,+11.457286521792E+00
+28.720000E-06,+11.457286521792E+00
+28.728000E-06,+11.256281497861E+00
+28.736000E-06,+11.256281495094E+00
+28.744000E-06,+11.256281495094E+00
+28.752000E-06,+11.256281495094E+00
+28.760000E-06,+11.256281495094E+00
+28.768000E-06,+11.256281495094E+00
+28.776000E-06,+11.055276471163E+00
+28.784000E-06,+11.256281492327E+00
+28.792000E-06,+11.256281495094E+00
+28.800000E-06,+11.055276471163E+00
+28.808000E-06,+11.055276468396E+00
+28.816000E-06,+11.256281492327E+00
+28.824000E-06,+11.055276471163E+00
+28.832000E-06,+11.055276468396E+00
+28.840000E-06,+10.854271444465E+00
+28.848000E-06,+10.854271441698E+00
+28.856000E-06,+11.055276465629E+00
+28.864000E-06,+10.854271444465E+00
+28.872000E-06,+11.055276465629E+00
+28.880000E-06,+11.055276468396E+00
+28.888000E-06,+10.854271444465E+00
+28.896000E-06,+10.854271441698E+00
+28.904000E-06,+10.653266417767E+00
+28.912000E-06,+10.653266415000E+00
+28.920000E-06,+10.653266415000E+00
+28.928000E-06,+10.653266415000E+00
+28.936000E-06,+10.854271438931E+00
+28.944000E-06,+10.854271441698E+00
+28.952000E-06,+10.854271441698E+00
+28.960000E-06,+10.653266417767E+00
+28.968000E-06,+10.653266415000E+00
+28.976000E-06,+10.653266415000E+00
+28.984000E-06,+10.653266415000E+00
+28.992000E-06,+10.653266415000E+00
+29.000000E-06,+10.653266415000E+00
+29.008000E-06,+10.452261391069E+00
+29.016000E-06,+10.452261388302E+00
+29.024000E-06,+10.452261388302E+00
+29.032000E-06,+10.452261388302E+00
+29.040000E-06,+10.452261388302E+00
+29.048000E-06,+10.452261388302E+00
+29.056000E-06,+10.452261388302E+00
+29.064000E-06,+10.452261388302E+00
+29.072000E-06,+10.251256364371E+00
+29.080000E-06,+10.251256361604E+00
+29.088000E-06,+10.251256361604E+00
+29.096000E-06,+10.251256361604E+00
+29.104000E-06,+10.251256361604E+00
+29.112000E-06,+10.251256361604E+00
+29.120000E-06,+10.251256361604E+00
+29.128000E-06,+10.251256361604E+00
+29.136000E-06,+10.050251337673E+00
+29.144000E-06,+10.050251334906E+00
+29.152000E-06,+10.050251334906E+00
+29.160000E-06,+10.050251334906E+00
+29.168000E-06,+10.050251334906E+00
+29.176000E-06,+10.050251334906E+00
+29.184000E-06,+10.050251334906E+00
+29.192000E-06,+9.849246310975E+00
+29.200000E-06,+10.050251332139E+00
+29.208000E-06,+9.849246310975E+00
+29.216000E-06,+9.849246308208E+00
+29.224000E-06,+9.849246308208E+00
+29.232000E-06,+9.849246308208E+00
+29.240000E-06,+9.648241284276E+00
+29.248000E-06,+9.849246305440E+00
+29.256000E-06,+9.648241284276E+00
+29.264000E-06,+9.849246305440E+00
+29.272000E-06,+9.648241284276E+00
+29.280000E-06,+9.648241281509E+00
+29.288000E-06,+9.648241281509E+00
+29.296000E-06,+9.648241281509E+00
+29.304000E-06,+9.447236257578E+00
+29.312000E-06,+9.648241278742E+00
+29.320000E-06,+9.648241281509E+00
+29.328000E-06,+9.447236257578E+00
+29.336000E-06,+9.447236254811E+00
+29.344000E-06,+9.447236254811E+00
+29.352000E-06,+9.648241278744E+00
+29.360000E-06,+9.246231233644E+00
+29.368000E-06,+9.447236252046E+00
+29.376000E-06,+9.447236254811E+00
+29.384000E-06,+9.447236254811E+00
+29.392000E-06,+9.447236254811E+00
+29.400000E-06,+9.246231230879E+00
+29.408000E-06,+9.246231228113E+00
+29.416000E-06,+9.246231228113E+00
+29.424000E-06,+9.246231228113E+00
+29.432000E-06,+9.246231228113E+00
+29.440000E-06,+9.246231228113E+00
+29.448000E-06,+9.045226204181E+00
+29.456000E-06,+9.045226201415E+00
+29.464000E-06,+9.045226201415E+00
+29.472000E-06,+9.246231225348E+00
+29.480000E-06,+9.045226204181E+00
+29.488000E-06,+9.045226201415E+00
+29.496000E-06,+9.045226201415E+00
+29.504000E-06,+8.844221177483E+00
+29.512000E-06,+9.045226198649E+00
+29.520000E-06,+8.844221177483E+00
+29.528000E-06,+9.045226198649E+00
+29.536000E-06,+9.045226201415E+00
+29.544000E-06,+8.844221177483E+00
+29.552000E-06,+8.844221174717E+00
+29.560000E-06,+8.844221174717E+00
+29.568000E-06,+8.844221174717E+00
+29.576000E-06,+8.643216150784E+00
+29.584000E-06,+8.643216148019E+00
+29.592000E-06,+8.643216148019E+00
+29.600000E-06,+8.643216148019E+00
+29.608000E-06,+8.844221171951E+00
+29.616000E-06,+8.643216150784E+00
+29.624000E-06,+8.643216148019E+00
+29.632000E-06,+8.643216148019E+00
+29.640000E-06,+8.643216148019E+00
+29.648000E-06,+8.643216148019E+00
+29.656000E-06,+8.442211124086E+00
+29.664000E-06,+8.442211121321E+00
+29.672000E-06,+8.442211121321E+00
+29.680000E-06,+8.643216145253E+00
+29.688000E-06,+8.442211124086E+00
+29.696000E-06,+8.241206097388E+00
+29.704000E-06,+8.442211118555E+00
+29.712000E-06,+8.442211121321E+00
+29.720000E-06,+8.241206097388E+00
+29.728000E-06,+8.442211118555E+00
+29.736000E-06,+8.241206097388E+00
+29.744000E-06,+8.241206094623E+00
+29.752000E-06,+8.241206094623E+00
+29.760000E-06,+8.241206094623E+00
+29.768000E-06,+8.241206094623E+00
+29.776000E-06,+8.241206094623E+00
+29.784000E-06,+8.241206094623E+00
+29.792000E-06,+8.040201070690E+00
+29.800000E-06,+8.040201067925E+00
+29.808000E-06,+8.040201067925E+00
+29.816000E-06,+8.040201067925E+00
+29.824000E-06,+8.040201067925E+00
+29.832000E-06,+7.839196043992E+00
+29.840000E-06,+8.040201065159E+00
+29.848000E-06,+8.040201067925E+00
+29.856000E-06,+8.040201067925E+00
+29.864000E-06,+7.839196043992E+00
+29.872000E-06,+7.839196041226E+00
+29.880000E-06,+7.839196041226E+00
+29.888000E-06,+7.839196041226E+00
+29.896000E-06,+7.839196041226E+00
+29.904000E-06,+7.839196041226E+00
+29.912000E-06,+7.839196041226E+00
+29.920000E-06,+7.839196041226E+00
+29.928000E-06,+7.839196041226E+00
+29.936000E-06,+7.638191017294E+00
+29.944000E-06,+7.638191014528E+00
+29.952000E-06,+7.638191014528E+00
+29.960000E-06,+7.638191014528E+00
+29.968000E-06,+7.437185990596E+00
+29.976000E-06,+7.638191011763E+00
+29.984000E-06,+7.638191014528E+00
+29.992000E-06,+7.437185990596E+00
+30.000000E-06,+7.437185987830E+00
+30.008000E-06,+7.437185987830E+00
+30.016000E-06,+7.437185987830E+00
+30.024000E-06,+7.437185987830E+00
+30.032000E-06,+7.437185987830E+00
+30.040000E-06,+7.437185987830E+00
+30.048000E-06,+7.437185987830E+00
+30.056000E-06,+7.236180963898E+00
+30.064000E-06,+7.236180961132E+00
+30.072000E-06,+7.236180961132E+00
+30.080000E-06,+7.236180961132E+00
+30.088000E-06,+7.236180961132E+00
+30.096000E-06,+7.236180961132E+00
+30.104000E-06,+7.236180961132E+00
+30.112000E-06,+7.236180961132E+00
+30.120000E-06,+7.035175937198E+00
+30.128000E-06,+7.236180958368E+00
+30.136000E-06,+7.035175937198E+00
+30.144000E-06,+7.035175934434E+00
+30.152000E-06,+7.035175934434E+00
+30.160000E-06,+7.035175934434E+00
+30.168000E-06,+7.035175934434E+00
+30.176000E-06,+7.035175934434E+00
+30.184000E-06,+6.834170910500E+00
+30.192000E-06,+7.035175931670E+00
+30.200000E-06,+6.834170910500E+00
+30.208000E-06,+6.834170907736E+00
+30.216000E-06,+6.834170907736E+00
+30.224000E-06,+6.834170907736E+00
+30.232000E-06,+6.834170907736E+00
+30.240000E-06,+6.834170907736E+00
+30.248000E-06,+6.834170907736E+00
+30.256000E-06,+6.834170907736E+00
+30.264000E-06,+6.633165883802E+00
+30.272000E-06,+6.633165881038E+00
+30.280000E-06,+6.633165881038E+00
+30.288000E-06,+6.633165881038E+00
+30.296000E-06,+6.633165881038E+00
+30.304000E-06,+6.633165881038E+00
+30.312000E-06,+6.633165881038E+00
+30.320000E-06,+6.633165881038E+00
+30.328000E-06,+6.633165881038E+00
+30.336000E-06,+6.633165881038E+00
+30.344000E-06,+6.432160857104E+00
+30.352000E-06,+6.432160854340E+00
+30.360000E-06,+6.432160854340E+00
+30.368000E-06,+6.432160854340E+00
+30.376000E-06,+6.432160854340E+00
+30.384000E-06,+6.231155830406E+00
+30.392000E-06,+6.432160851575E+00
+30.400000E-06,+6.432160854340E+00
+30.408000E-06,+6.432160854340E+00
+30.416000E-06,+6.432160854340E+00
+30.424000E-06,+6.432160854340E+00
+30.432000E-06,+6.231155830406E+00
+30.440000E-06,+6.231155827641E+00
+30.448000E-06,+6.231155827641E+00
+30.456000E-06,+6.231155827641E+00
+30.464000E-06,+6.231155827641E+00
+30.472000E-06,+6.231155827641E+00
+30.480000E-06,+6.231155827641E+00
+30.488000E-06,+6.231155827641E+00
+30.496000E-06,+6.030150803708E+00
+30.504000E-06,+6.030150800943E+00
+30.512000E-06,+6.030150800943E+00
+30.520000E-06,+6.030150800943E+00
+30.528000E-06,+6.030150800943E+00
+30.536000E-06,+6.030150800943E+00
+30.544000E-06,+5.829145777009E+00
+30.552000E-06,+6.030150798179E+00
+30.560000E-06,+6.030150800943E+00
+30.568000E-06,+5.829145777009E+00
+30.576000E-06,+5.829145774245E+00
+30.584000E-06,+5.829145774245E+00
+30.592000E-06,+5.829145774245E+00
+30.600000E-06,+5.829145774245E+00
+30.608000E-06,+6.030150798179E+00
+30.616000E-06,+5.829145777009E+00
+30.624000E-06,+5.829145774245E+00
+30.632000E-06,+5.628140750313E+00
+30.640000E-06,+5.628140747547E+00
+30.648000E-06,+5.628140747547E+00
+30.656000E-06,+5.628140747547E+00
+30.664000E-06,+5.628140747547E+00
+30.672000E-06,+5.628140747547E+00
+30.680000E-06,+5.628140747547E+00
+30.688000E-06,+5.628140747547E+00
+30.696000E-06,+5.628140747547E+00
+30.704000E-06,+5.427135723615E+00
+30.712000E-06,+5.427135720849E+00
+30.720000E-06,+5.427135720849E+00
+30.728000E-06,+5.427135720849E+00
+30.736000E-06,+5.427135720849E+00
+30.744000E-06,+5.427135720849E+00
+30.752000E-06,+5.427135720849E+00
+30.760000E-06,+5.226130696917E+00
+30.768000E-06,+5.427135718083E+00
+30.776000E-06,+5.427135720849E+00
+30.784000E-06,+5.427135720849E+00
+30.792000E-06,+5.427135720849E+00
+30.800000E-06,+5.226130696918E+00
+30.808000E-06,+5.226130694151E+00
+30.816000E-06,+5.226130694151E+00
+30.824000E-06,+5.427135718082E+00
+30.832000E-06,+5.226130696918E+00
+30.840000E-06,+5.226130694151E+00
+30.848000E-06,+5.025125670220E+00
+30.856000E-06,+5.226130691384E+00
+30.864000E-06,+5.226130694151E+00
+30.872000E-06,+5.025125670220E+00
+30.880000E-06,+5.025125667453E+00
+30.888000E-06,+5.025125667453E+00
+30.896000E-06,+5.025125667453E+00
+30.904000E-06,+5.025125667453E+00
+30.912000E-06,+5.025125667453E+00
+30.920000E-06,+5.025125667453E+00
+30.928000E-06,+5.025125667453E+00
+30.936000E-06,+4.824120643522E+00
+30.944000E-06,+5.025125664686E+00
+30.952000E-06,+5.025125667453E+00
+30.960000E-06,+4.824120643523E+00
+30.968000E-06,+4.824120640755E+00
+30.976000E-06,+4.623115616825E+00
+30.984000E-06,+4.824120637986E+00
+30.992000E-06,+4.623115616825E+00
+31.000000E-06,+4.824120637986E+00
+31.008000E-06,+4.623115616825E+00
+31.016000E-06,+4.623115614057E+00
+31.024000E-06,+4.623115614057E+00
+31.032000E-06,+4.623115614057E+00
+31.040000E-06,+4.623115614057E+00
+31.048000E-06,+4.623115614057E+00
+31.056000E-06,+4.623115614057E+00
+31.064000E-06,+4.623115614057E+00
+31.072000E-06,+4.623115614057E+00
+31.080000E-06,+4.623115614057E+00
+31.088000E-06,+4.623115614057E+00
+31.096000E-06,+4.623115614057E+00
+31.104000E-06,+4.422110590127E+00
+31.112000E-06,+4.422110587358E+00
+31.120000E-06,+4.422110587358E+00
+31.128000E-06,+4.422110587358E+00
+31.136000E-06,+4.422110587358E+00
+31.144000E-06,+4.422110587358E+00
+31.152000E-06,+4.422110587358E+00
+31.160000E-06,+4.422110587358E+00
+31.168000E-06,+4.221105563430E+00
+31.176000E-06,+4.221105560660E+00
+31.184000E-06,+4.221105560660E+00
+31.192000E-06,+4.221105560660E+00
+31.200000E-06,+4.221105560660E+00
+31.208000E-06,+4.221105560660E+00
+31.216000E-06,+4.221105560660E+00
+31.224000E-06,+4.221105560660E+00
+31.232000E-06,+4.020100536732E+00
+31.240000E-06,+4.020100533962E+00
+31.248000E-06,+4.020100533962E+00
+31.256000E-06,+4.221105557890E+00
+31.264000E-06,+4.221105560660E+00
+31.272000E-06,+4.020100536732E+00
+31.280000E-06,+4.020100533962E+00
+31.288000E-06,+4.020100533962E+00
+31.296000E-06,+4.020100533962E+00
+31.304000E-06,+4.020100533962E+00
+31.312000E-06,+3.819095510036E+00
+31.320000E-06,+4.020100531191E+00
+31.328000E-06,+4.020100533962E+00
+31.336000E-06,+3.819095510036E+00
+31.344000E-06,+4.020100531191E+00
+31.352000E-06,+3.819095510036E+00
+31.360000E-06,+3.819095507264E+00
+31.368000E-06,+3.819095507264E+00
+31.376000E-06,+3.819095507264E+00
+31.384000E-06,+3.819095507264E+00
+31.392000E-06,+3.819095507264E+00
+31.400000E-06,+3.819095507264E+00
+31.408000E-06,+3.819095507264E+00
+31.416000E-06,+3.819095507264E+00
+31.424000E-06,+3.819095507264E+00
+31.432000E-06,+3.618090483337E+00
+31.440000E-06,+3.618090480566E+00
+31.448000E-06,+3.618090480566E+00
+31.456000E-06,+3.618090480566E+00
+31.464000E-06,+3.618090480566E+00
+31.472000E-06,+3.618090480566E+00
+31.480000E-06,+3.618090480566E+00
+31.488000E-06,+3.618090480566E+00
+31.496000E-06,+3.417085456641E+00
+31.504000E-06,+3.618090477793E+00
+31.512000E-06,+3.618090480566E+00
+31.520000E-06,+3.618090480566E+00
+31.528000E-06,+3.618090480566E+00
+31.536000E-06,+3.417085456641E+00
+31.544000E-06,+3.417085453868E+00
+31.552000E-06,+3.417085453868E+00
+31.560000E-06,+3.417085453868E+00
+31.568000E-06,+3.417085453868E+00
+31.576000E-06,+3.216080429943E+00
+31.584000E-06,+3.417085451095E+00
+31.592000E-06,+3.216080429943E+00
+31.600000E-06,+3.417085451095E+00
+31.608000E-06,+3.216080429943E+00
+31.616000E-06,+3.216080427170E+00
+31.624000E-06,+3.216080427170E+00
+31.632000E-06,+3.216080427170E+00
+31.640000E-06,+3.216080427170E+00
+31.648000E-06,+3.216080427170E+00
+31.656000E-06,+3.216080427170E+00
+31.664000E-06,+3.216080427170E+00
+31.672000E-06,+3.216080427170E+00
+31.680000E-06,+3.216080427170E+00
+31.688000E-06,+3.216080427170E+00
+31.696000E-06,+3.015075403246E+00
+31.704000E-06,+3.015075400472E+00
+31.712000E-06,+3.015075400472E+00
+31.720000E-06,+2.814070376548E+00
+31.728000E-06,+3.015075397697E+00
+31.736000E-06,+3.015075400472E+00
+31.744000E-06,+3.015075400472E+00
+31.752000E-06,+2.814070376548E+00
+31.760000E-06,+3.015075397697E+00
+31.768000E-06,+2.814070376548E+00
+31.776000E-06,+2.814070373774E+00
+31.784000E-06,+3.015075397696E+00
+31.792000E-06,+2.814070376549E+00
+31.800000E-06,+2.814070373774E+00
+31.808000E-06,+2.814070373774E+00
+31.816000E-06,+2.814070373774E+00
+31.824000E-06,+2.814070373774E+00
+31.832000E-06,+2.814070373774E+00
+31.840000E-06,+2.613065349851E+00
+31.848000E-06,+2.613065347075E+00
+31.856000E-06,+2.613065347075E+00
+31.864000E-06,+2.613065347075E+00
+31.872000E-06,+2.613065347075E+00
+31.880000E-06,+2.613065347075E+00
+31.888000E-06,+2.613065347075E+00
+31.896000E-06,+2.412060323153E+00
+31.904000E-06,+2.412060320377E+00
+31.912000E-06,+2.613065344300E+00
+31.920000E-06,+2.613065347075E+00
+31.928000E-06,+2.412060323153E+00
+31.936000E-06,+2.613065344300E+00
+31.944000E-06,+2.412060323153E+00
+31.952000E-06,+2.412060320377E+00
+31.960000E-06,+2.412060320377E+00
+31.968000E-06,+2.211055296457E+00
+31.976000E-06,+2.412060317600E+00
+31.984000E-06,+2.412060320377E+00
+31.992000E-06,+2.412060320377E+00
+32.000000E-06,+2.412060320377E+00
+32.008000E-06,+2.211055296457E+00
+32.016000E-06,+2.412060317600E+00
+32.024000E-06,+2.412060320377E+00
+32.032000E-06,+2.211055296457E+00
+32.040000E-06,+2.211055293679E+00
+32.048000E-06,+2.211055293679E+00
+32.056000E-06,+2.412060317600E+00
+32.064000E-06,+2.211055296457E+00
+32.072000E-06,+2.211055293679E+00
+32.080000E-06,+2.211055293679E+00
+32.088000E-06,+2.010050269758E+00
+32.096000E-06,+2.211055290902E+00
+32.104000E-06,+2.211055293679E+00
+32.112000E-06,+2.211055293679E+00
+32.120000E-06,+2.010050269760E+00
+32.128000E-06,+2.010050266981E+00
+32.136000E-06,+2.010050266981E+00
+32.144000E-06,+2.010050266981E+00
+32.152000E-06,+1.809045243062E+00
+32.160000E-06,+2.010050264202E+00
+32.168000E-06,+1.809045243062E+00
+32.176000E-06,+2.010050264202E+00
+32.184000E-06,+2.010050266981E+00
+32.192000E-06,+1.809045243062E+00
+32.200000E-06,+2.010050264202E+00
+32.208000E-06,+1.809045243062E+00
+32.216000E-06,+1.809045240283E+00
+32.224000E-06,+1.809045240283E+00
+32.232000E-06,+2.010050264202E+00
+32.240000E-06,+1.809045243062E+00
+32.248000E-06,+1.809045240283E+00
+32.256000E-06,+1.809045240283E+00
+32.264000E-06,+1.809045240283E+00
+32.272000E-06,+1.809045240283E+00
+32.280000E-06,+1.608040216364E+00
+32.288000E-06,+1.809045237504E+00
+32.296000E-06,+1.809045240283E+00
+32.304000E-06,+1.608040216365E+00
+32.312000E-06,+1.809045237503E+00
+32.320000E-06,+1.809045240283E+00
+32.328000E-06,+1.809045240283E+00
+32.336000E-06,+1.809045240283E+00
+32.344000E-06,+1.608040216365E+00
+32.352000E-06,+1.608040213585E+00
+32.360000E-06,+1.608040213585E+00
+32.368000E-06,+1.407035189667E+00
+32.376000E-06,+1.608040210805E+00
+32.384000E-06,+1.608040213585E+00
+32.392000E-06,+1.608040213585E+00
+32.400000E-06,+1.608040213585E+00
+32.408000E-06,+1.407035189667E+00
+32.416000E-06,+1.407035186887E+00
+32.424000E-06,+1.407035186887E+00
+32.432000E-06,+1.206030162969E+00
+32.440000E-06,+1.407035184107E+00
+32.448000E-06,+1.407035186887E+00
+32.456000E-06,+1.206030162970E+00
+32.464000E-06,+1.206030160189E+00
+32.472000E-06,+1.206030160189E+00
+32.480000E-06,+1.407035184105E+00
+32.488000E-06,+1.407035186887E+00
+32.496000E-06,+1.407035186887E+00
+32.504000E-06,+1.407035186887E+00
+32.512000E-06,+1.206030162970E+00
+32.520000E-06,+1.206030160189E+00
+32.528000E-06,+1.206030160189E+00
+32.536000E-06,+1.206030160189E+00
+32.544000E-06,+1.206030160189E+00
+32.552000E-06,+1.206030160189E+00
+32.560000E-06,+1.206030160189E+00
+32.568000E-06,+1.206030160189E+00
+32.576000E-06,+1.206030160189E+00
+32.584000E-06,+1.206030160189E+00
+32.592000E-06,+1.005025136272E+00
+32.600000E-06,+1.005025133491E+00
+32.608000E-06,+1.005025133491E+00
+32.616000E-06,+1.005025133491E+00
+32.624000E-06,+1.005025133491E+00
+32.632000E-06,+1.005025133491E+00
+32.640000E-06,+1.005025133491E+00
+32.648000E-06,+1.005025133491E+00
+32.656000E-06,+1.005025133491E+00
+32.664000E-06,+1.005025133491E+00
+32.672000E-06,+1.005025133491E+00
+32.680000E-06,+1.005025133491E+00
+32.688000E-06,+1.005025133491E+00
+32.696000E-06,+804.020109576E-03
+32.704000E-06,+1.005025130707E+00
+32.712000E-06,+804.020109576E-03
+32.720000E-06,+1.005025130707E+00
+32.728000E-06,+804.020109576E-03
+32.736000E-06,+804.020106792E-03
+32.744000E-06,+804.020106792E-03
+32.752000E-06,+804.020106792E-03
+32.760000E-06,+804.020106792E-03
+32.768000E-06,+804.020106792E-03
+32.776000E-06,+603.015082879E-03
+32.784000E-06,+603.015080094E-03
+32.792000E-06,+603.015080094E-03
+32.800000E-06,+603.015080094E-03
+32.808000E-06,+603.015080094E-03
+32.816000E-06,+603.015080094E-03
+32.824000E-06,+603.015080094E-03
+32.832000E-06,+603.015080094E-03
+32.840000E-06,+603.015080094E-03
+32.848000E-06,+603.015080094E-03
+32.856000E-06,+603.015080094E-03
+32.864000E-06,+603.015080094E-03
+32.872000E-06,+603.015080094E-03
+32.880000E-06,+603.015080094E-03
+32.888000E-06,+402.010056181E-03
+32.896000E-06,+603.015077310E-03
+32.904000E-06,+402.010056181E-03
+32.912000E-06,+603.015077310E-03
+32.920000E-06,+402.010056181E-03
+32.928000E-06,+603.015077310E-03
+32.936000E-06,+402.010056181E-03
+32.944000E-06,+402.010053396E-03
+32.952000E-06,+402.010053396E-03
+32.960000E-06,+402.010053396E-03
+32.968000E-06,+402.010053396E-03
+32.976000E-06,+402.010053396E-03
+32.984000E-06,+402.010053396E-03
+32.992000E-06,+201.005029484E-03
+33.000000E-06,+402.010050610E-03
+33.008000E-06,+402.010053396E-03
+33.016000E-06,+201.005029484E-03
+33.024000E-06,+201.005026698E-03
+33.032000E-06,+402.010050610E-03
+33.040000E-06,+402.010053396E-03
+33.048000E-06,+402.010053396E-03
+33.056000E-06,+402.010053396E-03
+33.064000E-06,+201.005029484E-03
+33.072000E-06,+201.005026698E-03
+33.080000E-06,+201.005026698E-03
+33.088000E-06,+201.005026698E-03
+33.096000E-06,+201.005026698E-03
+33.104000E-06,+201.005026698E-03
+33.112000E-06,+201.005026698E-03
+33.120000E-06,+201.005026698E-03
+33.128000E-06,+201.005026698E-03
+33.136000E-06,+201.005026698E-03
+33.144000E-06,+201.005026698E-03
+33.152000E-06,+2.788E-09
+33.160000E-06,+201.005023911E-03
+33.168000E-06,+2.788E-09
+33.176000E-06,+0.0E+00
+33.184000E-06,+201.005023911E-03
+33.192000E-06,+2.788E-09
+33.200000E-06,+0.0E+00
+33.208000E-06,+0.0E+00
+33.216000E-06,+201.005023911E-03
+33.224000E-06,+2.788E-09
+33.232000E-06,+0.0E+00
+33.240000E-06,+0.0E+00
+33.248000E-06,+0.0E+00
+33.256000E-06,-201.005023911E-03
+33.264000E-06,-2.788E-09
+33.272000E-06,+0.0E+00
+33.280000E-06,+0.0E+00
+33.288000E-06,-201.005023911E-03
+33.296000E-06,-2.788E-09
+33.304000E-06,-201.005023909E-03
+33.312000E-06,-201.005026698E-03
+33.320000E-06,-201.005026698E-03
+33.328000E-06,-201.005026698E-03
+33.336000E-06,-201.005026698E-03
+33.344000E-06,-201.005026698E-03
+33.352000E-06,-201.005026698E-03
+33.360000E-06,-201.005026698E-03
+33.368000E-06,-201.005026698E-03
+33.376000E-06,-201.005026698E-03
+33.384000E-06,-201.005026698E-03
+33.392000E-06,-201.005026698E-03
+33.400000E-06,-201.005026698E-03
+33.408000E-06,-201.005026698E-03
+33.416000E-06,-201.005026698E-03
+33.424000E-06,-402.010050607E-03
+33.432000E-06,-201.005029487E-03
+33.440000E-06,-402.010050607E-03
+33.448000E-06,-402.010053396E-03
+33.456000E-06,-402.010053396E-03
+33.464000E-06,-402.010053396E-03
+33.472000E-06,-402.010053396E-03
+33.480000E-06,-402.010053396E-03
+33.488000E-06,-402.010053396E-03
+33.496000E-06,-402.010053396E-03
+33.504000E-06,-402.010053396E-03
+33.512000E-06,-402.010053396E-03
+33.520000E-06,-402.010053396E-03
+33.528000E-06,-402.010053396E-03
+33.536000E-06,-402.010053396E-03
+33.544000E-06,-402.010053396E-03
+33.552000E-06,-603.015077304E-03
+33.560000E-06,-402.010056187E-03
+33.568000E-06,-603.015077304E-03
+33.576000E-06,-603.015080094E-03
+33.584000E-06,-603.015080094E-03
+33.592000E-06,-603.015080094E-03
+33.600000E-06,-603.015080094E-03
+33.608000E-06,-603.015080094E-03
+33.616000E-06,-603.015080094E-03
+33.624000E-06,-603.015080094E-03
+33.632000E-06,-603.015080094E-03
+33.640000E-06,-603.015080094E-03
+33.648000E-06,-603.015080094E-03
+33.656000E-06,-603.015080094E-03
+33.664000E-06,-603.015080094E-03
+33.672000E-06,-603.015080094E-03
+33.680000E-06,-603.015080094E-03
+33.688000E-06,-603.015080094E-03
+33.696000E-06,-804.020104001E-03
+33.704000E-06,-804.020106792E-03
+33.712000E-06,-804.020106792E-03
+33.720000E-06,-804.020106792E-03
+33.728000E-06,-804.020106792E-03
+33.736000E-06,-804.020106792E-03
+33.744000E-06,-804.020106792E-03
+33.752000E-06,-1.005025130699E+00
+33.760000E-06,-804.020109584E-03
+33.768000E-06,-804.020106792E-03
+33.776000E-06,-804.020106792E-03
+33.784000E-06,-804.020106792E-03
+33.792000E-06,-1.005025130697E+00
+33.800000E-06,-1.005025133491E+00
+33.808000E-06,-1.005025133491E+00
+33.816000E-06,-804.020109586E-03
+33.824000E-06,-804.020106792E-03
+33.832000E-06,-804.020106792E-03
+33.840000E-06,-804.020106792E-03
+33.848000E-06,-804.020106792E-03
+33.856000E-06,-1.005025130697E+00
+33.864000E-06,-1.005025133491E+00
+33.872000E-06,-1.005025133491E+00
+33.880000E-06,-1.005025133491E+00
+33.888000E-06,-804.020109586E-03
+33.896000E-06,-1.005025130697E+00
+33.904000E-06,-1.005025133491E+00
+33.912000E-06,-1.005025133491E+00
+33.920000E-06,-1.005025133491E+00
+33.928000E-06,-1.005025133491E+00
+33.936000E-06,-1.005025133491E+00
+33.944000E-06,-1.005025133491E+00
+33.952000E-06,-1.005025133491E+00
+33.960000E-06,-1.005025133491E+00
+33.968000E-06,-1.206030157394E+00
+33.976000E-06,-1.005025136285E+00
+33.984000E-06,-1.005025133491E+00
+33.992000E-06,-1.206030157394E+00
+34.000000E-06,-1.005025136285E+00
+34.008000E-06,-1.206030157394E+00
+34.016000E-06,-1.005025136285E+00
+34.024000E-06,-1.206030157394E+00
+34.032000E-06,-1.206030160189E+00
+34.040000E-06,-1.206030160189E+00
+34.048000E-06,-1.206030160189E+00
+34.056000E-06,-1.206030160189E+00
+34.064000E-06,-1.206030160189E+00
+34.072000E-06,-1.206030160189E+00
+34.080000E-06,-1.206030160189E+00
+34.088000E-06,-1.206030160189E+00
+34.096000E-06,-1.206030160189E+00
+34.104000E-06,-1.407035184092E+00
+34.112000E-06,-1.206030162984E+00
+34.120000E-06,-1.206030160189E+00
+34.128000E-06,-1.407035184090E+00
+34.136000E-06,-1.206030162985E+00
+34.144000E-06,-1.206030160189E+00
+34.152000E-06,-1.206030160189E+00
+34.160000E-06,-1.407035184090E+00
+34.168000E-06,-1.407035186887E+00
+34.176000E-06,-1.407035186887E+00
+34.184000E-06,-1.407035186887E+00
+34.192000E-06,-1.206030162985E+00
+34.200000E-06,-1.407035184090E+00
+34.208000E-06,-1.407035186887E+00
+34.216000E-06,-1.407035186887E+00
+34.224000E-06,-1.407035186887E+00
+34.232000E-06,-1.407035186887E+00
+34.240000E-06,-1.407035186887E+00
+34.248000E-06,-1.407035186887E+00
+34.256000E-06,-1.407035186887E+00
+34.264000E-06,-1.407035186887E+00
+34.272000E-06,-1.407035186887E+00
+34.280000E-06,-1.407035186887E+00
+34.288000E-06,-1.608040210789E+00
+34.296000E-06,-1.407035189683E+00
+34.304000E-06,-1.407035186887E+00
+34.312000E-06,-1.407035186887E+00
+34.320000E-06,-1.608040210787E+00
+34.328000E-06,-1.407035189685E+00
+34.336000E-06,-1.407035186887E+00
+34.344000E-06,-1.608040210787E+00
+34.352000E-06,-1.608040213585E+00
+34.360000E-06,-1.407035189685E+00
+34.368000E-06,-1.407035186887E+00
+34.376000E-06,-1.608040210787E+00
+34.384000E-06,-1.608040213585E+00
+34.392000E-06,-1.608040213585E+00
+34.400000E-06,-1.608040213585E+00
+34.408000E-06,-1.608040213585E+00
+34.416000E-06,-1.608040213585E+00
+34.424000E-06,-1.809045237485E+00
+34.432000E-06,-1.809045240283E+00
+34.440000E-06,-1.809045240283E+00
+34.448000E-06,-1.608040216384E+00
+34.456000E-06,-1.608040213585E+00
+34.464000E-06,-1.608040213585E+00
+34.472000E-06,-1.608040213585E+00
+34.480000E-06,-1.608040213585E+00
+34.488000E-06,-1.608040213585E+00
+34.496000E-06,-1.608040213585E+00
+34.504000E-06,-1.608040213585E+00
+34.512000E-06,-1.608040213585E+00
+34.520000E-06,-1.608040213585E+00
+34.528000E-06,-1.809045237484E+00
+34.536000E-06,-1.809045240283E+00
+34.544000E-06,-1.809045240283E+00
+34.552000E-06,-1.809045240283E+00
+34.560000E-06,-1.809045240283E+00
+34.568000E-06,-1.809045240283E+00
+34.576000E-06,-1.809045240283E+00
+34.584000E-06,-1.809045240283E+00
+34.592000E-06,-1.809045240283E+00
+34.600000E-06,-1.809045240283E+00
+34.608000E-06,-1.809045240283E+00
+34.616000E-06,-1.809045240283E+00
+34.624000E-06,-1.809045240283E+00
+34.632000E-06,-1.809045240283E+00
+34.640000E-06,-1.809045240283E+00
+34.648000E-06,-2.010050264180E+00
+34.656000E-06,-2.010050266981E+00
+34.664000E-06,-2.010050266981E+00
+34.672000E-06,-1.809045243084E+00
+34.680000E-06,-1.809045240283E+00
+34.688000E-06,-1.809045240283E+00
+34.696000E-06,-2.010050264180E+00
+34.704000E-06,-2.010050266981E+00
+34.712000E-06,-2.010050266981E+00
+34.720000E-06,-1.809045243084E+00
+34.728000E-06,-2.010050264180E+00
+34.736000E-06,-2.010050266981E+00
+34.744000E-06,-2.010050266981E+00
+34.752000E-06,-2.010050266981E+00
+34.760000E-06,-1.809045243084E+00
+34.768000E-06,-2.010050264180E+00
+34.776000E-06,-2.010050266981E+00
+34.784000E-06,-2.010050266981E+00
+34.792000E-06,-2.010050266981E+00
+34.800000E-06,-2.010050266981E+00
+34.808000E-06,-2.211055290877E+00
+34.816000E-06,-2.010050269783E+00
+34.824000E-06,-2.010050266981E+00
+34.832000E-06,-1.809045243085E+00
+34.840000E-06,-2.010050264179E+00
+34.848000E-06,-2.010050266981E+00
+34.856000E-06,-2.211055290877E+00
+34.864000E-06,-2.010050269783E+00
+34.872000E-06,-2.211055290877E+00
+34.880000E-06,-2.010050269783E+00
+34.888000E-06,-2.010050266981E+00
+34.896000E-06,-2.010050266981E+00
+34.904000E-06,-2.211055290877E+00
+34.912000E-06,-2.211055293679E+00
+34.920000E-06,-2.211055293679E+00
+34.928000E-06,-2.211055293679E+00
+34.936000E-06,-2.010050269783E+00
+34.944000E-06,-2.211055290877E+00
+34.952000E-06,-2.211055293679E+00
+34.960000E-06,-2.211055293679E+00
+34.968000E-06,-2.211055293679E+00
+34.976000E-06,-2.211055293679E+00
+34.984000E-06,-2.211055293679E+00
+34.992000E-06,-2.211055293679E+00
+35.000000E-06,-2.211055293679E+00
+35.008000E-06,-2.211055293679E+00
+35.016000E-06,-2.211055293679E+00
+35.024000E-06,-2.211055293679E+00
+35.032000E-06,-2.211055293679E+00
+35.040000E-06,-2.211055293679E+00
+35.048000E-06,-2.211055293679E+00
+35.056000E-06,-2.412060317574E+00
+35.064000E-06,-2.211055296483E+00
+35.072000E-06,-2.412060317574E+00
+35.080000E-06,-2.211055296483E+00
+35.088000E-06,-2.412060317574E+00
+35.096000E-06,-2.211055296483E+00
+35.104000E-06,-2.211055293679E+00
+35.112000E-06,-2.211055293679E+00
+35.120000E-06,-2.412060317572E+00
+35.128000E-06,-2.211055296484E+00
+35.136000E-06,-2.412060317572E+00
+35.144000E-06,-2.412060320377E+00
+35.152000E-06,-2.412060320377E+00
+35.160000E-06,-2.412060320377E+00
+35.168000E-06,-2.412060320377E+00
+35.176000E-06,-2.412060320377E+00
+35.184000E-06,-2.211055296484E+00
+35.192000E-06,-2.211055293679E+00
+35.200000E-06,-2.412060317572E+00
+35.208000E-06,-2.412060320377E+00
+35.216000E-06,-2.412060320377E+00
+35.224000E-06,-2.412060320377E+00
+35.232000E-06,-2.412060320377E+00
+35.240000E-06,-2.412060320377E+00
+35.248000E-06,-2.412060320377E+00
+35.256000E-06,-2.412060320377E+00
+35.264000E-06,-2.412060320377E+00
+35.272000E-06,-2.412060320377E+00
+35.280000E-06,-2.412060320377E+00
+35.288000E-06,-2.412060320377E+00
+35.296000E-06,-2.412060320377E+00
+35.304000E-06,-2.613065344269E+00
+35.312000E-06,-2.412060323184E+00
+35.320000E-06,-2.412060320377E+00
+35.328000E-06,-2.613065344269E+00
+35.336000E-06,-2.211055299292E+00
+35.344000E-06,-2.412060317571E+00
+35.352000E-06,-2.412060320377E+00
+35.360000E-06,-2.412060320377E+00
+35.368000E-06,-2.412060320377E+00
+35.376000E-06,-2.412060320377E+00
+35.384000E-06,-2.613065344269E+00
+35.392000E-06,-2.613065347075E+00
+35.400000E-06,-2.412060323184E+00
+35.408000E-06,-2.412060320377E+00
+35.416000E-06,-2.613065344269E+00
+35.424000E-06,-2.412060323184E+00
+35.432000E-06,-2.613065344269E+00
+35.440000E-06,-2.613065347075E+00
+35.448000E-06,-2.613065347075E+00
+35.456000E-06,-2.613065347075E+00
+35.464000E-06,-2.412060323185E+00
+35.472000E-06,-2.613065344267E+00
+35.480000E-06,-2.613065347075E+00
+35.488000E-06,-2.412060323185E+00
+35.496000E-06,-2.412060320377E+00
+35.504000E-06,-2.613065344267E+00
+35.512000E-06,-2.613065347075E+00
+35.520000E-06,-2.613065347075E+00
+35.528000E-06,-2.613065347075E+00
+35.536000E-06,-2.613065347075E+00
+35.544000E-06,-2.613065347075E+00
+35.552000E-06,-2.613065347075E+00
+35.560000E-06,-2.613065347075E+00
+35.568000E-06,-2.814070370966E+00
+35.576000E-06,-2.814070373774E+00
+35.584000E-06,-2.814070373774E+00
+35.592000E-06,-2.814070373774E+00
+35.600000E-06,-2.613065349883E+00
+35.608000E-06,-2.613065347075E+00
+35.616000E-06,-2.814070370966E+00
+35.624000E-06,-2.613065349883E+00
+35.632000E-06,-2.613065347075E+00
+35.640000E-06,-2.814070370964E+00
+35.648000E-06,-2.613065349885E+00
+35.656000E-06,-2.814070370964E+00
+35.664000E-06,-2.814070373774E+00
+35.672000E-06,-2.613065349885E+00
+35.680000E-06,-2.613065347075E+00
+35.688000E-06,-2.814070370964E+00
+35.696000E-06,-2.814070373774E+00
+35.704000E-06,-2.814070373774E+00
+35.712000E-06,-2.613065349885E+00
+35.720000E-06,-2.814070370964E+00
+35.728000E-06,-2.814070373774E+00
+35.736000E-06,-2.814070373774E+00
+35.744000E-06,-2.814070373774E+00
+35.752000E-06,-2.814070373774E+00
+35.760000E-06,-2.613065349885E+00
+35.768000E-06,-2.814070370964E+00
+35.776000E-06,-2.814070373774E+00
+35.784000E-06,-2.613065349885E+00
+35.792000E-06,-2.814070370963E+00
+35.800000E-06,-2.814070373774E+00
+35.808000E-06,-2.814070373774E+00
+35.816000E-06,-2.814070373774E+00
+35.824000E-06,-2.814070373774E+00
+35.832000E-06,-2.814070373774E+00
+35.840000E-06,-2.814070373774E+00
+35.848000E-06,-2.814070373774E+00
+35.856000E-06,-2.814070373774E+00
+35.864000E-06,-2.814070373774E+00
+35.872000E-06,-2.613065349886E+00
+35.880000E-06,-2.814070370963E+00
+35.888000E-06,-2.814070373774E+00
+35.896000E-06,-2.814070373774E+00
+35.904000E-06,-2.814070373774E+00
+35.912000E-06,-2.814070373774E+00
+35.920000E-06,-2.814070373774E+00
+35.928000E-06,-2.814070373774E+00
+35.936000E-06,-2.814070373774E+00
+35.944000E-06,-2.814070373774E+00
+35.952000E-06,-3.015075397661E+00
+35.960000E-06,-2.814070376585E+00
+35.968000E-06,-3.015075397661E+00
+35.976000E-06,-3.015075400472E+00
+35.984000E-06,-2.814070376586E+00
+35.992000E-06,-2.814070373774E+00
+36.000000E-06,-2.814070373774E+00
+36.008000E-06,-3.015075397659E+00
+36.016000E-06,-3.015075400472E+00
+36.024000E-06,-2.814070376586E+00
+36.032000E-06,-2.814070373774E+00
+36.040000E-06,-2.814070373774E+00
+36.048000E-06,-2.814070373774E+00
+36.056000E-06,-2.814070373774E+00
+36.064000E-06,-3.015075397659E+00
+36.072000E-06,-3.015075400472E+00
+36.080000E-06,-2.814070376586E+00
+36.088000E-06,-3.015075397659E+00
+36.096000E-06,-3.015075400472E+00
+36.104000E-06,-2.814070376586E+00
+36.112000E-06,-3.015075397659E+00
+36.120000E-06,-3.015075400472E+00
+36.128000E-06,-3.015075400472E+00
+36.136000E-06,-3.015075400472E+00
+36.144000E-06,-3.015075400472E+00
+36.152000E-06,-3.015075400472E+00
+36.160000E-06,-3.015075400472E+00
+36.168000E-06,-2.814070376587E+00
+36.176000E-06,-2.814070373774E+00
+36.184000E-06,-3.015075397658E+00
+36.192000E-06,-3.015075400472E+00
+36.200000E-06,-3.015075400472E+00
+36.208000E-06,-3.015075400472E+00
+36.216000E-06,-3.015075400472E+00
+36.224000E-06,-3.015075400472E+00
+36.232000E-06,-3.015075400472E+00
+36.240000E-06,-3.216080424356E+00
+36.248000E-06,-3.015075403286E+00
+36.256000E-06,-3.015075400472E+00
+36.264000E-06,-3.015075400472E+00
+36.272000E-06,-3.015075400472E+00
+36.280000E-06,-3.015075400472E+00
+36.288000E-06,-3.015075400472E+00
+36.296000E-06,-3.015075400472E+00
+36.304000E-06,-3.015075400472E+00
+36.312000E-06,-3.015075400472E+00
+36.320000E-06,-3.216080424354E+00
+36.328000E-06,-3.015075403287E+00
+36.336000E-06,-3.216080424354E+00
+36.344000E-06,-3.015075403287E+00
+36.352000E-06,-3.015075400472E+00
+36.360000E-06,-3.015075400472E+00
+36.368000E-06,-3.015075400472E+00
+36.376000E-06,-3.015075400472E+00
+36.384000E-06,-3.015075400472E+00
+36.392000E-06,-3.015075400472E+00
+36.400000E-06,-3.216080424354E+00
+36.408000E-06,-3.015075403287E+00
+36.416000E-06,-3.216080424354E+00
+36.424000E-06,-3.216080427170E+00
+36.432000E-06,-3.216080427170E+00
+36.440000E-06,-3.216080427170E+00
+36.448000E-06,-3.216080427170E+00
+36.456000E-06,-3.216080427170E+00
+36.464000E-06,-3.216080427170E+00
+36.472000E-06,-3.015075403288E+00
+36.480000E-06,-3.015075400472E+00
+36.488000E-06,-3.015075400472E+00
+36.496000E-06,-3.015075400472E+00
+36.504000E-06,-3.216080424353E+00
+36.512000E-06,-3.015075403288E+00
+36.520000E-06,-3.216080424353E+00
+36.528000E-06,-3.216080427170E+00
+36.536000E-06,-3.216080427170E+00
+36.544000E-06,-3.216080427170E+00
+36.552000E-06,-3.216080427170E+00
+36.560000E-06,-3.216080427170E+00
+36.568000E-06,-3.015075403288E+00
+36.576000E-06,-3.216080424353E+00
+36.584000E-06,-3.216080427170E+00
+36.592000E-06,-3.216080427170E+00
+36.600000E-06,-3.216080427170E+00
+36.608000E-06,-3.015075403288E+00
+36.616000E-06,-3.216080424353E+00
+36.624000E-06,-3.216080427170E+00
+36.632000E-06,-3.015075403288E+00
+36.640000E-06,-3.216080424353E+00
+36.648000E-06,-3.216080427170E+00
+36.656000E-06,-3.216080427170E+00
+36.664000E-06,-3.015075403290E+00
+36.672000E-06,-3.216080424352E+00
+36.680000E-06,-3.216080427170E+00
+36.688000E-06,-3.216080427170E+00
+36.696000E-06,-3.216080427170E+00
+36.704000E-06,-3.216080427170E+00
+36.712000E-06,-3.216080427170E+00
+36.720000E-06,-3.216080427170E+00
+36.728000E-06,-3.216080427170E+00
+36.736000E-06,-3.216080427170E+00
+36.744000E-06,-3.216080427170E+00
+36.752000E-06,-3.216080427170E+00
+36.760000E-06,-3.216080427170E+00
+36.768000E-06,-3.216080427170E+00
+36.776000E-06,-3.216080427170E+00
+36.784000E-06,-3.216080427170E+00
+36.792000E-06,-3.216080427170E+00
+36.800000E-06,-3.216080427170E+00
+36.808000E-06,-3.216080427170E+00
+36.816000E-06,-3.216080427170E+00
+36.824000E-06,-3.216080427170E+00
+36.832000E-06,-3.216080427170E+00
+36.840000E-06,-3.216080427170E+00
+36.848000E-06,-3.216080427170E+00
+36.856000E-06,-3.417085451048E+00
+36.864000E-06,-3.216080429990E+00
+36.872000E-06,-3.216080427170E+00
+36.880000E-06,-3.216080427170E+00
+36.888000E-06,-3.216080427170E+00
+36.896000E-06,-3.216080427170E+00
+36.904000E-06,-3.216080427170E+00
+36.912000E-06,-3.417085451048E+00
+36.920000E-06,-3.216080429990E+00
+36.928000E-06,-3.216080427170E+00
+36.936000E-06,-3.216080427170E+00
+36.944000E-06,-3.216080427170E+00
+36.952000E-06,-3.216080427170E+00
+36.960000E-06,-3.216080427170E+00
+36.968000E-06,-3.216080427170E+00
+36.976000E-06,-3.216080427170E+00
+36.984000E-06,-3.216080427170E+00
+36.992000E-06,-3.216080427170E+00
+37.000000E-06,-3.216080427170E+00
+37.008000E-06,-3.216080427170E+00
+37.016000E-06,-3.417085451047E+00
+37.024000E-06,-3.417085453868E+00
+37.032000E-06,-3.417085453868E+00
+37.040000E-06,-3.417085453868E+00
+37.048000E-06,-3.216080429991E+00
+37.056000E-06,-3.417085451047E+00
+37.064000E-06,-3.417085453868E+00
+37.072000E-06,-3.417085453868E+00
+37.080000E-06,-3.216080429991E+00
+37.088000E-06,-3.417085451047E+00
+37.096000E-06,-3.216080429991E+00
+37.104000E-06,-3.216080427170E+00
+37.112000E-06,-3.216080427170E+00
+37.120000E-06,-3.216080427170E+00
+37.128000E-06,-3.216080427170E+00
+37.136000E-06,-3.417085451045E+00
+37.144000E-06,-3.216080429992E+00
+37.152000E-06,-3.216080427170E+00
+37.160000E-06,-3.417085451045E+00
+37.168000E-06,-3.216080429992E+00
+37.176000E-06,-3.216080427170E+00
+37.184000E-06,-3.417085451045E+00
+37.192000E-06,-3.417085453868E+00
+37.200000E-06,-3.216080429992E+00
+37.208000E-06,-3.216080427170E+00
+37.216000E-06,-3.216080427170E+00
+37.224000E-06,-3.216080427170E+00
+37.232000E-06,-3.417085451045E+00
+37.240000E-06,-3.216080429992E+00
+37.248000E-06,-3.216080427170E+00
+37.256000E-06,-3.216080427170E+00
+37.264000E-06,-3.417085451045E+00
+37.272000E-06,-3.417085453868E+00
+37.280000E-06,-3.417085453868E+00
+37.288000E-06,-3.417085453868E+00
+37.296000E-06,-3.417085453868E+00
+37.304000E-06,-3.417085453868E+00
+37.312000E-06,-3.417085453868E+00
+37.320000E-06,-3.417085453868E+00
+37.328000E-06,-3.417085453868E+00
+37.336000E-06,-3.417085453868E+00
+37.344000E-06,-3.417085453868E+00
+37.352000E-06,-3.417085453868E+00
+37.360000E-06,-3.417085453868E+00
+37.368000E-06,-3.417085453868E+00
+37.376000E-06,-3.216080429994E+00
+37.384000E-06,-3.417085451044E+00
+37.392000E-06,-3.216080429994E+00
+37.400000E-06,-3.417085451044E+00
+37.408000E-06,-3.417085453868E+00
+37.416000E-06,-3.417085453868E+00
+37.424000E-06,-3.417085453868E+00
+37.432000E-06,-3.417085453868E+00
+37.440000E-06,-3.417085453868E+00
+37.448000E-06,-3.417085453868E+00
+37.456000E-06,-3.417085453868E+00
+37.464000E-06,-3.417085453868E+00
+37.472000E-06,-3.417085453868E+00
+37.480000E-06,-3.417085453868E+00
+37.488000E-06,-3.417085453868E+00
+37.496000E-06,-3.417085453868E+00
+37.504000E-06,-3.417085453868E+00
+37.512000E-06,-3.417085453868E+00
+37.520000E-06,-3.417085453868E+00
+37.528000E-06,-3.417085453868E+00
+37.536000E-06,-3.216080429995E+00
+37.544000E-06,-3.216080427170E+00
+37.552000E-06,-3.216080427170E+00
+37.560000E-06,-3.216080427170E+00
+37.568000E-06,-3.216080427170E+00
+37.576000E-06,-3.417085451042E+00
+37.584000E-06,-3.417085453868E+00
+37.592000E-06,-3.216080429995E+00
+37.600000E-06,-3.417085451042E+00
+37.608000E-06,-3.417085453868E+00
+37.616000E-06,-3.417085453868E+00
+37.624000E-06,-3.417085453868E+00
+37.632000E-06,-3.417085453868E+00
+37.640000E-06,-3.417085453868E+00
+37.648000E-06,-3.417085453868E+00
+37.656000E-06,-3.417085453868E+00
+37.664000E-06,-3.417085453868E+00
+37.672000E-06,-3.417085453868E+00
+37.680000E-06,-3.417085453868E+00
+37.688000E-06,-3.417085453868E+00
+37.696000E-06,-3.216080429997E+00
+37.704000E-06,-3.417085451041E+00
+37.712000E-06,-3.417085453868E+00
+37.720000E-06,-3.417085453868E+00
+37.728000E-06,-3.618090477739E+00
+37.736000E-06,-3.417085456695E+00
+37.744000E-06,-3.417085453868E+00
+37.752000E-06,-3.417085453868E+00
+37.760000E-06,-3.417085453868E+00
+37.768000E-06,-3.417085453868E+00
+37.776000E-06,-3.417085453868E+00
+37.784000E-06,-3.417085453868E+00
+37.792000E-06,-3.417085453868E+00
+37.800000E-06,-3.417085453868E+00
+37.808000E-06,-3.417085453868E+00
+37.816000E-06,-3.417085453868E+00
+37.824000E-06,-3.417085453868E+00
+37.832000E-06,-3.417085453868E+00
+37.840000E-06,-3.417085453868E+00
+37.848000E-06,-3.417085453868E+00
+37.856000E-06,-3.417085453868E+00
+37.864000E-06,-3.417085453868E+00
+37.872000E-06,-3.417085453868E+00
+37.880000E-06,-3.417085453868E+00
+37.888000E-06,-3.417085453868E+00
+37.896000E-06,-3.618090477738E+00
+37.904000E-06,-3.417085456696E+00
+37.912000E-06,-3.417085453868E+00
+37.920000E-06,-3.417085453868E+00
+37.928000E-06,-3.417085453868E+00
+37.936000E-06,-3.618090477738E+00
+37.944000E-06,-3.417085456696E+00
+37.952000E-06,-3.417085453868E+00
+37.960000E-06,-3.417085453868E+00
+37.968000E-06,-3.417085453868E+00
+37.976000E-06,-3.417085453868E+00
+37.984000E-06,-3.417085453868E+00
+37.992000E-06,-3.417085453868E+00
+38.000000E-06,-3.618090477736E+00
+38.008000E-06,-3.417085456698E+00
+38.016000E-06,-3.417085453868E+00
+38.024000E-06,-3.417085453868E+00
+38.032000E-06,-3.618090477736E+00
+38.040000E-06,-3.417085456698E+00
+38.048000E-06,-3.417085453868E+00
+38.056000E-06,-3.417085453868E+00
+38.064000E-06,-3.417085453868E+00
+38.072000E-06,-3.417085453868E+00
+38.080000E-06,-3.417085453868E+00
+38.088000E-06,-3.417085453868E+00
+38.096000E-06,-3.417085453868E+00
+38.104000E-06,-3.618090477736E+00
+38.112000E-06,-3.417085456698E+00
+38.120000E-06,-3.417085453868E+00
+38.128000E-06,-3.417085453868E+00
+38.136000E-06,-3.417085453868E+00
+38.144000E-06,-3.618090477735E+00
+38.152000E-06,-3.417085456699E+00
+38.160000E-06,-3.417085453868E+00
+38.168000E-06,-3.417085453868E+00
+38.176000E-06,-3.417085453868E+00
+38.184000E-06,-3.417085453868E+00
+38.192000E-06,-3.417085453868E+00
+38.200000E-06,-3.417085453868E+00
+38.208000E-06,-3.417085453868E+00
+38.216000E-06,-3.417085453868E+00
+38.224000E-06,-3.417085453868E+00
+38.232000E-06,-3.417085453868E+00
+38.240000E-06,-3.417085453868E+00
+38.248000E-06,-3.417085453868E+00
+38.256000E-06,-3.417085453868E+00
+38.264000E-06,-3.417085453868E+00
+38.272000E-06,-3.618090477735E+00
+38.280000E-06,-3.417085456699E+00
+38.288000E-06,-3.417085453868E+00
+38.296000E-06,-3.618090477735E+00
+38.304000E-06,-3.417085456699E+00
+38.312000E-06,-3.417085453868E+00
+38.320000E-06,-3.417085453868E+00
+38.328000E-06,-3.417085453868E+00
+38.336000E-06,-3.417085453868E+00
+38.344000E-06,-3.417085453868E+00
+38.352000E-06,-3.618090477733E+00
+38.360000E-06,-3.417085456701E+00
+38.368000E-06,-3.417085453868E+00
+38.376000E-06,-3.417085453868E+00
+38.384000E-06,-3.417085453868E+00
+38.392000E-06,-3.417085453868E+00
+38.400000E-06,-3.417085453868E+00
+38.408000E-06,-3.417085453868E+00
+38.416000E-06,-3.417085453868E+00
+38.424000E-06,-3.417085453868E+00
+38.432000E-06,-3.417085453868E+00
+38.440000E-06,-3.417085453868E+00
+38.448000E-06,-3.417085453868E+00
+38.456000E-06,-3.417085453868E+00
+38.464000E-06,-3.417085453868E+00
+38.472000E-06,-3.417085453868E+00
+38.480000E-06,-3.417085453868E+00
+38.488000E-06,-3.417085453868E+00
+38.496000E-06,-3.417085453868E+00
+38.504000E-06,-3.417085453868E+00
+38.512000E-06,-3.417085453868E+00
+38.520000E-06,-3.417085453868E+00
+38.528000E-06,-3.417085453868E+00
+38.536000E-06,-3.417085453868E+00
+38.544000E-06,-3.417085453868E+00
+38.552000E-06,-3.618090477732E+00
+38.560000E-06,-3.417085456702E+00
+38.568000E-06,-3.417085453868E+00
+38.576000E-06,-3.417085453868E+00
+38.584000E-06,-3.417085453868E+00
+38.592000E-06,-3.417085453868E+00
+38.600000E-06,-3.417085453868E+00
+38.608000E-06,-3.216080430004E+00
+38.616000E-06,-3.417085451034E+00
+38.624000E-06,-3.618090477732E+00
+38.632000E-06,-3.417085456702E+00
+38.640000E-06,-3.417085453868E+00
+38.648000E-06,-3.417085453868E+00
+38.656000E-06,-3.618090477730E+00
+38.664000E-06,-3.417085456704E+00
+38.672000E-06,-3.618090477730E+00
+38.680000E-06,-3.417085456704E+00
+38.688000E-06,-3.417085453868E+00
+38.696000E-06,-3.417085453868E+00
+38.704000E-06,-3.417085453868E+00
+38.712000E-06,-3.417085453868E+00
+38.720000E-06,-3.417085453868E+00
+38.728000E-06,-3.417085453868E+00
+38.736000E-06,-3.417085453868E+00
+38.744000E-06,-3.417085453868E+00
+38.752000E-06,-3.417085453868E+00
+38.760000E-06,-3.417085453868E+00
+38.768000E-06,-3.417085453868E+00
+38.776000E-06,-3.417085453868E+00
+38.784000E-06,-3.417085453868E+00
+38.792000E-06,-3.417085453868E+00
+38.800000E-06,-3.417085453868E+00
+38.808000E-06,-3.618090477729E+00
+38.816000E-06,-3.417085456705E+00
+38.824000E-06,-3.417085453868E+00
+38.832000E-06,-3.417085453868E+00
+38.840000E-06,-3.417085453868E+00
+38.848000E-06,-3.417085453868E+00
+38.856000E-06,-3.417085453868E+00
+38.864000E-06,-3.417085453868E+00
+38.872000E-06,-3.417085453868E+00
+38.880000E-06,-3.417085453868E+00
+38.888000E-06,-3.417085453868E+00
+38.896000E-06,-3.618090477729E+00
+38.904000E-06,-3.417085456705E+00
+38.912000E-06,-3.417085453868E+00
+38.920000E-06,-3.618090477729E+00
+38.928000E-06,-3.417085456705E+00
+38.936000E-06,-3.417085453868E+00
+38.944000E-06,-3.417085453868E+00
+38.952000E-06,-3.417085453868E+00
+38.960000E-06,-3.417085453868E+00
+38.968000E-06,-3.417085453868E+00
+38.976000E-06,-3.417085453868E+00
+38.984000E-06,-3.417085453868E+00
+38.992000E-06,-3.417085453868E+00
+39.000000E-06,-3.417085453868E+00
+39.008000E-06,-3.417085453868E+00
+39.016000E-06,-3.417085453868E+00
+39.024000E-06,-3.618090477727E+00
+39.032000E-06,-3.417085456707E+00
+39.040000E-06,-3.417085453868E+00
+39.048000E-06,-3.417085453868E+00
+39.056000E-06,-3.417085453868E+00
+39.064000E-06,-3.417085453868E+00
+39.072000E-06,-3.417085453868E+00
+39.080000E-06,-3.417085453868E+00
+39.088000E-06,-3.216080430009E+00
+39.096000E-06,-3.417085451029E+00
+39.104000E-06,-3.417085453868E+00
+39.112000E-06,-3.417085453868E+00
+39.120000E-06,-3.417085453868E+00
+39.128000E-06,-3.417085453868E+00
+39.136000E-06,-3.417085453868E+00
+39.144000E-06,-3.417085453868E+00
+39.152000E-06,-3.417085453868E+00
+39.160000E-06,-3.417085453868E+00
+39.168000E-06,-3.417085453868E+00
+39.176000E-06,-3.417085453868E+00
+39.184000E-06,-3.417085453868E+00
+39.192000E-06,-3.417085453868E+00
+39.200000E-06,-3.618090477726E+00
+39.208000E-06,-3.417085456708E+00
+39.216000E-06,-3.417085453868E+00
+39.224000E-06,-3.417085453868E+00
+39.232000E-06,-3.417085453868E+00
+39.240000E-06,-3.618090477726E+00
+39.248000E-06,-3.618090480566E+00
+39.256000E-06,-3.417085456708E+00
+39.264000E-06,-3.417085453868E+00
+39.272000E-06,-3.618090477726E+00
+39.280000E-06,-3.417085456708E+00
+39.288000E-06,-3.417085453868E+00
+39.296000E-06,-3.417085453868E+00
+39.304000E-06,-3.417085453868E+00
+39.312000E-06,-3.417085453868E+00
+39.320000E-06,-3.417085453868E+00
+39.328000E-06,-3.417085453868E+00
+39.336000E-06,-3.417085453868E+00
+39.344000E-06,-3.417085453868E+00
+39.352000E-06,-3.417085453868E+00
+39.360000E-06,-3.417085453868E+00
+39.368000E-06,-3.417085453868E+00
+39.376000E-06,-3.417085453868E+00
+39.384000E-06,-3.417085453868E+00
+39.392000E-06,-3.417085453868E+00
+39.400000E-06,-3.417085453868E+00
+39.408000E-06,-3.417085453868E+00
+39.416000E-06,-3.417085453868E+00
+39.424000E-06,-3.417085453868E+00
+39.432000E-06,-3.417085453868E+00
+39.440000E-06,-3.417085453868E+00
+39.448000E-06,-3.417085453868E+00
+39.456000E-06,-3.417085453868E+00
+39.464000E-06,-3.216080430013E+00
+39.472000E-06,-3.417085451025E+00
+39.480000E-06,-3.417085453868E+00
+39.488000E-06,-3.417085453868E+00
+39.496000E-06,-3.417085453868E+00
+39.504000E-06,-3.618090477723E+00
+39.512000E-06,-3.216080432856E+00
+39.520000E-06,-3.417085451025E+00
+39.528000E-06,-3.417085453868E+00
+39.536000E-06,-3.216080430013E+00
+39.544000E-06,-3.216080427170E+00
+39.552000E-06,-3.417085451025E+00
+39.560000E-06,-3.618090477723E+00
+39.568000E-06,-3.618090480566E+00
+39.576000E-06,-3.417085456711E+00
+39.584000E-06,-3.417085453868E+00
+39.592000E-06,-3.417085453868E+00
+39.600000E-06,-3.417085453868E+00
+39.608000E-06,-3.618090477723E+00
+39.616000E-06,-3.417085456711E+00
+39.624000E-06,-3.417085453868E+00
+39.632000E-06,-3.417085453868E+00
+39.640000E-06,-3.216080430013E+00
+39.648000E-06,-3.417085451025E+00
+39.656000E-06,-3.417085453868E+00
+39.664000E-06,-3.417085453868E+00
+39.672000E-06,-3.417085453868E+00
+39.680000E-06,-3.417085453868E+00
+39.688000E-06,-3.417085453868E+00
+39.696000E-06,-3.216080430014E+00
+39.704000E-06,-3.417085451023E+00
+39.712000E-06,-3.417085453868E+00
+39.720000E-06,-3.216080430014E+00
+39.728000E-06,-3.417085451023E+00
+39.736000E-06,-3.417085453868E+00
+39.744000E-06,-3.417085453868E+00
+39.752000E-06,-3.417085453868E+00
+39.760000E-06,-3.417085453868E+00
+39.768000E-06,-3.216080430014E+00
+39.776000E-06,-3.417085451023E+00
+39.784000E-06,-3.417085453868E+00
+39.792000E-06,-3.216080430014E+00
+39.800000E-06,-3.417085451022E+00
+39.808000E-06,-3.216080430016E+00
+39.816000E-06,-3.417085451022E+00
+39.824000E-06,-3.417085453868E+00
+39.832000E-06,-3.417085453868E+00
+39.840000E-06,-3.216080430016E+00
+39.848000E-06,-3.417085451022E+00
+39.856000E-06,-3.216080430016E+00
+39.864000E-06,-3.216080427170E+00
+39.872000E-06,-3.417085451022E+00
+39.880000E-06,-3.216080430016E+00
+39.888000E-06,-3.417085451022E+00
+39.896000E-06,-3.417085453868E+00
+39.904000E-06,-3.216080430016E+00
+39.912000E-06,-3.417085451022E+00
+39.920000E-06,-3.417085453868E+00
+39.928000E-06,-3.417085453868E+00
+39.936000E-06,-3.417085453868E+00
+39.944000E-06,-3.417085453868E+00
+39.952000E-06,-3.417085453868E+00
+39.960000E-06,-3.216080430016E+00
+39.968000E-06,-3.216080427170E+00
+39.976000E-06,-3.417085451022E+00
+39.984000E-06,-3.417085453868E+00
+39.992000E-06,-3.417085453868E+00
+40.000000E-06,-3.417085453868E+00
+40.008000E-06,-3.417085453868E+00
+40.016000E-06,-3.417085453868E+00
+40.024000E-06,-3.216080430017E+00
+40.032000E-06,-3.216080427170E+00
+40.040000E-06,-3.417085451020E+00
+40.048000E-06,-3.417085453868E+00
+40.056000E-06,-3.417085453868E+00
+40.064000E-06,-3.417085453868E+00
+40.072000E-06,-3.417085453868E+00
+40.080000E-06,-3.417085453868E+00
+40.088000E-06,-3.417085453868E+00
+40.096000E-06,-3.417085453868E+00
+40.104000E-06,-3.216080430017E+00
+40.112000E-06,-3.216080427170E+00
+40.120000E-06,-3.417085451020E+00
+40.128000E-06,-3.417085453868E+00
+40.136000E-06,-3.417085453868E+00
+40.144000E-06,-3.216080430019E+00
+40.152000E-06,-3.417085451019E+00
+40.160000E-06,-3.417085453868E+00
+40.168000E-06,-3.216080430019E+00
+40.176000E-06,-3.417085451019E+00
+40.184000E-06,-3.216080430019E+00
+40.192000E-06,-3.417085451019E+00
+40.200000E-06,-3.216080430019E+00
+40.208000E-06,-3.216080427170E+00
+40.216000E-06,-3.216080427170E+00
+40.224000E-06,-3.417085451019E+00
+40.232000E-06,-3.216080430019E+00
+40.240000E-06,-3.417085451019E+00
+40.248000E-06,-3.216080430019E+00
+40.256000E-06,-3.216080427170E+00
+40.264000E-06,-3.216080427170E+00
+40.272000E-06,-3.216080427170E+00
+40.280000E-06,-3.216080427170E+00
+40.288000E-06,-3.417085451019E+00
+40.296000E-06,-3.216080430019E+00
+40.304000E-06,-3.417085451019E+00
+40.312000E-06,-3.216080430019E+00
+40.320000E-06,-3.015075403322E+00
+40.328000E-06,-3.417085448167E+00
+40.336000E-06,-3.216080430020E+00
+40.344000E-06,-3.417085451017E+00
+40.352000E-06,-3.216080430020E+00
+40.360000E-06,-3.216080427170E+00
+40.368000E-06,-3.216080427170E+00
+40.376000E-06,-3.417085451017E+00
+40.384000E-06,-3.417085453868E+00
+40.392000E-06,-3.216080430020E+00
+40.400000E-06,-3.216080427170E+00
+40.408000E-06,-3.216080427170E+00
+40.416000E-06,-3.216080427170E+00
+40.424000E-06,-3.216080427170E+00
+40.432000E-06,-3.216080427170E+00
+40.440000E-06,-3.417085451017E+00
+40.448000E-06,-3.216080430020E+00
+40.456000E-06,-3.216080427170E+00
+40.464000E-06,-3.216080427170E+00
+40.472000E-06,-3.216080427170E+00
+40.480000E-06,-3.216080427170E+00
+40.488000E-06,-3.216080427170E+00
+40.496000E-06,-3.216080427170E+00
+40.504000E-06,-3.216080427170E+00
+40.512000E-06,-3.216080427170E+00
+40.520000E-06,-3.216080427170E+00
+40.528000E-06,-3.216080427170E+00
+40.536000E-06,-3.216080427170E+00
+40.544000E-06,-3.417085451016E+00
+40.552000E-06,-3.216080430022E+00
+40.560000E-06,-3.417085451016E+00
+40.568000E-06,-3.216080430022E+00
+40.576000E-06,-3.216080427170E+00
+40.584000E-06,-3.216080427170E+00
+40.592000E-06,-3.216080427170E+00
+40.600000E-06,-3.216080427170E+00
+40.608000E-06,-3.216080427170E+00
+40.616000E-06,-3.417085451016E+00
+40.624000E-06,-3.216080430022E+00
+40.632000E-06,-3.216080427170E+00
+40.640000E-06,-3.216080427170E+00
+40.648000E-06,-3.216080427170E+00
+40.656000E-06,-3.417085451015E+00
+40.664000E-06,-3.216080430023E+00
+40.672000E-06,-3.216080427170E+00
+40.680000E-06,-3.216080427170E+00
+40.688000E-06,-3.216080427170E+00
+40.696000E-06,-3.216080427170E+00
+40.704000E-06,-3.216080427170E+00
+40.712000E-06,-3.216080427170E+00
+40.720000E-06,-3.417085451015E+00
+40.728000E-06,-3.417085453868E+00
+40.736000E-06,-3.216080430023E+00
+40.744000E-06,-3.216080427170E+00
+40.752000E-06,-3.216080427170E+00
+40.760000E-06,-3.216080427170E+00
+40.768000E-06,-3.216080427170E+00
+40.776000E-06,-3.417085451015E+00
+40.784000E-06,-3.216080430023E+00
+40.792000E-06,-3.216080427170E+00
+40.800000E-06,-3.216080427170E+00
+40.808000E-06,-3.216080427170E+00
+40.816000E-06,-3.216080427170E+00
+40.824000E-06,-3.216080427170E+00
+40.832000E-06,-3.216080427170E+00
+40.840000E-06,-3.216080427170E+00
+40.848000E-06,-3.216080427170E+00
+40.856000E-06,-3.216080427170E+00
+40.864000E-06,-3.216080427170E+00
+40.872000E-06,-3.216080427170E+00
+40.880000E-06,-3.216080427170E+00
+40.888000E-06,-3.216080427170E+00
+40.896000E-06,-3.216080427170E+00
+40.904000E-06,-3.216080427170E+00
+40.912000E-06,-3.015075403327E+00
+40.920000E-06,-3.216080424315E+00
+40.928000E-06,-3.216080427170E+00
+40.936000E-06,-3.216080427170E+00
+40.944000E-06,-3.216080427170E+00
+40.952000E-06,-3.216080427170E+00
+40.960000E-06,-3.216080427170E+00
+40.968000E-06,-3.216080427170E+00
+40.976000E-06,-3.216080427170E+00
+40.984000E-06,-3.216080427170E+00
+40.992000E-06,-3.216080427170E+00
+41.000000E-06,-3.216080427170E+00
+41.008000E-06,-3.216080427170E+00
+41.016000E-06,-3.216080427170E+00
+41.024000E-06,-3.216080427170E+00
+41.032000E-06,-3.216080427170E+00
+41.040000E-06,-3.216080427170E+00
+41.048000E-06,-3.216080427170E+00
+41.056000E-06,-3.216080427170E+00
+41.064000E-06,-3.216080427170E+00
+41.072000E-06,-3.216080427170E+00
+41.080000E-06,-3.216080427170E+00
+41.088000E-06,-3.417085451012E+00
+41.096000E-06,-3.015075406184E+00
+41.104000E-06,-3.216080424314E+00
+41.112000E-06,-3.015075403328E+00
+41.120000E-06,-3.015075400472E+00
+41.128000E-06,-3.216080424314E+00
+41.136000E-06,-3.015075403329E+00
+41.144000E-06,-3.216080424312E+00
+41.152000E-06,-3.216080427170E+00
+41.160000E-06,-3.216080427170E+00
+41.168000E-06,-3.216080427170E+00
+41.176000E-06,-3.216080427170E+00
+41.184000E-06,-3.216080427170E+00
+41.192000E-06,-3.015075403329E+00
+41.200000E-06,-3.015075400472E+00
+41.208000E-06,-3.216080424312E+00
+41.216000E-06,-3.216080427170E+00
+41.224000E-06,-3.015075403329E+00
+41.232000E-06,-3.216080424312E+00
+41.240000E-06,-3.216080427170E+00
+41.248000E-06,-3.216080427170E+00
+41.256000E-06,-3.216080427170E+00
+41.264000E-06,-3.015075403329E+00
+41.272000E-06,-3.216080424312E+00
+41.280000E-06,-3.015075403329E+00
+41.288000E-06,-3.216080424312E+00
+41.296000E-06,-3.015075403329E+00
+41.304000E-06,-3.015075400472E+00
+41.312000E-06,-3.216080424312E+00
+41.320000E-06,-3.015075403329E+00
+41.328000E-06,-3.015075400472E+00
+41.336000E-06,-3.015075400472E+00
+41.344000E-06,-3.015075400472E+00
+41.352000E-06,-3.216080424311E+00
+41.360000E-06,-3.015075403331E+00
+41.368000E-06,-3.015075400472E+00
+41.376000E-06,-3.216080424311E+00
+41.384000E-06,-3.216080427170E+00
+41.392000E-06,-3.216080427170E+00
+41.400000E-06,-3.015075403331E+00
+41.408000E-06,-3.015075400472E+00
+41.416000E-06,-3.015075400472E+00
+41.424000E-06,-3.216080424311E+00
+41.432000E-06,-3.015075403331E+00
+41.440000E-06,-3.015075400472E+00
+41.448000E-06,-3.216080424311E+00
+41.456000E-06,-3.015075403331E+00
+41.464000E-06,-3.015075400472E+00
+41.472000E-06,-3.216080424309E+00
+41.480000E-06,-3.216080427170E+00
+41.488000E-06,-3.015075403332E+00
+41.496000E-06,-3.015075400472E+00
+41.504000E-06,-3.015075400472E+00
+41.512000E-06,-3.015075400472E+00
+41.520000E-06,-3.015075400472E+00
+41.528000E-06,-3.015075400472E+00
+41.536000E-06,-3.216080424309E+00
+41.544000E-06,-3.015075403332E+00
+41.552000E-06,-3.216080424309E+00
+41.560000E-06,-3.216080427170E+00
+41.568000E-06,-3.015075403332E+00
+41.576000E-06,-3.015075400472E+00
+41.584000E-06,-3.015075400472E+00
+41.592000E-06,-3.015075400472E+00
+41.600000E-06,-3.015075400472E+00
+41.608000E-06,-3.015075400472E+00
+41.616000E-06,-3.015075400472E+00
+41.624000E-06,-3.216080424309E+00
+41.632000E-06,-3.015075403332E+00
+41.640000E-06,-3.015075400472E+00
+41.648000E-06,-3.015075400472E+00
+41.656000E-06,-3.015075400472E+00
+41.664000E-06,-3.015075400472E+00
+41.672000E-06,-3.015075400472E+00
+41.680000E-06,-3.015075400472E+00
+41.688000E-06,-3.015075400472E+00
+41.696000E-06,-3.015075400472E+00
+41.704000E-06,-3.015075400472E+00
+41.712000E-06,-3.015075400472E+00
+41.720000E-06,-2.814070376636E+00
+41.728000E-06,-3.015075397610E+00
+41.736000E-06,-3.015075400472E+00
+41.744000E-06,-3.015075400472E+00
+41.752000E-06,-3.015075400472E+00
+41.760000E-06,-3.015075400472E+00
+41.768000E-06,-3.015075400472E+00
+41.776000E-06,-2.814070376636E+00
+41.784000E-06,-3.015075397610E+00
+41.792000E-06,-3.015075400472E+00
+41.800000E-06,-3.015075400472E+00
+41.808000E-06,-3.015075400472E+00
+41.816000E-06,-3.015075400472E+00
+41.824000E-06,-3.015075400472E+00
+41.832000E-06,-3.015075400472E+00
+41.840000E-06,-3.015075400472E+00
+41.848000E-06,-3.015075400472E+00
+41.856000E-06,-3.015075400472E+00
+41.864000E-06,-3.015075400472E+00
+41.872000E-06,-3.015075400472E+00
+41.880000E-06,-3.015075400472E+00
+41.888000E-06,-3.015075400472E+00
+41.896000E-06,-3.015075400472E+00
+41.904000E-06,-3.015075400472E+00
+41.912000E-06,-3.015075400472E+00
+41.920000E-06,-3.015075400472E+00
+41.928000E-06,-3.015075400472E+00
+41.936000E-06,-3.015075400472E+00
+41.944000E-06,-3.015075400472E+00
+41.952000E-06,-3.015075400472E+00
+41.960000E-06,-3.015075400472E+00
+41.968000E-06,-3.015075400472E+00
+41.976000E-06,-3.015075400472E+00
+41.984000E-06,-3.015075400472E+00
+41.992000E-06,-3.015075400472E+00
+42.000000E-06,-3.015075400472E+00
+42.008000E-06,-3.015075400472E+00
+42.016000E-06,-3.015075400472E+00
+42.024000E-06,-3.015075400472E+00
+42.032000E-06,-3.015075400472E+00
+42.040000E-06,-3.015075400472E+00
+42.048000E-06,-3.015075400472E+00
+42.056000E-06,-2.814070376639E+00
+42.064000E-06,-2.814070373774E+00
+42.072000E-06,-2.814070373774E+00
+42.080000E-06,-2.814070373774E+00
+42.088000E-06,-3.015075397607E+00
+42.096000E-06,-3.015075400472E+00
+42.104000E-06,-3.015075400472E+00
+42.112000E-06,-3.015075400472E+00
+42.120000E-06,-2.814070376639E+00
+42.128000E-06,-3.015075397607E+00
+42.136000E-06,-3.015075400472E+00
+42.144000E-06,-3.015075400472E+00
+42.152000E-06,-2.814070376640E+00
+42.160000E-06,-2.814070373774E+00
+42.168000E-06,-2.814070373774E+00
+42.176000E-06,-2.814070373774E+00
+42.184000E-06,-2.814070373774E+00
+42.192000E-06,-2.814070373774E+00
+42.200000E-06,-2.814070373774E+00
+42.208000E-06,-2.814070373774E+00
+42.216000E-06,-2.814070373774E+00
+42.224000E-06,-3.015075397605E+00
+42.232000E-06,-3.015075400472E+00
+42.240000E-06,-2.814070376640E+00
+42.248000E-06,-3.015075397605E+00
+42.256000E-06,-2.814070376640E+00
+42.264000E-06,-3.015075397605E+00
+42.272000E-06,-2.814070376640E+00
+42.280000E-06,-2.814070373774E+00
+42.288000E-06,-2.814070373774E+00
+42.296000E-06,-2.814070373774E+00
+42.304000E-06,-3.015075397605E+00
+42.312000E-06,-3.015075400472E+00
+42.320000E-06,-2.814070376640E+00
+42.328000E-06,-2.814070373774E+00
+42.336000E-06,-3.015075397604E+00
+42.344000E-06,-2.814070376642E+00
+42.352000E-06,-2.814070373774E+00
+42.360000E-06,-2.814070373774E+00
+42.368000E-06,-2.814070373774E+00
+42.376000E-06,-3.015075397604E+00
+42.384000E-06,-2.814070376642E+00
+42.392000E-06,-3.015075397604E+00
+42.400000E-06,-2.814070376642E+00
+42.408000E-06,-3.015075397604E+00
+42.416000E-06,-2.814070376642E+00
+42.424000E-06,-3.015075397604E+00
+42.432000E-06,-2.814070376642E+00
+42.440000E-06,-2.814070373774E+00
+42.448000E-06,-2.814070373774E+00
+42.456000E-06,-2.814070373774E+00
+42.464000E-06,-2.814070373774E+00
+42.472000E-06,-2.814070373774E+00
+42.480000E-06,-2.814070373774E+00
+42.488000E-06,-2.814070373774E+00
+42.496000E-06,-2.814070373774E+00
+42.504000E-06,-3.015075397602E+00
+42.512000E-06,-2.814070376643E+00
+42.520000E-06,-2.814070373774E+00
+42.528000E-06,-2.814070373774E+00
+42.536000E-06,-2.814070373774E+00
+42.544000E-06,-2.814070373774E+00
+42.552000E-06,-2.814070373774E+00
+42.560000E-06,-2.814070373774E+00
+42.568000E-06,-2.814070373774E+00
+42.576000E-06,-2.814070373774E+00
+42.584000E-06,-2.814070373774E+00
+42.592000E-06,-2.814070373774E+00
+42.600000E-06,-2.814070373774E+00
+42.608000E-06,-2.814070373774E+00
+42.616000E-06,-2.814070373774E+00
+42.624000E-06,-2.814070373774E+00
+42.632000E-06,-2.814070373774E+00
+42.640000E-06,-2.814070373774E+00
+42.648000E-06,-2.814070373774E+00
+42.656000E-06,-2.613065349945E+00
+42.664000E-06,-2.814070370903E+00
+42.672000E-06,-2.814070373774E+00
+42.680000E-06,-2.814070373774E+00
+42.688000E-06,-2.613065349946E+00
+42.696000E-06,-2.613065347075E+00
+42.704000E-06,-2.814070370903E+00
+42.712000E-06,-2.814070373774E+00
+42.720000E-06,-2.814070373774E+00
+42.728000E-06,-2.814070373774E+00
+42.736000E-06,-2.814070373774E+00
+42.744000E-06,-2.814070373774E+00
+42.752000E-06,-2.814070373774E+00
+42.760000E-06,-2.814070373774E+00
+42.768000E-06,-2.814070373774E+00
+42.776000E-06,-2.814070373774E+00
+42.784000E-06,-2.814070373774E+00
+42.792000E-06,-2.613065349946E+00
+42.800000E-06,-2.814070370903E+00
+42.808000E-06,-2.814070373774E+00
+42.816000E-06,-2.814070373774E+00
+42.824000E-06,-2.613065349948E+00
+42.832000E-06,-2.814070370901E+00
+42.840000E-06,-2.613065349948E+00
+42.848000E-06,-2.814070370901E+00
+42.856000E-06,-2.814070373774E+00
+42.864000E-06,-2.613065349948E+00
+42.872000E-06,-2.814070370901E+00
+42.880000E-06,-2.814070373774E+00
+42.888000E-06,-2.814070373774E+00
+42.896000E-06,-2.814070373774E+00
+42.904000E-06,-2.613065349948E+00
+42.912000E-06,-2.814070370901E+00
+42.920000E-06,-2.613065349948E+00
+42.928000E-06,-2.613065347075E+00
+42.936000E-06,-2.814070370901E+00
+42.944000E-06,-2.613065349948E+00
+42.952000E-06,-2.613065347075E+00
+42.960000E-06,-2.613065347075E+00
+42.968000E-06,-2.814070370901E+00
+42.976000E-06,-2.814070373774E+00
+42.984000E-06,-2.613065349948E+00
+42.992000E-06,-2.613065347075E+00
+43.000000E-06,-2.814070370900E+00
+43.008000E-06,-2.613065349949E+00
+43.016000E-06,-2.613065347075E+00
+43.024000E-06,-2.613065347075E+00
+43.032000E-06,-2.814070370900E+00
+43.040000E-06,-2.613065349949E+00
+43.048000E-06,-2.814070370900E+00
+43.056000E-06,-2.613065349949E+00
+43.064000E-06,-2.613065347075E+00
+43.072000E-06,-2.814070370900E+00
+43.080000E-06,-2.613065349949E+00
+43.088000E-06,-2.613065347075E+00
+43.096000E-06,-2.613065347075E+00
+43.104000E-06,-2.613065347075E+00
+43.112000E-06,-2.613065347075E+00
+43.120000E-06,-2.613065347075E+00
+43.128000E-06,-2.613065347075E+00
+43.136000E-06,-2.613065347075E+00
+43.144000E-06,-2.613065347075E+00
+43.152000E-06,-2.613065347075E+00
+43.160000E-06,-2.613065347075E+00
+43.168000E-06,-2.814070370898E+00
+43.176000E-06,-2.814070373774E+00
+43.184000E-06,-2.613065349951E+00
+43.192000E-06,-2.613065347075E+00
+43.200000E-06,-2.613065347075E+00
+43.208000E-06,-2.814070370898E+00
+43.216000E-06,-2.613065349951E+00
+43.224000E-06,-2.613065347075E+00
+43.232000E-06,-2.613065347075E+00
+43.240000E-06,-2.613065347075E+00
+43.248000E-06,-2.613065347075E+00
+43.256000E-06,-2.613065347075E+00
+43.264000E-06,-2.613065347075E+00
+43.272000E-06,-2.613065347075E+00
+43.280000E-06,-2.613065347075E+00
+43.288000E-06,-2.613065347075E+00
+43.296000E-06,-2.412060323253E+00
+43.304000E-06,-2.613065344200E+00
+43.312000E-06,-2.613065347075E+00
+43.320000E-06,-2.814070370898E+00
+43.328000E-06,-2.613065349952E+00
+43.336000E-06,-2.613065347075E+00
+43.344000E-06,-2.613065347075E+00
+43.352000E-06,-2.613065347075E+00
+43.360000E-06,-2.613065347075E+00
+43.368000E-06,-2.613065347075E+00
+43.376000E-06,-2.613065347075E+00
+43.384000E-06,-2.613065347075E+00
+43.392000E-06,-2.412060323254E+00
+43.400000E-06,-2.412060320377E+00
+43.408000E-06,-2.613065344199E+00
+43.416000E-06,-2.412060323254E+00
+43.424000E-06,-2.613065344199E+00
+43.432000E-06,-2.613065347075E+00
+43.440000E-06,-2.613065347075E+00
+43.448000E-06,-2.613065347075E+00
+43.456000E-06,-2.613065347075E+00
+43.464000E-06,-2.613065347075E+00
+43.472000E-06,-2.412060323254E+00
+43.480000E-06,-2.412060320377E+00
+43.488000E-06,-2.412060320377E+00
+43.496000E-06,-2.613065344197E+00
+43.504000E-06,-2.613065347075E+00
+43.512000E-06,-2.613065347075E+00
+43.520000E-06,-2.613065347075E+00
+43.528000E-06,-2.412060323256E+00
+43.536000E-06,-2.613065344197E+00
+43.544000E-06,-2.412060323256E+00
+43.552000E-06,-2.613065344197E+00
+43.560000E-06,-2.412060323256E+00
+43.568000E-06,-2.412060320377E+00
+43.576000E-06,-2.412060320377E+00
+43.584000E-06,-2.613065344197E+00
+43.592000E-06,-2.412060323256E+00
+43.600000E-06,-2.412060320377E+00
+43.608000E-06,-2.412060320377E+00
+43.616000E-06,-2.412060320377E+00
+43.624000E-06,-2.412060320377E+00
+43.632000E-06,-2.412060320377E+00
+43.640000E-06,-2.613065344197E+00
+43.648000E-06,-2.412060323256E+00
+43.656000E-06,-2.613065344197E+00
+43.664000E-06,-2.412060323257E+00
+43.672000E-06,-2.412060320377E+00
+43.680000E-06,-2.412060320377E+00
+43.688000E-06,-2.613065344196E+00
+43.696000E-06,-2.412060323257E+00
+43.704000E-06,-2.613065344196E+00
+43.712000E-06,-2.613065347075E+00
+43.720000E-06,-2.613065347075E+00
+43.728000E-06,-2.412060323257E+00
+43.736000E-06,-2.613065344196E+00
+43.744000E-06,-2.613065347075E+00
+43.752000E-06,-2.412060323257E+00
+43.760000E-06,-2.412060320377E+00
+43.768000E-06,-2.412060320377E+00
+43.776000E-06,-2.613065344196E+00
+43.784000E-06,-2.412060323257E+00
+43.792000E-06,-2.613065344196E+00
+43.800000E-06,-2.412060323257E+00
+43.808000E-06,-2.412060320377E+00
+43.816000E-06,-2.412060320377E+00
+43.824000E-06,-2.613065344194E+00
+43.832000E-06,-2.412060323258E+00
+43.840000E-06,-2.412060320377E+00
+43.848000E-06,-2.412060320377E+00
+43.856000E-06,-2.412060320377E+00
+43.864000E-06,-2.412060320377E+00
+43.872000E-06,-2.412060320377E+00
+43.880000E-06,-2.412060320377E+00
+43.888000E-06,-2.412060320377E+00
+43.896000E-06,-2.613065344194E+00
+43.904000E-06,-2.412060323258E+00
+43.912000E-06,-2.412060320377E+00
+43.920000E-06,-2.412060320377E+00
+43.928000E-06,-2.412060320377E+00
+43.936000E-06,-2.412060320377E+00
+43.944000E-06,-2.412060320377E+00
+43.952000E-06,-2.412060320377E+00
+43.960000E-06,-2.412060320377E+00
+43.968000E-06,-2.412060320377E+00
+43.976000E-06,-2.412060320377E+00
+43.984000E-06,-2.412060320377E+00
+43.992000E-06,-2.412060320377E+00
+44.000000E-06,-2.412060320377E+00
+44.008000E-06,-2.412060320377E+00
+44.016000E-06,-2.613065344193E+00
+44.024000E-06,-2.412060323260E+00
+44.032000E-06,-2.412060320377E+00
+44.040000E-06,-2.412060320377E+00
+44.048000E-06,-2.211055296562E+00
+44.056000E-06,-2.412060317495E+00
+44.064000E-06,-2.412060320377E+00
+44.072000E-06,-2.412060320377E+00
+44.080000E-06,-2.412060320377E+00
+44.088000E-06,-2.412060320377E+00
+44.096000E-06,-2.211055296562E+00
+44.104000E-06,-2.412060317495E+00
+44.112000E-06,-2.412060320377E+00
+44.120000E-06,-2.211055296562E+00
+44.128000E-06,-2.412060317495E+00
+44.136000E-06,-2.211055296562E+00
+44.144000E-06,-2.211055293679E+00
+44.152000E-06,-2.211055293679E+00
+44.160000E-06,-2.211055293679E+00
+44.168000E-06,-2.211055293679E+00
+44.176000E-06,-2.412060317493E+00
+44.184000E-06,-2.211055296563E+00
+44.192000E-06,-2.211055293679E+00
+44.200000E-06,-2.211055293679E+00
+44.208000E-06,-2.211055293679E+00
+44.216000E-06,-2.211055293679E+00
+44.224000E-06,-2.412060317493E+00
+44.232000E-06,-2.211055296563E+00
+44.240000E-06,-2.211055293679E+00
+44.248000E-06,-2.412060317493E+00
+44.256000E-06,-2.211055296563E+00
+44.264000E-06,-2.211055293679E+00
+44.272000E-06,-2.211055293679E+00
+44.280000E-06,-2.211055293679E+00
+44.288000E-06,-2.211055293679E+00
+44.296000E-06,-2.211055293679E+00
+44.304000E-06,-2.211055293679E+00
+44.312000E-06,-2.211055293679E+00
+44.320000E-06,-2.211055293679E+00
+44.328000E-06,-2.211055293679E+00
+44.336000E-06,-2.412060317492E+00
+44.344000E-06,-2.211055296565E+00
+44.352000E-06,-2.211055293679E+00
+44.360000E-06,-2.211055293679E+00
+44.368000E-06,-2.211055293679E+00
+44.376000E-06,-2.211055293679E+00
+44.384000E-06,-2.211055293679E+00
+44.392000E-06,-2.211055293679E+00
+44.400000E-06,-2.211055293679E+00
+44.408000E-06,-2.010050269867E+00
+44.416000E-06,-2.211055290794E+00
+44.424000E-06,-2.211055293679E+00
+44.432000E-06,-2.211055293679E+00
+44.440000E-06,-2.211055293679E+00
+44.448000E-06,-2.211055293679E+00
+44.456000E-06,-2.010050269867E+00
+44.464000E-06,-2.211055290794E+00
+44.472000E-06,-2.211055293679E+00
+44.480000E-06,-2.211055293679E+00
+44.488000E-06,-2.010050269868E+00
+44.496000E-06,-2.010050266981E+00
+44.504000E-06,-2.211055290792E+00
+44.512000E-06,-2.211055293679E+00
+44.520000E-06,-2.211055293679E+00
+44.528000E-06,-2.211055293679E+00
+44.536000E-06,-2.211055293679E+00
+44.544000E-06,-2.010050269868E+00
+44.552000E-06,-2.211055290792E+00
+44.560000E-06,-2.211055293679E+00
+44.568000E-06,-2.211055293679E+00
+44.576000E-06,-2.211055293679E+00
+44.584000E-06,-2.211055293679E+00
+44.592000E-06,-2.010050269868E+00
+44.600000E-06,-2.211055290792E+00
+44.608000E-06,-2.211055293679E+00
+44.616000E-06,-2.211055293679E+00
+44.624000E-06,-2.211055293679E+00
+44.632000E-06,-2.010050269868E+00
+44.640000E-06,-2.211055290792E+00
+44.648000E-06,-2.211055293679E+00
+44.656000E-06,-2.211055293679E+00
+44.664000E-06,-2.211055293679E+00
+44.672000E-06,-2.211055293679E+00
+44.680000E-06,-2.211055293679E+00
+44.688000E-06,-2.010050269870E+00
+44.696000E-06,-2.010050266981E+00
+44.704000E-06,-2.211055290791E+00
+44.712000E-06,-2.010050269870E+00
+44.720000E-06,-2.010050266981E+00
+44.728000E-06,-2.211055290791E+00
+44.736000E-06,-2.010050269870E+00
+44.744000E-06,-2.010050266981E+00
+44.752000E-06,-2.211055290791E+00
+44.760000E-06,-2.211055293679E+00
+44.768000E-06,-2.010050269870E+00
+44.776000E-06,-2.010050266981E+00
+44.784000E-06,-2.010050266981E+00
+44.792000E-06,-2.010050266981E+00
+44.800000E-06,-2.211055290791E+00
+44.808000E-06,-2.211055293679E+00
+44.816000E-06,-2.211055293679E+00
+44.824000E-06,-2.010050269871E+00
+44.832000E-06,-2.010050266981E+00
+44.840000E-06,-2.010050266981E+00
+44.848000E-06,-2.010050266981E+00
+44.856000E-06,-2.211055290789E+00
+44.864000E-06,-2.010050269871E+00
+44.872000E-06,-2.010050266981E+00
+44.880000E-06,-2.010050266981E+00
+44.888000E-06,-2.010050266981E+00
+44.896000E-06,-2.010050266981E+00
+44.904000E-06,-2.010050266981E+00
+44.912000E-06,-2.010050266981E+00
+44.920000E-06,-2.010050266981E+00
+44.928000E-06,-2.010050266981E+00
+44.936000E-06,-2.010050266981E+00
+44.944000E-06,-2.010050266981E+00
+44.952000E-06,-2.010050266981E+00
+44.960000E-06,-2.010050266981E+00
+44.968000E-06,-2.010050266981E+00
+44.976000E-06,-2.010050266981E+00
+44.984000E-06,-2.010050266981E+00
+44.992000E-06,-2.010050266981E+00
+45.000000E-06,-2.010050266981E+00
+45.008000E-06,-2.010050266981E+00
+45.016000E-06,-2.010050266981E+00
+45.024000E-06,-1.809045243174E+00
+45.032000E-06,-2.010050264090E+00
+45.040000E-06,-2.010050266981E+00
+45.048000E-06,-2.010050266981E+00
+45.056000E-06,-2.010050266981E+00
+45.064000E-06,-2.010050266981E+00
+45.072000E-06,-2.010050266981E+00
+45.080000E-06,-2.010050266981E+00
+45.088000E-06,-1.809045243174E+00
+45.096000E-06,-2.010050264090E+00
+45.104000E-06,-2.010050266981E+00
+45.112000E-06,-1.809045243174E+00
+45.120000E-06,-2.010050264090E+00
+45.128000E-06,-2.010050266981E+00
+45.136000E-06,-1.809045243174E+00
+45.144000E-06,-2.010050264090E+00
+45.152000E-06,-1.809045243176E+00
+45.160000E-06,-1.809045240283E+00
+45.168000E-06,-2.010050264088E+00
+45.176000E-06,-1.809045243176E+00
+45.184000E-06,-2.010050264088E+00
+45.192000E-06,-2.010050266981E+00
+45.200000E-06,-2.010050266981E+00
+45.208000E-06,-1.809045243176E+00
+45.216000E-06,-1.809045240283E+00
+45.224000E-06,-2.010050264088E+00
+45.232000E-06,-1.809045243176E+00
+45.240000E-06,-1.809045240283E+00
+45.248000E-06,-2.010050264088E+00
+45.256000E-06,-1.809045243176E+00
+45.264000E-06,-1.809045240283E+00
+45.272000E-06,-2.010050264088E+00
+45.280000E-06,-2.010050266981E+00
+45.288000E-06,-1.809045243176E+00
+45.296000E-06,-2.010050264088E+00
+45.304000E-06,-2.010050266981E+00
+45.312000E-06,-1.809045243176E+00
+45.320000E-06,-1.809045240283E+00
+45.328000E-06,-1.809045240283E+00
+45.336000E-06,-1.809045240283E+00
+45.344000E-06,-1.809045240283E+00
+45.352000E-06,-1.809045240283E+00
+45.360000E-06,-1.809045240283E+00
+45.368000E-06,-2.010050264087E+00
+45.376000E-06,-1.809045243177E+00
+45.384000E-06,-1.809045240283E+00
+45.392000E-06,-1.809045240283E+00
+45.400000E-06,-1.809045240283E+00
+45.408000E-06,-1.809045240283E+00
+45.416000E-06,-1.809045240283E+00
+45.424000E-06,-1.809045240283E+00
+45.432000E-06,-1.809045240283E+00
+45.440000E-06,-1.809045240283E+00
+45.448000E-06,-1.809045240283E+00
+45.456000E-06,-1.809045240283E+00
+45.464000E-06,-1.809045240283E+00
+45.472000E-06,-1.809045240283E+00
+45.480000E-06,-1.809045240283E+00
+45.488000E-06,-1.809045240283E+00
+45.496000E-06,-1.809045240283E+00
+45.504000E-06,-1.809045240283E+00
+45.512000E-06,-1.809045240283E+00
+45.520000E-06,-1.809045240283E+00
+45.528000E-06,-1.809045240283E+00
+45.536000E-06,-1.809045240283E+00
+45.544000E-06,-1.809045240283E+00
+45.552000E-06,-1.809045240283E+00
+45.560000E-06,-1.809045240283E+00
+45.568000E-06,-1.809045240283E+00
+45.576000E-06,-1.809045240283E+00
+45.584000E-06,-1.809045240283E+00
+45.592000E-06,-1.809045240283E+00
+45.600000E-06,-1.809045240283E+00
+45.608000E-06,-1.809045240283E+00
+45.616000E-06,-1.809045240283E+00
+45.624000E-06,-1.608040216481E+00
+45.632000E-06,-1.809045237387E+00
+45.640000E-06,-1.809045240283E+00
+45.648000E-06,-1.809045240283E+00
+45.656000E-06,-1.809045240283E+00
+45.664000E-06,-1.608040216481E+00
+45.672000E-06,-1.809045237386E+00
+45.680000E-06,-1.608040216482E+00
+45.688000E-06,-1.809045237386E+00
+45.696000E-06,-1.608040216482E+00
+45.704000E-06,-1.608040213585E+00
+45.712000E-06,-1.608040213585E+00
+45.720000E-06,-1.608040213585E+00
+45.728000E-06,-1.809045237386E+00
+45.736000E-06,-1.608040216482E+00
+45.744000E-06,-1.608040213585E+00
+45.752000E-06,-1.608040213585E+00
+45.760000E-06,-1.608040213585E+00
+45.768000E-06,-1.608040213585E+00
+45.776000E-06,-1.608040213585E+00
+45.784000E-06,-1.608040213585E+00
+45.792000E-06,-1.608040213585E+00
+45.800000E-06,-1.608040213585E+00
+45.808000E-06,-1.608040213585E+00
+45.816000E-06,-1.608040213585E+00
+45.824000E-06,-1.809045237384E+00
+45.832000E-06,-1.608040216484E+00
+45.840000E-06,-1.608040213585E+00
+45.848000E-06,-1.608040213585E+00
+45.856000E-06,-1.809045237384E+00
+45.864000E-06,-1.608040216484E+00
+45.872000E-06,-1.608040213585E+00
+45.880000E-06,-1.608040213585E+00
+45.888000E-06,-1.608040213585E+00
+45.896000E-06,-1.608040213585E+00
+45.904000E-06,-1.608040213585E+00
+45.912000E-06,-1.608040213585E+00
+45.920000E-06,-1.608040213585E+00
+45.928000E-06,-1.608040213585E+00
+45.936000E-06,-1.608040213585E+00
+45.944000E-06,-1.608040213585E+00
+45.952000E-06,-1.608040213585E+00
+45.960000E-06,-1.608040213585E+00
+45.968000E-06,-1.608040213585E+00
+45.976000E-06,-1.608040213585E+00
+45.984000E-06,-1.608040213585E+00
+45.992000E-06,-1.608040213585E+00
+46.000000E-06,-1.608040213585E+00
+46.008000E-06,-1.608040213585E+00
+46.016000E-06,-1.608040213585E+00
+46.024000E-06,-1.608040213585E+00
+46.032000E-06,-1.608040213585E+00
+46.040000E-06,-1.608040213585E+00
+46.048000E-06,-1.608040213585E+00
+46.056000E-06,-1.608040213585E+00
+46.064000E-06,-1.407035189787E+00
+46.072000E-06,-1.407035186887E+00
+46.080000E-06,-1.608040210685E+00
+46.088000E-06,-1.608040213585E+00
+46.096000E-06,-1.608040213585E+00
+46.104000E-06,-1.608040213585E+00
+46.112000E-06,-1.608040213585E+00
+46.120000E-06,-1.407035189787E+00
+46.128000E-06,-1.608040210685E+00
+46.136000E-06,-1.407035189787E+00
+46.144000E-06,-1.608040210685E+00
+46.152000E-06,-1.608040213585E+00
+46.160000E-06,-1.608040213585E+00
+46.168000E-06,-1.407035189788E+00
+46.176000E-06,-1.608040210683E+00
+46.184000E-06,-1.407035189788E+00
+46.192000E-06,-1.407035186887E+00
+46.200000E-06,-1.407035186887E+00
+46.208000E-06,-1.608040210683E+00
+46.216000E-06,-1.407035189788E+00
+46.224000E-06,-1.407035186887E+00
+46.232000E-06,-1.407035186887E+00
+46.240000E-06,-1.407035186887E+00
+46.248000E-06,-1.407035186887E+00
+46.256000E-06,-1.608040210683E+00
+46.264000E-06,-1.407035189788E+00
+46.272000E-06,-1.407035186887E+00
+46.280000E-06,-1.407035186887E+00
+46.288000E-06,-1.608040210683E+00
+46.296000E-06,-1.407035189788E+00
+46.304000E-06,-1.407035186887E+00
+46.312000E-06,-1.407035186887E+00
+46.320000E-06,-1.407035186887E+00
+46.328000E-06,-1.407035186887E+00
+46.336000E-06,-1.407035186887E+00
+46.344000E-06,-1.407035186887E+00
+46.352000E-06,-1.407035186887E+00
+46.360000E-06,-1.407035186887E+00
+46.368000E-06,-1.407035186887E+00
+46.376000E-06,-1.407035186887E+00
+46.384000E-06,-1.407035186887E+00
+46.392000E-06,-1.407035186887E+00
+46.400000E-06,-1.407035186887E+00
+46.408000E-06,-1.407035186887E+00
+46.416000E-06,-1.407035186887E+00
+46.424000E-06,-1.407035186887E+00
+46.432000E-06,-1.407035186887E+00
+46.440000E-06,-1.206030163092E+00
+46.448000E-06,-1.407035183984E+00
+46.456000E-06,-1.407035186887E+00
+46.464000E-06,-1.206030163092E+00
+46.472000E-06,-1.407035183984E+00
+46.480000E-06,-1.407035186887E+00
+46.488000E-06,-1.407035186887E+00
+46.496000E-06,-1.407035186887E+00
+46.504000E-06,-1.407035186887E+00
+46.512000E-06,-1.407035186887E+00
+46.520000E-06,-1.407035186887E+00
+46.528000E-06,-1.206030163093E+00
+46.536000E-06,-1.407035183982E+00
+46.544000E-06,-1.407035186887E+00
+46.552000E-06,-1.206030163093E+00
+46.560000E-06,-1.407035183982E+00
+46.568000E-06,-1.206030163093E+00
+46.576000E-06,-1.206030160189E+00
+46.584000E-06,-1.407035183982E+00
+46.592000E-06,-1.206030163093E+00
+46.600000E-06,-1.407035183982E+00
+46.608000E-06,-1.206030163093E+00
+46.616000E-06,-1.407035183982E+00
+46.624000E-06,-1.407035186887E+00
+46.632000E-06,-1.206030163093E+00
+46.640000E-06,-1.206030160189E+00
+46.648000E-06,-1.206030160189E+00
+46.656000E-06,-1.407035183982E+00
+46.664000E-06,-1.407035186887E+00
+46.672000E-06,-1.206030163095E+00
+46.680000E-06,-1.206030160189E+00
+46.688000E-06,-1.206030160189E+00
+46.696000E-06,-1.206030160189E+00
+46.704000E-06,-1.206030160189E+00
+46.712000E-06,-1.206030160189E+00
+46.720000E-06,-1.407035183981E+00
+46.728000E-06,-1.206030163095E+00
+46.736000E-06,-1.206030160189E+00
+46.744000E-06,-1.206030160189E+00
+46.752000E-06,-1.206030160189E+00
+46.760000E-06,-1.206030160189E+00
+46.768000E-06,-1.206030160189E+00
+46.776000E-06,-1.206030160189E+00
+46.784000E-06,-1.206030160189E+00
+46.792000E-06,-1.206030160189E+00
+46.800000E-06,-1.407035183981E+00
+46.808000E-06,-1.407035186887E+00
+46.816000E-06,-1.206030163095E+00
+46.824000E-06,-1.206030160189E+00
+46.832000E-06,-1.206030160189E+00
+46.840000E-06,-1.206030160189E+00
+46.848000E-06,-1.206030160189E+00
+46.856000E-06,-1.206030160189E+00
+46.864000E-06,-1.206030160189E+00
+46.872000E-06,-1.206030160189E+00
+46.880000E-06,-1.206030160189E+00
+46.888000E-06,-1.005025136398E+00
+46.896000E-06,-1.206030157281E+00
+46.904000E-06,-1.206030160189E+00
+46.912000E-06,-1.206030160189E+00
+46.920000E-06,-1.005025136398E+00
+46.928000E-06,-1.206030157281E+00
+46.936000E-06,-1.206030160189E+00
+46.944000E-06,-1.206030160189E+00
+46.952000E-06,-1.005025136398E+00
+46.960000E-06,-1.206030157281E+00
+46.968000E-06,-1.206030160189E+00
+46.976000E-06,-1.206030160189E+00
+46.984000E-06,-1.206030160189E+00
+46.992000E-06,-1.206030160189E+00
+47.000000E-06,-1.005025136398E+00
+47.008000E-06,-1.206030157280E+00
+47.016000E-06,-1.206030160189E+00
+47.024000E-06,-1.206030160189E+00
+47.032000E-06,-1.206030160189E+00
+47.040000E-06,-1.206030160189E+00
+47.048000E-06,-1.005025136399E+00
+47.056000E-06,-1.005025133491E+00
+47.064000E-06,-1.005025133491E+00
+47.072000E-06,-1.206030157280E+00
+47.080000E-06,-1.206030160189E+00
+47.088000E-06,-1.005025136399E+00
+47.096000E-06,-1.005025133491E+00
+47.104000E-06,-1.005025133491E+00
+47.112000E-06,-1.206030157280E+00
+47.120000E-06,-1.005025136399E+00
+47.128000E-06,-1.206030157280E+00
+47.136000E-06,-1.005025136399E+00
+47.144000E-06,-1.206030157280E+00
+47.152000E-06,-1.206030160189E+00
+47.160000E-06,-1.005025136401E+00
+47.168000E-06,-1.206030157278E+00
+47.176000E-06,-1.005025136401E+00
+47.184000E-06,-1.005025133491E+00
+47.192000E-06,-1.005025133491E+00
+47.200000E-06,-1.005025133491E+00
+47.208000E-06,-1.005025133491E+00
+47.216000E-06,-1.005025133491E+00
+47.224000E-06,-1.005025133491E+00
+47.232000E-06,-1.005025133491E+00
+47.240000E-06,-1.005025133491E+00
+47.248000E-06,-1.206030157278E+00
+47.256000E-06,-1.005025136401E+00
+47.264000E-06,-1.005025133491E+00
+47.272000E-06,-1.005025133491E+00
+47.280000E-06,-1.005025133491E+00
+47.288000E-06,-1.005025133491E+00
+47.296000E-06,-1.005025133491E+00
+47.304000E-06,-1.005025133491E+00
+47.312000E-06,-1.005025133491E+00
+47.320000E-06,-1.206030157278E+00
+47.328000E-06,-1.005025136401E+00
+47.336000E-06,-804.020109703E-03
+47.344000E-06,-1.005025130579E+00
+47.352000E-06,-1.005025133491E+00
+47.360000E-06,-1.005025133491E+00
+47.368000E-06,-1.005025133491E+00
+47.376000E-06,-1.005025133491E+00
+47.384000E-06,-1.005025133491E+00
+47.392000E-06,-1.005025133491E+00
+47.400000E-06,-804.020109704E-03
+47.408000E-06,-804.020106792E-03
+47.416000E-06,-1.005025130579E+00
+47.424000E-06,-1.005025133491E+00
+47.432000E-06,-1.005025133491E+00
+47.440000E-06,-1.005025133491E+00
+47.448000E-06,-1.005025133491E+00
+47.456000E-06,-1.005025133491E+00
+47.464000E-06,-804.020109704E-03
+47.472000E-06,-1.005025130579E+00
+47.480000E-06,-1.005025133491E+00
+47.488000E-06,-1.005025133491E+00
+47.496000E-06,-804.020109706E-03
+47.504000E-06,-1.005025130577E+00
+47.512000E-06,-1.005025133491E+00
+47.520000E-06,-804.020109706E-03
+47.528000E-06,-804.020106792E-03
+47.536000E-06,-1.005025130577E+00
+47.544000E-06,-1.005025133491E+00
+47.552000E-06,-804.020109706E-03
+47.560000E-06,-804.020106792E-03
+47.568000E-06,-804.020106792E-03
+47.576000E-06,-804.020106792E-03
+47.584000E-06,-804.020106792E-03
+47.592000E-06,-804.020106792E-03
+47.600000E-06,-1.005025130577E+00
+47.608000E-06,-1.005025133491E+00
+47.616000E-06,-804.020109706E-03
+47.624000E-06,-804.020106792E-03
+47.632000E-06,-804.020106792E-03
+47.640000E-06,-804.020106792E-03
+47.648000E-06,-804.020106792E-03
+47.656000E-06,-804.020106792E-03
+47.664000E-06,-804.020106792E-03
+47.672000E-06,-804.020106792E-03
+47.680000E-06,-804.020106792E-03
+47.688000E-06,-804.020106792E-03
+47.696000E-06,-804.020106792E-03
+47.704000E-06,-804.020106792E-03
+47.712000E-06,-804.020106792E-03
+47.720000E-06,-804.020106792E-03
+47.728000E-06,-804.020106792E-03
+47.736000E-06,-804.020106792E-03
+47.744000E-06,-1.005025130576E+00
+47.752000E-06,-804.020109707E-03
+47.760000E-06,-603.015083009E-03
+47.768000E-06,-804.020103878E-03
+47.776000E-06,-804.020106792E-03
+47.784000E-06,-804.020106792E-03
+47.792000E-06,-804.020106792E-03
+47.800000E-06,-804.020106792E-03
+47.808000E-06,-804.020106792E-03
+47.816000E-06,-804.020106792E-03
+47.824000E-06,-804.020106792E-03
+47.832000E-06,-804.020106792E-03
+47.840000E-06,-804.020106792E-03
+47.848000E-06,-804.020106792E-03
+47.856000E-06,-804.020106792E-03
+47.864000E-06,-804.020106792E-03
+47.872000E-06,-804.020106792E-03
+47.880000E-06,-804.020106792E-03
+47.888000E-06,-804.020106792E-03
+47.896000E-06,-804.020106792E-03
+47.904000E-06,-804.020106792E-03
+47.912000E-06,-804.020106792E-03
+47.920000E-06,-804.020106792E-03
+47.928000E-06,-804.020106792E-03
+47.936000E-06,-804.020106792E-03
+47.944000E-06,-804.020106792E-03
+47.952000E-06,-804.020106792E-03
+47.960000E-06,-804.020106792E-03
+47.968000E-06,-804.020106792E-03
+47.976000E-06,-804.020106792E-03
+47.984000E-06,-804.020106792E-03
+47.992000E-06,-804.020106792E-03
+48.000000E-06,-603.015083011E-03
+48.008000E-06,-804.020103875E-03
+48.016000E-06,-804.020106792E-03
+48.024000E-06,-804.020106792E-03
+48.032000E-06,-804.020106792E-03
+48.040000E-06,-804.020106792E-03
+48.048000E-06,-804.020106792E-03
+48.056000E-06,-804.020106792E-03
+48.064000E-06,-603.015083012E-03
+48.072000E-06,-603.015080094E-03
+48.080000E-06,-603.015080094E-03
+48.088000E-06,-603.015080094E-03
+48.096000E-06,-603.015080094E-03
+48.104000E-06,-603.015080094E-03
+48.112000E-06,-804.020103875E-03
+48.120000E-06,-804.020106792E-03
+48.128000E-06,-804.020106792E-03
+48.136000E-06,-804.020106792E-03
+48.144000E-06,-804.020106792E-03
+48.152000E-06,-804.020106792E-03
+48.160000E-06,-603.015083013E-03
+48.168000E-06,-603.015080094E-03
+48.176000E-06,-603.015080094E-03
+48.184000E-06,-804.020103873E-03
+48.192000E-06,-603.015083013E-03
+48.200000E-06,-603.015080094E-03
+48.208000E-06,-603.015080094E-03
+48.216000E-06,-603.015080094E-03
+48.224000E-06,-603.015080094E-03
+48.232000E-06,-804.020103873E-03
+48.240000E-06,-804.020106792E-03
+48.248000E-06,-603.015083013E-03
+48.256000E-06,-804.020103873E-03
+48.264000E-06,-603.015083013E-03
+48.272000E-06,-603.015080094E-03
+48.280000E-06,-603.015080094E-03
+48.288000E-06,-603.015080094E-03
+48.296000E-06,-603.015080094E-03
+48.304000E-06,-603.015080094E-03
+48.312000E-06,-603.015080094E-03
+48.320000E-06,-603.015080094E-03
+48.328000E-06,-603.015080094E-03
+48.336000E-06,-603.015080094E-03
+48.344000E-06,-804.020103872E-03
+48.352000E-06,-804.020106792E-03
+48.360000E-06,-603.015083015E-03
+48.368000E-06,-603.015080094E-03
+48.376000E-06,-603.015080094E-03
+48.384000E-06,-603.015080094E-03
+48.392000E-06,-603.015080094E-03
+48.400000E-06,-603.015080094E-03
+48.408000E-06,-603.015080094E-03
+48.416000E-06,-603.015080094E-03
+48.424000E-06,-603.015080094E-03
+48.432000E-06,-402.010056317E-03
+48.440000E-06,-603.015077174E-03
+48.448000E-06,-603.015080094E-03
+48.456000E-06,-603.015080094E-03
+48.464000E-06,-603.015080094E-03
+48.472000E-06,-804.020103872E-03
+48.480000E-06,-603.015083015E-03
+48.488000E-06,-603.015080094E-03
+48.496000E-06,-402.010056318E-03
+48.504000E-06,-603.015077172E-03
+48.512000E-06,-603.015080094E-03
+48.520000E-06,-603.015080094E-03
+48.528000E-06,-603.015080094E-03
+48.536000E-06,-603.015080094E-03
+48.544000E-06,-603.015080094E-03
+48.552000E-06,-603.015080094E-03
+48.560000E-06,-603.015080094E-03
+48.568000E-06,-603.015080094E-03
+48.576000E-06,-603.015080094E-03
+48.584000E-06,-603.015080094E-03
+48.592000E-06,-402.010056318E-03
+48.600000E-06,-402.010053396E-03
+48.608000E-06,-603.015077172E-03
+48.616000E-06,-402.010056318E-03
+48.624000E-06,-603.015077172E-03
+48.632000E-06,-603.015080094E-03
+48.640000E-06,-603.015080094E-03
+48.648000E-06,-603.015080094E-03
+48.656000E-06,-402.010056318E-03
+48.664000E-06,-402.010053396E-03
+48.672000E-06,-402.010053396E-03
+48.680000E-06,-603.015077171E-03
+48.688000E-06,-603.015080094E-03
+48.696000E-06,-402.010056320E-03
+48.704000E-06,-402.010053396E-03
+48.712000E-06,-402.010053396E-03
+48.720000E-06,-402.010053396E-03
+48.728000E-06,-402.010053396E-03
+48.736000E-06,-402.010053396E-03
+48.744000E-06,-603.015077171E-03
+48.752000E-06,-402.010056320E-03
+48.760000E-06,-402.010053396E-03
+48.768000E-06,-402.010053396E-03
+48.776000E-06,-603.015077171E-03
+48.784000E-06,-603.015080094E-03
+48.792000E-06,-402.010056320E-03
+48.800000E-06,-402.010053396E-03
+48.808000E-06,-402.010053396E-03
+48.816000E-06,-402.010053396E-03
+48.824000E-06,-402.010053396E-03
+48.832000E-06,-402.010053396E-03
+48.840000E-06,-402.010053396E-03
+48.848000E-06,-402.010053396E-03
+48.856000E-06,-402.010053396E-03
+48.864000E-06,-402.010053396E-03
+48.872000E-06,-402.010053396E-03
+48.880000E-06,-402.010053396E-03
+48.888000E-06,-402.010053396E-03
+48.896000E-06,-402.010053396E-03
+48.904000E-06,-402.010053396E-03
+48.912000E-06,-603.015077169E-03
+48.920000E-06,-402.010056321E-03
+48.928000E-06,-402.010053396E-03
+48.936000E-06,-402.010053396E-03
+48.944000E-06,-402.010053396E-03
+48.952000E-06,-402.010053396E-03
+48.960000E-06,-402.010053396E-03
+48.968000E-06,-402.010053396E-03
+48.976000E-06,-402.010053396E-03
+48.984000E-06,-402.010053396E-03
+48.992000E-06,-402.010053396E-03
+49.000000E-06,-402.010053396E-03
+49.008000E-06,-402.010053396E-03
+49.016000E-06,-402.010053396E-03
+49.024000E-06,-402.010053396E-03
+49.032000E-06,-402.010053396E-03
+49.040000E-06,-402.010053396E-03
+49.048000E-06,-402.010053396E-03
+49.056000E-06,-402.010053396E-03
+49.064000E-06,-402.010053396E-03
+49.072000E-06,-402.010053396E-03
+49.080000E-06,-402.010053396E-03
+49.088000E-06,-402.010053396E-03
+49.096000E-06,-402.010053396E-03
+49.104000E-06,-402.010053396E-03
+49.112000E-06,-402.010053396E-03
+49.120000E-06,-402.010053396E-03
+49.128000E-06,-402.010053396E-03
+49.136000E-06,-402.010053396E-03
+49.144000E-06,-402.010053396E-03
+49.152000E-06,-402.010053396E-03
+49.160000E-06,-402.010053396E-03
+49.168000E-06,-402.010053396E-03
+49.176000E-06,-402.010053396E-03
+49.184000E-06,-402.010053396E-03
+49.192000E-06,-402.010053396E-03
+49.200000E-06,-201.005029626E-03
+49.208000E-06,-402.010050468E-03
+49.216000E-06,-402.010053396E-03
+49.224000E-06,-201.005029626E-03
+49.232000E-06,-402.010050468E-03
+49.240000E-06,-201.005029626E-03
+49.248000E-06,-402.010050468E-03
+49.256000E-06,-402.010053396E-03
+49.264000E-06,-402.010053396E-03
+49.272000E-06,-402.010053396E-03
+49.280000E-06,-201.005029626E-03
+49.288000E-06,-201.005026698E-03
+49.296000E-06,-402.010050468E-03
+49.304000E-06,-402.010053396E-03
+49.312000E-06,-402.010053396E-03
+49.320000E-06,-201.005029626E-03
+49.328000E-06,-402.010050468E-03
+49.336000E-06,-402.010053396E-03
+49.344000E-06,-402.010053396E-03
+49.352000E-06,-201.005029628E-03
+49.360000E-06,-402.010050467E-03
+49.368000E-06,-201.005029628E-03
+49.376000E-06,-402.010050467E-03
+49.384000E-06,-201.005029628E-03
+49.392000E-06,-402.010050467E-03
+49.400000E-06,-201.005029628E-03
+49.408000E-06,-402.010050467E-03
+49.416000E-06,-402.010053396E-03
+49.424000E-06,-402.010053396E-03
+49.432000E-06,-402.010053396E-03
+49.440000E-06,-201.005029628E-03
+49.448000E-06,-402.010050467E-03
+49.456000E-06,-201.005029628E-03
+49.464000E-06,-201.005026698E-03
+49.472000E-06,-201.005026698E-03
+49.480000E-06,-402.010050467E-03
+49.488000E-06,-201.005029628E-03
+49.496000E-06,-201.005026698E-03
+49.504000E-06,-201.005026698E-03
+49.512000E-06,-201.005026698E-03
+49.520000E-06,-201.005026698E-03
+49.528000E-06,-402.010050465E-03
+49.536000E-06,-402.010053396E-03
+49.544000E-06,-201.005029629E-03
+49.552000E-06,-201.005026698E-03
+49.560000E-06,-201.005026698E-03
+49.568000E-06,-201.005026698E-03
+49.576000E-06,-201.005026698E-03
+49.584000E-06,-402.010050465E-03
+49.592000E-06,-201.005029629E-03
+49.600000E-06,-201.005026698E-03
+49.608000E-06,-201.005026698E-03
+49.616000E-06,-201.005026698E-03
+49.624000E-06,-201.005026698E-03
+49.632000E-06,-201.005026698E-03
+49.640000E-06,-201.005026698E-03
+49.648000E-06,-201.005026698E-03
+49.656000E-06,-402.010050465E-03
+49.664000E-06,-201.005029629E-03
+49.672000E-06,-201.005026698E-03
+49.680000E-06,-201.005026698E-03
+49.688000E-06,-201.005026698E-03
+49.696000E-06,-201.005026698E-03
+49.704000E-06,-201.005026698E-03
+49.712000E-06,-201.005026698E-03
+49.720000E-06,-201.005026698E-03
+49.728000E-06,-201.005026698E-03
+49.736000E-06,-201.005026698E-03
+49.744000E-06,-201.005026698E-03
+49.752000E-06,-201.005026698E-03
+49.760000E-06,-201.005026698E-03
+49.768000E-06,-201.005026698E-03
+49.776000E-06,-201.005026698E-03
+49.784000E-06,-402.010050464E-03
+49.792000E-06,-201.005029630E-03
+49.800000E-06,-201.005026698E-03
+49.808000E-06,-201.005026698E-03
+49.816000E-06,-201.005026698E-03
+49.824000E-06,-201.005026698E-03
+49.832000E-06,-201.005026698E-03
+49.840000E-06,-201.005026698E-03
+49.848000E-06,-201.005026698E-03
+49.856000E-06,-201.005026698E-03
+49.864000E-06,-201.005026698E-03
+49.872000E-06,-201.005026698E-03
+49.880000E-06,-201.005026698E-03
+49.888000E-06,-201.005026698E-03
+49.896000E-06,-201.005026698E-03
+49.904000E-06,-201.005026698E-03
+49.912000E-06,-201.005026698E-03
+49.920000E-06,-201.005026698E-03
+49.928000E-06,-201.005026698E-03
+49.936000E-06,-201.005026698E-03
+49.944000E-06,-201.005026698E-03
+49.952000E-06,-201.005026698E-03
+49.960000E-06,-201.005026698E-03
+49.968000E-06,-2.934E-09
+49.976000E-06,-201.005023764E-03
+49.984000E-06,-201.005026698E-03
+49.992000E-06,-2.934E-09
+50.000000E-06,+0.0E+00
+50.008000E-06,+0.0E+00
+50.016000E-06,+0.0E+00
+50.024000E-06,-201.005023763E-03
+50.032000E-06,-201.005026698E-03
+50.040000E-06,-201.005026698E-03
+50.048000E-06,-2.935E-09
+50.056000E-06,+0.0E+00
+50.064000E-06,-201.005023763E-03
+50.072000E-06,-201.005026698E-03
+50.080000E-06,-201.005026698E-03
+50.088000E-06,-201.005026698E-03
+50.096000E-06,-2.935E-09
+50.104000E-06,-201.005023763E-03
+50.112000E-06,-201.005026698E-03
+50.120000E-06,-2.935E-09
+50.128000E-06,+0.0E+00
+50.136000E-06,+0.0E+00
+50.144000E-06,-201.005023763E-03
+50.152000E-06,-201.005026698E-03
+50.160000E-06,-2.937E-09
+50.168000E-06,+0.0E+00
+50.176000E-06,-201.005023761E-03
+50.184000E-06,-201.005026698E-03
+50.192000E-06,-201.005026698E-03
+50.200000E-06,-201.005026698E-03
+50.208000E-06,-201.005026698E-03
+50.216000E-06,-2.937E-09
+50.224000E-06,+0.0E+00
+50.232000E-06,-201.005023761E-03
+50.240000E-06,-2.937E-09
+50.248000E-06,-201.005023761E-03
+50.256000E-06,-201.005026698E-03
+50.264000E-06,-201.005026698E-03
+50.272000E-06,-201.005026698E-03
+50.280000E-06,-201.005026698E-03
+50.288000E-06,-2.937E-09
+50.296000E-06,+0.0E+00
+50.304000E-06,-201.005023761E-03
+50.312000E-06,-201.005026698E-03
+50.320000E-06,-2.937E-09
+50.328000E-06,+0.0E+00
+50.336000E-06,-201.005023761E-03
+50.344000E-06,-201.005026698E-03
+50.352000E-06,-201.005026698E-03
+50.360000E-06,-2.938E-09
+50.368000E-06,-201.005023760E-03
+50.376000E-06,-201.005026698E-03
+50.384000E-06,-201.005026698E-03
+50.392000E-06,-2.938E-09
+50.400000E-06,-201.005023760E-03
+50.408000E-06,-201.005026698E-03
+50.416000E-06,-201.005026698E-03
+50.424000E-06,-201.005026698E-03
+50.432000E-06,-201.005026698E-03
+50.440000E-06,-201.005026698E-03
+50.448000E-06,-2.938E-09
+50.456000E-06,-201.005023760E-03
+50.464000E-06,-2.938E-09
+50.472000E-06,-201.005023760E-03
+50.480000E-06,-201.005026698E-03
+50.488000E-06,-2.938E-09
+50.496000E-06,+0.0E+00
+50.504000E-06,-201.005023758E-03
+50.512000E-06,-2.940E-09
+50.520000E-06,-201.005023758E-03
+50.528000E-06,-2.940E-09
+50.536000E-06,-201.005023758E-03
+50.544000E-06,-2.940E-09
+50.552000E-06,+0.0E+00
+50.560000E-06,+0.0E+00
+50.568000E-06,+0.0E+00
+50.576000E-06,+0.0E+00
+50.584000E-06,+0.0E+00
+50.592000E-06,-201.005023758E-03
+50.600000E-06,-2.940E-09
+50.608000E-06,-201.005023758E-03
+50.616000E-06,-201.005026698E-03
+50.624000E-06,-201.005026698E-03
+50.632000E-06,-2.940E-09
+50.640000E-06,-201.005023758E-03
+50.648000E-06,-201.005026698E-03
+50.656000E-06,-2.940E-09
+50.664000E-06,+0.0E+00
+50.672000E-06,+0.0E+00
+50.680000E-06,-201.005023758E-03
+50.688000E-06,-2.941E-09
+50.696000E-06,-201.005023757E-03
+50.704000E-06,-201.005026698E-03
+50.712000E-06,-201.005026698E-03
+50.720000E-06,-2.941E-09
+50.728000E-06,-201.005023757E-03
+50.736000E-06,-2.941E-09
+50.744000E-06,+0.0E+00
+50.752000E-06,+0.0E+00
+50.760000E-06,-201.005023757E-03
+50.768000E-06,-201.005026698E-03
+50.776000E-06,-201.005026698E-03
+50.784000E-06,-2.941E-09
+50.792000E-06,-201.005023757E-03
+50.800000E-06,-2.941E-09
+50.808000E-06,-201.005023757E-03
+50.816000E-06,-201.005026698E-03
+50.824000E-06,-2.941E-09
+50.832000E-06,-201.005023756E-03
+50.840000E-06,-201.005026698E-03
+50.848000E-06,-201.005026698E-03
+50.856000E-06,-201.005026698E-03
+50.864000E-06,-2.943E-09
+50.872000E-06,+0.0E+00
+50.880000E-06,-201.005023756E-03
+50.888000E-06,-201.005026698E-03
+50.896000E-06,-2.943E-09
+50.904000E-06,+0.0E+00
+50.912000E-06,-201.005023756E-03
+50.920000E-06,-201.005026698E-03
+50.928000E-06,-2.943E-09
+50.936000E-06,-201.005023756E-03
+50.944000E-06,-2.943E-09
+50.952000E-06,+0.0E+00
+50.960000E-06,+0.0E+00
+50.968000E-06,+0.0E+00
+50.976000E-06,+0.0E+00
+50.984000E-06,+0.0E+00
+50.992000E-06,+0.0E+00
+51.000000E-06,+0.0E+00
+51.008000E-06,+0.0E+00
+51.016000E-06,+0.0E+00
+51.024000E-06,+0.0E+00
+51.032000E-06,+0.0E+00
+51.040000E-06,+0.0E+00
+51.048000E-06,+0.0E+00
+51.056000E-06,+0.0E+00
+51.064000E-06,+0.0E+00
+51.072000E-06,+0.0E+00
+51.080000E-06,+0.0E+00
+51.088000E-06,-201.005023754E-03
+51.096000E-06,-201.005026698E-03
+51.104000E-06,-201.005026698E-03
+51.112000E-06,-201.005026698E-03
+51.120000E-06,-2.944E-09
+51.128000E-06,-201.005023754E-03
+51.136000E-06,-2.944E-09
+51.144000E-06,+0.0E+00
+51.152000E-06,+0.0E+00
+51.160000E-06,-201.005023754E-03
+51.168000E-06,-2.945E-09
+51.176000E-06,+0.0E+00
+51.184000E-06,-201.005023753E-03
+51.192000E-06,-201.005026698E-03
+51.200000E-06,-2.945E-09
+51.208000E-06,+0.0E+00
+51.216000E-06,+0.0E+00
+51.224000E-06,-201.005023753E-03
+51.232000E-06,-2.945E-09
+51.240000E-06,+0.0E+00
+51.248000E-06,-201.005023753E-03
+51.256000E-06,-201.005026698E-03
+51.264000E-06,-201.005026698E-03
+51.272000E-06,-201.005026698E-03
+51.280000E-06,-2.945E-09
+51.288000E-06,-201.005023753E-03
+51.296000E-06,-2.945E-09
+51.304000E-06,-201.005023753E-03
+51.312000E-06,-2.945E-09
+51.320000E-06,+0.0E+00
+51.328000E-06,-201.005023753E-03
+51.336000E-06,-201.005026698E-03
+51.344000E-06,-201.005026698E-03
+51.352000E-06,-2.947E-09
+51.360000E-06,-201.005023751E-03
+51.368000E-06,-201.005026698E-03
+51.376000E-06,-201.005026698E-03
+51.384000E-06,-201.005026698E-03
+51.392000E-06,-2.947E-09
+51.400000E-06,-201.005023751E-03
+51.408000E-06,-201.005026698E-03
+51.416000E-06,-2.947E-09
+51.424000E-06,+0.0E+00
+51.432000E-06,-201.005023751E-03
+51.440000E-06,-201.005026698E-03
+51.448000E-06,-201.005026698E-03
+51.456000E-06,-2.947E-09
+51.464000E-06,+0.0E+00
+51.472000E-06,+0.0E+00
+51.480000E-06,-201.005023751E-03
+51.488000E-06,-2.947E-09
+51.496000E-06,+0.0E+00
+51.504000E-06,+0.0E+00
+51.512000E-06,-201.005023750E-03
+51.520000E-06,-2.948E-09
+51.528000E-06,+0.0E+00
+51.536000E-06,+0.0E+00
+51.544000E-06,+0.0E+00
+51.552000E-06,+0.0E+00
+51.560000E-06,+0.0E+00
+51.568000E-06,+0.0E+00
+51.576000E-06,+0.0E+00
+51.584000E-06,+0.0E+00
+51.592000E-06,+0.0E+00
+51.600000E-06,-201.005023750E-03
+51.608000E-06,-2.948E-09
+51.616000E-06,-201.005023750E-03
+51.624000E-06,-201.005026698E-03
+51.632000E-06,-201.005026698E-03
+51.640000E-06,-2.948E-09
+51.648000E-06,+0.0E+00
+51.656000E-06,+201.005023750E-03
+51.664000E-06,+2.948E-09
+51.672000E-06,+0.0E+00
+51.680000E-06,+0.0E+00
+51.688000E-06,+0.0E+00
+51.696000E-06,+0.0E+00
+51.704000E-06,-201.005023748E-03
+51.712000E-06,-2.950E-09
+51.720000E-06,+0.0E+00
+51.728000E-06,-201.005023748E-03
+51.736000E-06,-201.005026698E-03
+51.744000E-06,-201.005026698E-03
+51.752000E-06,-201.005026698E-03
+51.760000E-06,-201.005026698E-03
+51.768000E-06,-201.005026698E-03
+51.776000E-06,-2.950E-09
+51.784000E-06,+0.0E+00
+51.792000E-06,+0.0E+00
+51.800000E-06,+0.0E+00
+51.808000E-06,+0.0E+00
+51.816000E-06,+0.0E+00
+51.824000E-06,+0.0E+00
+51.832000E-06,+0.0E+00
+51.840000E-06,+0.0E+00
+51.848000E-06,+0.0E+00
+51.856000E-06,-201.005023747E-03
+51.864000E-06,-201.005026698E-03
+51.872000E-06,-201.005026698E-03
+51.880000E-06,-2.951E-09
+51.888000E-06,-201.005023747E-03
+51.896000E-06,-201.005026698E-03
+51.904000E-06,-201.005026698E-03
+51.912000E-06,-201.005026698E-03
+51.920000E-06,-201.005026698E-03
+51.928000E-06,-2.951E-09
+51.936000E-06,+0.0E+00
+51.944000E-06,-201.005023747E-03
+51.952000E-06,-201.005026698E-03
+51.960000E-06,-2.951E-09
+51.968000E-06,-201.005023747E-03
+51.976000E-06,-201.005026698E-03
+51.984000E-06,-2.951E-09
+51.992000E-06,-201.005023747E-03
+52.000000E-06,-201.005026698E-03
+52.008000E-06,-2.951E-09
+52.016000E-06,+0.0E+00
+52.024000E-06,-201.005023745E-03
+52.032000E-06,-2.953E-09
+52.040000E-06,+0.0E+00
+52.048000E-06,+0.0E+00
+52.056000E-06,+0.0E+00
+52.064000E-06,+0.0E+00
+52.072000E-06,-201.005023745E-03
+52.080000E-06,-2.953E-09
+52.088000E-06,+0.0E+00
+52.096000E-06,+0.0E+00
+52.104000E-06,+0.0E+00
+52.112000E-06,-201.005023745E-03
+52.120000E-06,-201.005026698E-03
+52.128000E-06,-201.005026698E-03
+52.136000E-06,-2.953E-09
+52.144000E-06,-201.005023745E-03
+52.152000E-06,-201.005026698E-03
+52.160000E-06,-2.953E-09
+52.168000E-06,+0.0E+00
+52.176000E-06,+0.0E+00
+52.184000E-06,+0.0E+00
+52.192000E-06,+0.0E+00
+52.200000E-06,-201.005023744E-03
+52.208000E-06,-201.005026698E-03
+52.216000E-06,-201.005026698E-03
+52.224000E-06,-201.005026698E-03
+52.232000E-06,-2.954E-09
+52.240000E-06,-201.005023744E-03
+52.248000E-06,-2.954E-09
+52.256000E-06,-201.005023744E-03
+52.264000E-06,-2.954E-09
+52.272000E-06,-201.005023744E-03
+52.280000E-06,-201.005026698E-03
+52.288000E-06,-201.005026698E-03
+52.296000E-06,-201.005026698E-03
+52.304000E-06,-201.005026698E-03
+52.312000E-06,-201.005026698E-03
+52.320000E-06,-201.005026698E-03
+52.328000E-06,-201.005026698E-03
+52.336000E-06,-201.005026698E-03
+52.344000E-06,-2.954E-09
+52.352000E-06,-201.005023744E-03
+52.360000E-06,-201.005026698E-03
+52.368000E-06,-201.005026698E-03
+52.376000E-06,-2.956E-09
+52.384000E-06,-201.005023742E-03
+52.392000E-06,-201.005026698E-03
+52.400000E-06,-201.005026698E-03
+52.408000E-06,-201.005026698E-03
+52.416000E-06,-201.005026698E-03
+52.424000E-06,-2.956E-09
+52.432000E-06,-201.005023742E-03
+52.440000E-06,-2.956E-09
+52.448000E-06,-201.005023742E-03
+52.456000E-06,-201.005026698E-03
+52.464000E-06,-201.005026698E-03
+52.472000E-06,-201.005026698E-03
+52.480000E-06,-201.005026698E-03
+52.488000E-06,-201.005026698E-03
+52.496000E-06,-201.005026698E-03
+52.504000E-06,-201.005026698E-03
+52.512000E-06,-2.957E-09
+52.520000E-06,-201.005023741E-03
+52.528000E-06,-201.005026698E-03
+52.536000E-06,-201.005026698E-03
+52.544000E-06,-201.005026698E-03
+52.552000E-06,-201.005026698E-03
+52.560000E-06,-201.005026698E-03
+52.568000E-06,-201.005026698E-03
+52.576000E-06,-201.005026698E-03
+52.584000E-06,-201.005026698E-03
+52.592000E-06,-201.005026698E-03
+52.600000E-06,-201.005026698E-03
+52.608000E-06,-2.957E-09
+52.616000E-06,-201.005023741E-03
+52.624000E-06,-402.010050439E-03
+52.632000E-06,-201.005029655E-03
+52.640000E-06,-2.957E-09
+52.648000E-06,-201.005023741E-03
+52.656000E-06,-201.005026698E-03
+52.664000E-06,-201.005026698E-03
+52.672000E-06,-201.005026698E-03
+52.680000E-06,-201.005026698E-03
+52.688000E-06,-2.959E-09
+52.696000E-06,-201.005023739E-03
+52.704000E-06,-201.005026698E-03
+52.712000E-06,-201.005026698E-03
+52.720000E-06,-201.005026698E-03
+52.728000E-06,-201.005026698E-03
+52.736000E-06,-201.005026698E-03
+52.744000E-06,-201.005026698E-03
+52.752000E-06,-201.005026698E-03
+52.760000E-06,-201.005026698E-03
+52.768000E-06,-201.005026698E-03
+52.776000E-06,-201.005026698E-03
+52.784000E-06,-201.005026698E-03
+52.792000E-06,-201.005026698E-03
+52.800000E-06,-201.005026698E-03
+52.808000E-06,-201.005026698E-03
+52.816000E-06,-201.005026698E-03
+52.824000E-06,-201.005026698E-03
+52.832000E-06,-2.959E-09
+52.840000E-06,-201.005023738E-03
+52.848000E-06,-201.005026698E-03
+52.856000E-06,-402.010050436E-03
+52.864000E-06,-201.005029658E-03
+52.872000E-06,-402.010050436E-03
+52.880000E-06,-201.005029658E-03
+52.888000E-06,-201.005026698E-03
+52.896000E-06,-201.005026698E-03
+52.904000E-06,-201.005026698E-03
+52.912000E-06,-201.005026698E-03
+52.920000E-06,-201.005026698E-03
+52.928000E-06,-201.005026698E-03
+52.936000E-06,-201.005026698E-03
+52.944000E-06,-201.005026698E-03
+52.952000E-06,-201.005026698E-03
+52.960000E-06,-201.005026698E-03
+52.968000E-06,-201.005026698E-03
+52.976000E-06,-201.005026698E-03
+52.984000E-06,-201.005026698E-03
+52.992000E-06,-201.005026698E-03
+53.000000E-06,-201.005026698E-03
+53.008000E-06,-201.005026698E-03
+53.016000E-06,-201.005026698E-03
+53.024000E-06,-201.005026698E-03
+53.032000E-06,-201.005026698E-03
+53.040000E-06,-201.005026698E-03
+53.048000E-06,-402.010050435E-03
+53.056000E-06,-402.010053396E-03
+53.064000E-06,-201.005029660E-03
+53.072000E-06,-402.010050435E-03
+53.080000E-06,-201.005029660E-03
+53.088000E-06,-201.005026698E-03
+53.096000E-06,-201.005026698E-03
+53.104000E-06,-402.010050435E-03
+53.112000E-06,-201.005029660E-03
+53.120000E-06,-402.010050435E-03
+53.128000E-06,-402.010053396E-03
+53.136000E-06,-201.005029660E-03
+53.144000E-06,-201.005026698E-03
+53.152000E-06,-201.005026698E-03
+53.160000E-06,-402.010050435E-03
+53.168000E-06,-402.010053396E-03
+53.176000E-06,-201.005029661E-03
+53.184000E-06,-402.010050433E-03
+53.192000E-06,-201.005029661E-03
+53.200000E-06,-201.005026698E-03
+53.208000E-06,-402.010050433E-03
+53.216000E-06,-402.010053396E-03
+53.224000E-06,-201.005029661E-03
+53.232000E-06,-402.010050433E-03
+53.240000E-06,-402.010053396E-03
+53.248000E-06,-201.005029661E-03
+53.256000E-06,-402.010050433E-03
+53.264000E-06,-402.010053396E-03
+53.272000E-06,-201.005029661E-03
+53.280000E-06,-402.010050433E-03
+53.288000E-06,-402.010053396E-03
+53.296000E-06,-201.005029661E-03
+53.304000E-06,-201.005026698E-03
+53.312000E-06,-402.010050433E-03
+53.320000E-06,-201.005029661E-03
+53.328000E-06,-402.010050433E-03
+53.336000E-06,-201.005029661E-03
+53.344000E-06,-201.005026698E-03
+53.352000E-06,-402.010050433E-03
+53.360000E-06,-402.010053396E-03
+53.368000E-06,-402.010053396E-03
+53.376000E-06,-402.010053396E-03
+53.384000E-06,-402.010053396E-03
+53.392000E-06,-402.010053396E-03
+53.400000E-06,-402.010053396E-03
+53.408000E-06,-201.005029663E-03
+53.416000E-06,-402.010050432E-03
+53.424000E-06,-201.005029663E-03
+53.432000E-06,-402.010050432E-03
+53.440000E-06,-402.010053396E-03
+53.448000E-06,-402.010053396E-03
+53.456000E-06,-402.010053396E-03
+53.464000E-06,-402.010053396E-03
+53.472000E-06,-402.010053396E-03
+53.480000E-06,-402.010053396E-03
+53.488000E-06,-402.010053396E-03
+53.496000E-06,-402.010053396E-03
+53.504000E-06,-402.010053396E-03
+53.512000E-06,-402.010053396E-03
+53.520000E-06,-402.010053396E-03
+53.528000E-06,-201.005029664E-03
+53.536000E-06,-201.005026698E-03
+53.544000E-06,-402.010050430E-03
+53.552000E-06,-402.010053396E-03
+53.560000E-06,-402.010053396E-03
+53.568000E-06,-402.010053396E-03
+53.576000E-06,-402.010053396E-03
+53.584000E-06,-402.010053396E-03
+53.592000E-06,-402.010053396E-03
+53.600000E-06,-402.010053396E-03
+53.608000E-06,-402.010053396E-03
+53.616000E-06,-402.010053396E-03
+53.624000E-06,-402.010053396E-03
+53.632000E-06,-402.010053396E-03
+53.640000E-06,-402.010053396E-03
+53.648000E-06,-402.010053396E-03
+53.656000E-06,-402.010053396E-03
+53.664000E-06,-402.010053396E-03
+53.672000E-06,-402.010053396E-03
+53.680000E-06,-402.010053396E-03
+53.688000E-06,-402.010053396E-03
+53.696000E-06,-402.010053396E-03
+53.704000E-06,-402.010053396E-03
+53.712000E-06,-402.010053396E-03
+53.720000E-06,-402.010053396E-03
+53.728000E-06,-402.010053396E-03
+53.736000E-06,-402.010053396E-03
+53.744000E-06,-402.010053396E-03
+53.752000E-06,-603.015077127E-03
+53.760000E-06,-603.015080094E-03
+53.768000E-06,-603.015080094E-03
+53.776000E-06,-402.010056364E-03
+53.784000E-06,-402.010053396E-03
+53.792000E-06,-402.010053396E-03
+53.800000E-06,-402.010053396E-03
+53.808000E-06,-402.010053396E-03
+53.816000E-06,-402.010053396E-03
+53.824000E-06,-402.010053396E-03
+53.832000E-06,-402.010053396E-03
+53.840000E-06,-402.010053396E-03
+53.848000E-06,-402.010053396E-03
+53.856000E-06,-402.010053396E-03
+53.864000E-06,-402.010053396E-03
+53.872000E-06,-402.010053396E-03
+53.880000E-06,-603.015077125E-03
+53.888000E-06,-402.010056365E-03
+53.896000E-06,-402.010053396E-03
+53.904000E-06,-402.010053396E-03
+53.912000E-06,-402.010053396E-03
+53.920000E-06,-603.015077125E-03
+53.928000E-06,-402.010056365E-03
+53.936000E-06,-603.015077125E-03
+53.944000E-06,-603.015080094E-03
+53.952000E-06,-603.015080094E-03
+53.960000E-06,-402.010056365E-03
+53.968000E-06,-603.015077125E-03
+53.976000E-06,-603.015080094E-03
+53.984000E-06,-603.015080094E-03
+53.992000E-06,-603.015080094E-03
+54.000000E-06,-402.010056365E-03
+54.008000E-06,-402.010053396E-03
+54.016000E-06,-402.010053396E-03
+54.024000E-06,-603.015077125E-03
+54.032000E-06,-603.015080094E-03
+54.040000E-06,-603.015080094E-03
+54.048000E-06,-402.010056367E-03
+54.056000E-06,-603.015077124E-03
+54.064000E-06,-603.015080094E-03
+54.072000E-06,-603.015080094E-03
+54.080000E-06,-603.015080094E-03
+54.088000E-06,-603.015080094E-03
+54.096000E-06,-603.015080094E-03
+54.104000E-06,-603.015080094E-03
+54.112000E-06,-603.015080094E-03
+54.120000E-06,-603.015080094E-03
+54.128000E-06,-603.015080094E-03
+54.136000E-06,-402.010056367E-03
+54.144000E-06,-603.015077124E-03
+54.152000E-06,-603.015080094E-03
+54.160000E-06,-603.015080094E-03
+54.168000E-06,-603.015080094E-03
+54.176000E-06,-603.015080094E-03
+54.184000E-06,-603.015080094E-03
+54.192000E-06,-603.015080094E-03
+54.200000E-06,-603.015080094E-03
+54.208000E-06,-603.015080094E-03
+54.216000E-06,-603.015080094E-03
+54.224000E-06,-603.015080094E-03
+54.232000E-06,-603.015080094E-03
+54.240000E-06,-603.015080094E-03
+54.248000E-06,-603.015080094E-03
+54.256000E-06,-603.015080094E-03
+54.264000E-06,-603.015080094E-03
+54.272000E-06,-603.015080094E-03
+54.280000E-06,-603.015080094E-03
+54.288000E-06,-603.015080094E-03
+54.296000E-06,-603.015080094E-03
+54.304000E-06,-603.015080094E-03
+54.312000E-06,-603.015080094E-03
+54.320000E-06,-603.015080094E-03
+54.328000E-06,-603.015080094E-03
+54.336000E-06,-603.015080094E-03
+54.344000E-06,-603.015080094E-03
+54.352000E-06,-603.015080094E-03
+54.360000E-06,-603.015080094E-03
+54.368000E-06,-603.015080094E-03
+54.376000E-06,-603.015080094E-03
+54.384000E-06,-804.020103819E-03
+54.392000E-06,-603.015083068E-03
+54.400000E-06,-603.015080094E-03
+54.408000E-06,-603.015080094E-03
+54.416000E-06,-603.015080094E-03
+54.424000E-06,-603.015080094E-03
+54.432000E-06,-603.015080094E-03
+54.440000E-06,-804.020103819E-03
+54.448000E-06,-603.015083068E-03
+54.456000E-06,-804.020103819E-03
+54.464000E-06,-603.015083068E-03
+54.472000E-06,-804.020103819E-03
+54.480000E-06,-603.015083068E-03
+54.488000E-06,-603.015080094E-03
+54.496000E-06,-603.015080094E-03
+54.504000E-06,-603.015080094E-03
+54.512000E-06,-603.015080094E-03
+54.520000E-06,-804.020103818E-03
+54.528000E-06,-804.020106792E-03
+54.536000E-06,-603.015083069E-03
+54.544000E-06,-603.015080094E-03
+54.552000E-06,-804.020103818E-03
+54.560000E-06,-603.015083069E-03
+54.568000E-06,-804.020103818E-03
+54.576000E-06,-603.015083069E-03
+54.584000E-06,-804.020103818E-03
+54.592000E-06,-804.020106792E-03
+54.600000E-06,-804.020106792E-03
+54.608000E-06,-603.015083069E-03
+54.616000E-06,-804.020103818E-03
+54.624000E-06,-804.020106792E-03
+54.632000E-06,-804.020106792E-03
+54.640000E-06,-804.020106792E-03
+54.648000E-06,-603.015083069E-03
+54.656000E-06,-804.020103818E-03
+54.664000E-06,-804.020106792E-03
+54.672000E-06,-804.020106792E-03
+54.680000E-06,-603.015083069E-03
+54.688000E-06,-804.020103818E-03
+54.696000E-06,-804.020106792E-03
+54.704000E-06,-804.020106792E-03
+54.712000E-06,-603.015083071E-03
+54.720000E-06,-804.020103816E-03
+54.728000E-06,-804.020106792E-03
+54.736000E-06,-603.015083071E-03
+54.744000E-06,-804.020103816E-03
+54.752000E-06,-804.020106792E-03
+54.760000E-06,-804.020106792E-03
+54.768000E-06,-804.020106792E-03
+54.776000E-06,-804.020106792E-03
+54.784000E-06,-804.020106792E-03
+54.792000E-06,-804.020106792E-03
+54.800000E-06,-804.020106792E-03
+54.808000E-06,-804.020106792E-03
+54.816000E-06,-804.020106792E-03
+54.824000E-06,-804.020106792E-03
+54.832000E-06,-804.020106792E-03
+54.840000E-06,-804.020106792E-03
+54.848000E-06,-804.020106792E-03
+54.856000E-06,-804.020106792E-03
+54.864000E-06,-804.020106792E-03
+54.872000E-06,-804.020106792E-03
+54.880000E-06,-804.020106792E-03
+54.888000E-06,-804.020106792E-03
+54.896000E-06,-804.020106792E-03
+54.904000E-06,-804.020106792E-03
+54.912000E-06,-804.020106792E-03
+54.920000E-06,-804.020106792E-03
+54.928000E-06,-804.020106792E-03
+54.936000E-06,-804.020106792E-03
+54.944000E-06,-804.020106792E-03
+54.952000E-06,-804.020106792E-03
+54.960000E-06,-804.020106792E-03
+54.968000E-06,-804.020106792E-03
+54.976000E-06,-804.020106792E-03
+54.984000E-06,-804.020106792E-03
+54.992000E-06,-804.020106792E-03
+55.000000E-06,-804.020106792E-03
+55.008000E-06,-804.020106792E-03
+55.016000E-06,-1.005025130513E+00
+55.024000E-06,-1.005025133491E+00
+55.032000E-06,-804.020109772E-03
+55.040000E-06,-804.020106792E-03
+55.048000E-06,-804.020106792E-03
+55.056000E-06,-804.020106792E-03
+55.064000E-06,-804.020106792E-03
+55.072000E-06,-804.020106792E-03
+55.080000E-06,-1.005025130511E+00
+55.088000E-06,-1.005025133491E+00
+55.096000E-06,-1.005025133491E+00
+55.104000E-06,-1.005025133491E+00
+55.112000E-06,-1.005025133491E+00
+55.120000E-06,-804.020109772E-03
+55.128000E-06,-1.005025130511E+00
+55.136000E-06,-1.005025133491E+00
+55.144000E-06,-1.005025133491E+00
+55.152000E-06,-1.005025133491E+00
+55.160000E-06,-804.020109772E-03
+55.168000E-06,-804.020106792E-03
+55.176000E-06,-1.005025130510E+00
+55.184000E-06,-1.005025133491E+00
+55.192000E-06,-804.020109773E-03
+55.200000E-06,-1.005025130510E+00
+55.208000E-06,-804.020109773E-03
+55.216000E-06,-804.020106792E-03
+55.224000E-06,-804.020106792E-03
+55.232000E-06,-804.020106792E-03
+55.240000E-06,-1.005025130510E+00
+55.248000E-06,-804.020109773E-03
+55.256000E-06,-1.005025130510E+00
+55.264000E-06,-1.005025133491E+00
+55.272000E-06,-1.005025133491E+00
+55.280000E-06,-1.005025133491E+00
+55.288000E-06,-1.005025133491E+00
+55.296000E-06,-1.005025133491E+00
+55.304000E-06,-1.005025133491E+00
+55.312000E-06,-1.005025133491E+00
+55.320000E-06,-804.020109773E-03
+55.328000E-06,-1.005025130510E+00
+55.336000E-06,-804.020109773E-03
+55.344000E-06,-804.020106792E-03
+55.352000E-06,-1.005025130510E+00
+55.360000E-06,-1.005025133491E+00
+55.368000E-06,-1.005025133491E+00
+55.376000E-06,-1.005025133491E+00
+55.384000E-06,-1.005025133491E+00
+55.392000E-06,-1.005025133491E+00
+55.400000E-06,-1.005025133491E+00
+55.408000E-06,-1.005025133491E+00
+55.416000E-06,-1.005025133491E+00
+55.424000E-06,-1.005025133491E+00
+55.432000E-06,-1.206030157207E+00
+55.440000E-06,-1.005025136473E+00
+55.448000E-06,-1.005025133491E+00
+55.456000E-06,-1.005025133491E+00
+55.464000E-06,-1.005025133491E+00
+55.472000E-06,-1.005025133491E+00
+55.480000E-06,-1.005025133491E+00
+55.488000E-06,-1.005025133491E+00
+55.496000E-06,-1.005025133491E+00
+55.504000E-06,-1.005025133491E+00
+55.512000E-06,-1.005025133491E+00
+55.520000E-06,-1.005025133491E+00
+55.528000E-06,-1.005025133491E+00
+55.536000E-06,-1.005025133491E+00
+55.544000E-06,-1.005025133491E+00
+55.552000E-06,-1.005025133491E+00
+55.560000E-06,-1.005025133491E+00
+55.568000E-06,-1.005025133491E+00
+55.576000E-06,-1.206030157205E+00
+55.584000E-06,-1.206030160189E+00
+55.592000E-06,-1.206030160189E+00
+55.600000E-06,-1.206030160189E+00
+55.608000E-06,-1.206030160189E+00
+55.616000E-06,-1.206030160189E+00
+55.624000E-06,-1.005025136474E+00
+55.632000E-06,-1.005025133491E+00
+55.640000E-06,-1.005025133491E+00
+55.648000E-06,-1.005025133491E+00
+55.656000E-06,-1.005025133491E+00
+55.664000E-06,-1.005025133491E+00
+55.672000E-06,-1.005025133491E+00
+55.680000E-06,-1.005025133491E+00
+55.688000E-06,-1.005025133491E+00
+55.696000E-06,-1.206030157204E+00
+55.704000E-06,-1.206030160189E+00
+55.712000E-06,-1.206030160189E+00
+55.720000E-06,-1.005025136476E+00
+55.728000E-06,-1.206030157204E+00
+55.736000E-06,-1.206030160189E+00
+55.744000E-06,-1.206030160189E+00
+55.752000E-06,-1.206030160189E+00
+55.760000E-06,-1.206030160189E+00
+55.768000E-06,-1.005025136476E+00
+55.776000E-06,-1.005025133491E+00
+55.784000E-06,-1.206030157204E+00
+55.792000E-06,-1.206030160189E+00
+55.800000E-06,-1.005025136476E+00
+55.808000E-06,-1.005025133491E+00
+55.816000E-06,-1.005025133491E+00
+55.824000E-06,-1.206030157204E+00
+55.832000E-06,-1.206030160189E+00
+55.840000E-06,-1.206030160189E+00
+55.848000E-06,-1.206030160189E+00
+55.856000E-06,-1.206030160189E+00
+55.864000E-06,-1.206030160189E+00
+55.872000E-06,-1.206030160189E+00
+55.880000E-06,-1.206030160189E+00
+55.888000E-06,-1.005025136477E+00
+55.896000E-06,-1.206030157202E+00
+55.904000E-06,-1.206030160189E+00
+55.912000E-06,-1.206030160189E+00
+55.920000E-06,-1.206030160189E+00
+55.928000E-06,-1.206030160189E+00
+55.936000E-06,-1.206030160189E+00
+55.944000E-06,-1.206030160189E+00
+55.952000E-06,-1.206030160189E+00
+55.960000E-06,-1.206030160189E+00
+55.968000E-06,-1.206030160189E+00
+55.976000E-06,-1.206030160189E+00
+55.984000E-06,-1.005025136477E+00
+55.992000E-06,-1.206030157202E+00
+56.000000E-06,-1.206030160189E+00
+56.008000E-06,-1.206030160189E+00
+56.016000E-06,-1.206030160189E+00
+56.024000E-06,-1.206030160189E+00
+56.032000E-06,-1.206030160189E+00
+56.040000E-06,-1.206030160189E+00
+56.048000E-06,-1.206030160189E+00
+56.056000E-06,-1.206030160189E+00
+56.064000E-06,-1.206030160189E+00
+56.072000E-06,-1.206030160189E+00
+56.080000E-06,-1.206030160189E+00
+56.088000E-06,-1.206030160189E+00
+56.096000E-06,-1.206030160189E+00
+56.104000E-06,-1.206030160189E+00
+56.112000E-06,-1.206030160189E+00
+56.120000E-06,-1.206030160189E+00
+56.128000E-06,-1.407035183899E+00
+56.136000E-06,-1.407035186887E+00
+56.144000E-06,-1.407035186887E+00
+56.152000E-06,-1.206030163177E+00
+56.160000E-06,-1.206030160189E+00
+56.168000E-06,-1.206030160189E+00
+56.176000E-06,-1.206030160189E+00
+56.184000E-06,-1.206030160189E+00
+56.192000E-06,-1.206030160189E+00
+56.200000E-06,-1.206030160189E+00
+56.208000E-06,-1.407035183897E+00
+56.216000E-06,-1.206030163178E+00
+56.224000E-06,-1.206030160189E+00
+56.232000E-06,-1.206030160189E+00
+56.240000E-06,-1.206030160189E+00
+56.248000E-06,-1.407035183897E+00
+56.256000E-06,-1.206030163178E+00
+56.264000E-06,-1.206030160189E+00
+56.272000E-06,-1.206030160189E+00
+56.280000E-06,-1.407035183897E+00
+56.288000E-06,-1.206030163178E+00
+56.296000E-06,-1.407035183897E+00
+56.304000E-06,-1.206030163178E+00
+56.312000E-06,-1.206030160189E+00
+56.320000E-06,-1.206030160189E+00
+56.328000E-06,-1.407035183897E+00
+56.336000E-06,-1.206030163178E+00
+56.344000E-06,-1.206030160189E+00
+56.352000E-06,-1.206030160189E+00
+56.360000E-06,-1.407035183897E+00
+56.368000E-06,-1.206030163180E+00
+56.376000E-06,-1.407035183896E+00
+56.384000E-06,-1.407035186887E+00
+56.392000E-06,-1.407035186887E+00
+56.400000E-06,-1.407035186887E+00
+56.408000E-06,-1.407035186887E+00
+56.416000E-06,-1.407035186887E+00
+56.424000E-06,-1.407035186887E+00
+56.432000E-06,-1.206030163180E+00
+56.440000E-06,-1.407035183896E+00
+56.448000E-06,-1.407035186887E+00
+56.456000E-06,-1.407035186887E+00
+56.464000E-06,-1.407035186887E+00
+56.472000E-06,-1.407035186887E+00
+56.480000E-06,-1.407035186887E+00
+56.488000E-06,-1.407035186887E+00
+56.496000E-06,-1.407035186887E+00
+56.504000E-06,-1.407035186887E+00
+56.512000E-06,-1.407035186887E+00
+56.520000E-06,-1.407035186887E+00
+56.528000E-06,-1.407035186887E+00
+56.536000E-06,-1.407035186887E+00
+56.544000E-06,-1.206030163181E+00
+56.552000E-06,-1.407035183895E+00
+56.560000E-06,-1.407035186887E+00
+56.568000E-06,-1.407035186887E+00
+56.576000E-06,-1.407035186887E+00
+56.584000E-06,-1.407035186887E+00
+56.592000E-06,-1.407035186887E+00
+56.600000E-06,-1.407035186887E+00
+56.608000E-06,-1.407035186887E+00
+56.616000E-06,-1.407035186887E+00
+56.624000E-06,-1.407035186887E+00
+56.632000E-06,-1.407035186887E+00
+56.640000E-06,-1.407035186887E+00
+56.648000E-06,-1.407035186887E+00
+56.656000E-06,-1.407035186887E+00
+56.664000E-06,-1.407035186887E+00
+56.672000E-06,-1.407035186887E+00
+56.680000E-06,-1.608040210593E+00
+56.688000E-06,-1.407035189879E+00
+56.696000E-06,-1.407035186887E+00
+56.704000E-06,-1.407035186887E+00
+56.712000E-06,-1.407035186887E+00
+56.720000E-06,-1.608040210591E+00
+56.728000E-06,-1.608040213585E+00
+56.736000E-06,-1.608040213585E+00
+56.744000E-06,-1.608040213585E+00
+56.752000E-06,-1.407035189881E+00
+56.760000E-06,-1.608040210591E+00
+56.768000E-06,-1.608040213585E+00
+56.776000E-06,-1.608040213585E+00
+56.784000E-06,-1.608040213585E+00
+56.792000E-06,-1.407035189881E+00
+56.800000E-06,-1.608040210591E+00
+56.808000E-06,-1.608040213585E+00
+56.816000E-06,-1.608040213585E+00
+56.824000E-06,-1.407035189881E+00
+56.832000E-06,-1.608040210591E+00
+56.840000E-06,-1.407035189881E+00
+56.848000E-06,-1.608040210590E+00
+56.856000E-06,-1.407035189882E+00
+56.864000E-06,-1.608040210590E+00
+56.872000E-06,-1.407035189882E+00
+56.880000E-06,-1.407035186887E+00
+56.888000E-06,-1.407035186887E+00
+56.896000E-06,-1.407035186887E+00
+56.904000E-06,-1.407035186887E+00
+56.912000E-06,-1.407035186887E+00
+56.920000E-06,-1.608040210590E+00
+56.928000E-06,-1.608040213585E+00
+56.936000E-06,-1.608040213585E+00
+56.944000E-06,-1.407035189882E+00
+56.952000E-06,-1.608040210590E+00
+56.960000E-06,-1.407035189882E+00
+56.968000E-06,-1.608040210590E+00
+56.976000E-06,-1.608040213585E+00
+56.984000E-06,-1.407035189882E+00
+56.992000E-06,-1.608040210590E+00
+57.000000E-06,-1.608040213585E+00
+57.008000E-06,-1.407035189882E+00
+57.016000E-06,-1.608040210590E+00
+57.024000E-06,-1.608040213585E+00
+57.032000E-06,-1.608040213585E+00
+57.040000E-06,-1.608040213585E+00
+57.048000E-06,-1.407035189883E+00
+57.056000E-06,-1.608040210588E+00
+57.064000E-06,-1.407035189883E+00
+57.072000E-06,-1.407035186887E+00
+57.080000E-06,-1.608040210588E+00
+57.088000E-06,-1.608040213585E+00
+57.096000E-06,-1.608040213585E+00
+57.104000E-06,-1.608040213585E+00
+57.112000E-06,-1.608040213585E+00
+57.120000E-06,-1.608040213585E+00
+57.128000E-06,-1.608040213585E+00
+57.136000E-06,-1.608040213585E+00
+57.144000E-06,-1.608040213585E+00
+57.152000E-06,-1.407035189883E+00
+57.160000E-06,-1.608040210588E+00
+57.168000E-06,-1.407035189883E+00
+57.176000E-06,-1.407035186887E+00
+57.184000E-06,-1.608040210587E+00
+57.192000E-06,-1.608040213585E+00
+57.200000E-06,-1.608040213585E+00
+57.208000E-06,-1.608040213585E+00
+57.216000E-06,-1.608040213585E+00
+57.224000E-06,-1.608040213585E+00
+57.232000E-06,-1.608040213585E+00
+57.240000E-06,-1.608040213585E+00
+57.248000E-06,-1.608040213585E+00
+57.256000E-06,-1.608040213585E+00
+57.264000E-06,-1.407035189885E+00
+57.272000E-06,-1.608040210587E+00
+57.280000E-06,-1.608040213585E+00
+57.288000E-06,-1.407035189885E+00
+57.296000E-06,-1.608040210587E+00
+57.304000E-06,-1.608040213585E+00
+57.312000E-06,-1.608040213585E+00
+57.320000E-06,-1.809045237285E+00
+57.328000E-06,-1.608040216583E+00
+57.336000E-06,-1.608040213585E+00
+57.344000E-06,-1.608040213585E+00
+57.352000E-06,-1.608040213585E+00
+57.360000E-06,-1.608040213585E+00
+57.368000E-06,-1.608040213585E+00
+57.376000E-06,-1.608040213585E+00
+57.384000E-06,-1.407035189886E+00
+57.392000E-06,-1.809045234284E+00
+57.400000E-06,-1.608040216585E+00
+57.408000E-06,-1.608040213585E+00
+57.416000E-06,-1.608040213585E+00
+57.424000E-06,-1.608040213585E+00
+57.432000E-06,-1.608040213585E+00
+57.440000E-06,-1.608040213585E+00
+57.448000E-06,-1.608040213585E+00
+57.456000E-06,-1.608040213585E+00
+57.464000E-06,-1.608040213585E+00
+57.472000E-06,-1.608040213585E+00
+57.480000E-06,-1.809045237283E+00
+57.488000E-06,-1.809045240283E+00
+57.496000E-06,-1.608040216585E+00
+57.504000E-06,-1.608040213585E+00
+57.512000E-06,-1.608040213585E+00
+57.520000E-06,-1.608040213585E+00
+57.528000E-06,-1.809045237282E+00
+57.536000E-06,-1.608040216586E+00
+57.544000E-06,-1.608040213585E+00
+57.552000E-06,-1.608040213585E+00
+57.560000E-06,-1.809045237282E+00
+57.568000E-06,-1.608040216586E+00
+57.576000E-06,-1.608040213585E+00
+57.584000E-06,-1.608040213585E+00
+57.592000E-06,-1.608040213585E+00
+57.600000E-06,-1.809045237282E+00
+57.608000E-06,-1.608040216586E+00
+57.616000E-06,-1.608040213585E+00
+57.624000E-06,-1.608040213585E+00
+57.632000E-06,-1.809045237282E+00
+57.640000E-06,-1.608040216586E+00
+57.648000E-06,-1.608040213585E+00
+57.656000E-06,-1.809045237282E+00
+57.664000E-06,-1.809045240283E+00
+57.672000E-06,-1.809045240283E+00
+57.680000E-06,-1.608040216586E+00
+57.688000E-06,-1.608040213585E+00
+57.696000E-06,-1.608040213585E+00
+57.704000E-06,-1.809045237280E+00
+57.712000E-06,-1.809045240283E+00
+57.720000E-06,-1.608040216587E+00
+57.728000E-06,-1.809045237280E+00
+57.736000E-06,-1.608040216587E+00
+57.744000E-06,-1.608040213585E+00
+57.752000E-06,-1.809045237280E+00
+57.760000E-06,-1.809045240283E+00
+57.768000E-06,-1.809045240283E+00
+57.776000E-06,-1.608040216587E+00
+57.784000E-06,-1.608040213585E+00
+57.792000E-06,-1.809045237280E+00
+57.800000E-06,-1.608040216587E+00
+57.808000E-06,-1.608040213585E+00
+57.816000E-06,-1.809045237280E+00
+57.824000E-06,-1.809045240283E+00
+57.832000E-06,-1.809045240283E+00
+57.840000E-06,-1.608040216587E+00
+57.848000E-06,-1.809045237279E+00
+57.856000E-06,-1.809045240283E+00
+57.864000E-06,-1.608040216589E+00
+57.872000E-06,-1.608040213585E+00
+57.880000E-06,-1.809045237279E+00
+57.888000E-06,-1.809045240283E+00
+57.896000E-06,-1.809045240283E+00
+57.904000E-06,-1.608040216589E+00
+57.912000E-06,-1.608040213585E+00
+57.920000E-06,-1.809045237279E+00
+57.928000E-06,-1.809045240283E+00
+57.936000E-06,-1.608040216589E+00
+57.944000E-06,-1.809045237279E+00
+57.952000E-06,-1.608040216589E+00
+57.960000E-06,-1.809045237279E+00
+57.968000E-06,-1.809045240283E+00
+57.976000E-06,-1.809045240283E+00
+57.984000E-06,-1.809045240283E+00
+57.992000E-06,-1.608040216589E+00
+58.000000E-06,-1.809045237279E+00
+58.008000E-06,-1.608040216589E+00
+58.016000E-06,-1.809045237279E+00
+58.024000E-06,-1.809045240283E+00
+58.032000E-06,-1.809045240283E+00
+58.040000E-06,-1.809045240283E+00
+58.048000E-06,-1.608040216590E+00
+58.056000E-06,-1.809045237278E+00
+58.064000E-06,-1.809045240283E+00
+58.072000E-06,-1.809045240283E+00
+58.080000E-06,-1.608040216590E+00
+58.088000E-06,-1.809045237278E+00
+58.096000E-06,-1.809045240283E+00
+58.104000E-06,-1.809045240283E+00
+58.112000E-06,-1.809045240283E+00
+58.120000E-06,-1.809045240283E+00
+58.128000E-06,-1.809045240283E+00
+58.136000E-06,-1.809045240283E+00
+58.144000E-06,-1.809045240283E+00
+58.152000E-06,-1.809045240283E+00
+58.160000E-06,-1.809045240283E+00
+58.168000E-06,-1.608040216590E+00
+58.176000E-06,-1.809045237278E+00
+58.184000E-06,-1.809045240283E+00
+58.192000E-06,-1.809045240283E+00
+58.200000E-06,-1.809045240283E+00
+58.208000E-06,-1.809045240283E+00
+58.216000E-06,-1.608040216592E+00
+58.224000E-06,-1.809045237276E+00
+58.232000E-06,-1.809045240283E+00
+58.240000E-06,-2.010050263974E+00
+58.248000E-06,-1.809045243290E+00
+58.256000E-06,-1.809045240283E+00
+58.264000E-06,-1.809045240283E+00
+58.272000E-06,-1.809045240283E+00
+58.280000E-06,-1.809045240283E+00
+58.288000E-06,-1.608040216592E+00
+58.296000E-06,-1.809045237276E+00
+58.304000E-06,-1.809045240283E+00
+58.312000E-06,-1.608040216592E+00
+58.320000E-06,-1.809045237276E+00
+58.328000E-06,-1.809045240283E+00
+58.336000E-06,-1.809045240283E+00
+58.344000E-06,-1.809045240283E+00
+58.352000E-06,-1.809045240283E+00
+58.360000E-06,-1.809045240283E+00
+58.368000E-06,-1.809045240283E+00
+58.376000E-06,-1.608040216593E+00
+58.384000E-06,-1.608040213585E+00
+58.392000E-06,-1.809045237275E+00
+58.400000E-06,-1.809045240283E+00
+58.408000E-06,-1.809045240283E+00
+58.416000E-06,-1.809045240283E+00
+58.424000E-06,-1.809045240283E+00
+58.432000E-06,-1.809045240283E+00
+58.440000E-06,-1.809045240283E+00
+58.448000E-06,-1.809045240283E+00
+58.456000E-06,-1.608040216593E+00
+58.464000E-06,-1.809045237275E+00
+58.472000E-06,-1.809045240283E+00
+58.480000E-06,-1.809045240283E+00
+58.488000E-06,-1.809045240283E+00
+58.496000E-06,-1.809045240283E+00
+58.504000E-06,-1.809045240283E+00
+58.512000E-06,-1.809045240283E+00
+58.520000E-06,-1.809045240283E+00
+58.528000E-06,-1.809045240283E+00
+58.536000E-06,-1.809045240283E+00
+58.544000E-06,-1.809045240283E+00
+58.552000E-06,-1.809045240283E+00
+58.560000E-06,-1.809045240283E+00
+58.568000E-06,-1.809045240283E+00
+58.576000E-06,-1.809045240283E+00
+58.584000E-06,-1.809045240283E+00
+58.592000E-06,-1.809045240283E+00
+58.600000E-06,-1.809045240283E+00
+58.608000E-06,-2.010050263971E+00
+58.616000E-06,-1.809045243293E+00
+58.624000E-06,-1.809045240283E+00
+58.632000E-06,-1.809045240283E+00
+58.640000E-06,-1.809045240283E+00
+58.648000E-06,-1.809045240283E+00
+58.656000E-06,-1.809045240283E+00
+58.664000E-06,-1.809045240283E+00
+58.672000E-06,-1.809045240283E+00
+58.680000E-06,-1.809045240283E+00
+58.688000E-06,-1.809045240283E+00
+58.696000E-06,-1.809045240283E+00
+58.704000E-06,-1.809045240283E+00
+58.712000E-06,-1.809045240283E+00
+58.720000E-06,-1.809045240283E+00
+58.728000E-06,-1.809045240283E+00
+58.736000E-06,-2.010050263970E+00
+58.744000E-06,-1.809045243294E+00
+58.752000E-06,-1.809045240283E+00
+58.760000E-06,-1.809045240283E+00
+58.768000E-06,-1.809045240283E+00
+58.776000E-06,-1.809045240283E+00
+58.784000E-06,-1.809045240283E+00
+58.792000E-06,-1.809045240283E+00
+58.800000E-06,-1.809045240283E+00
+58.808000E-06,-1.809045240283E+00
+58.816000E-06,-1.809045240283E+00
+58.824000E-06,-1.809045240283E+00
+58.832000E-06,-1.809045240283E+00
+58.840000E-06,-1.809045240283E+00
+58.848000E-06,-1.809045240283E+00
+58.856000E-06,-1.809045240283E+00
+58.864000E-06,-1.809045240283E+00
+58.872000E-06,-1.809045240283E+00
+58.880000E-06,-1.809045240283E+00
+58.888000E-06,-1.809045240283E+00
+58.896000E-06,-2.010050263968E+00
+58.904000E-06,-1.809045243296E+00
+58.912000E-06,-2.010050263968E+00
+58.920000E-06,-2.010050266981E+00
+58.928000E-06,-1.809045243296E+00
+58.936000E-06,-1.809045240283E+00
+58.944000E-06,-1.809045240283E+00
+58.952000E-06,-1.809045240283E+00
+58.960000E-06,-1.809045240283E+00
+58.968000E-06,-2.010050263968E+00
+58.976000E-06,-2.010050266981E+00
+58.984000E-06,-1.809045243296E+00
+58.992000E-06,-1.809045240283E+00
+59.000000E-06,-1.809045240283E+00
+59.008000E-06,-1.809045240283E+00
+59.016000E-06,-1.809045240283E+00
+59.024000E-06,-1.809045240283E+00
+59.032000E-06,-1.809045240283E+00
+59.040000E-06,-2.010050263967E+00
+59.048000E-06,-2.010050266981E+00
+59.056000E-06,-2.010050266981E+00
+59.064000E-06,-1.809045243297E+00
+59.072000E-06,-1.809045240283E+00
+59.080000E-06,-1.809045240283E+00
+59.088000E-06,-1.809045240283E+00
+59.096000E-06,-1.809045240283E+00
+59.104000E-06,-1.809045240283E+00
+59.112000E-06,-1.809045240283E+00
+59.120000E-06,-2.010050263967E+00
+59.128000E-06,-1.809045243297E+00
+59.136000E-06,-1.809045240283E+00
+59.144000E-06,-1.809045240283E+00
+59.152000E-06,-1.809045240283E+00
+59.160000E-06,-2.010050263967E+00
+59.168000E-06,-2.010050266981E+00
+59.176000E-06,-1.809045243297E+00
+59.184000E-06,-1.809045240283E+00
+59.192000E-06,-1.809045240283E+00
+59.200000E-06,-1.809045240283E+00
+59.208000E-06,-1.809045240283E+00
+59.216000E-06,-1.809045240283E+00
+59.224000E-06,-1.809045240283E+00
+59.232000E-06,-1.809045240283E+00
+59.240000E-06,-1.809045240283E+00
+59.248000E-06,-1.809045240283E+00
+59.256000E-06,-1.809045240283E+00
+59.264000E-06,-1.809045240283E+00
+59.272000E-06,-1.809045240283E+00
+59.280000E-06,-2.010050263965E+00
+59.288000E-06,-1.809045243299E+00
+59.296000E-06,-1.809045240283E+00
+59.304000E-06,-1.809045240283E+00
+59.312000E-06,-2.010050263965E+00
+59.320000E-06,-1.809045243299E+00
+59.328000E-06,-1.809045240283E+00
+59.336000E-06,-1.809045240283E+00
+59.344000E-06,-1.809045240283E+00
+59.352000E-06,-1.809045240283E+00
+59.360000E-06,-1.809045240283E+00
+59.368000E-06,-1.809045240283E+00
+59.376000E-06,-1.809045240283E+00
+59.384000E-06,-1.809045240283E+00
+59.392000E-06,-1.809045240283E+00
+59.400000E-06,-1.809045240283E+00
+59.408000E-06,-1.809045240283E+00
+59.416000E-06,-1.809045240283E+00
+59.424000E-06,-1.809045240283E+00
+59.432000E-06,-1.809045240283E+00
+59.440000E-06,-1.809045240283E+00
+59.448000E-06,-1.809045240283E+00
+59.456000E-06,-1.809045240283E+00
+59.464000E-06,-1.809045240283E+00
+59.472000E-06,-1.809045240283E+00
+59.480000E-06,-2.010050263964E+00
+59.488000E-06,-1.809045243300E+00
+59.496000E-06,-1.809045240283E+00
+59.504000E-06,-1.809045240283E+00
+59.512000E-06,-1.809045240283E+00
+59.520000E-06,-1.809045240283E+00
+59.528000E-06,-1.809045240283E+00
+59.536000E-06,-1.809045240283E+00
+59.544000E-06,-1.809045240283E+00
+59.552000E-06,-2.010050263963E+00
+59.560000E-06,-2.010050266981E+00
+59.568000E-06,-1.809045243302E+00
+59.576000E-06,-1.809045240283E+00
+59.584000E-06,-1.809045240283E+00
+59.592000E-06,-1.809045240283E+00
+59.600000E-06,-1.809045240283E+00
+59.608000E-06,-1.809045240283E+00
+59.616000E-06,-1.809045240283E+00
+59.624000E-06,-1.809045240283E+00
+59.632000E-06,-1.809045240283E+00
+59.640000E-06,-1.809045240283E+00
+59.648000E-06,-1.809045240283E+00
+59.656000E-06,-1.809045240283E+00
+59.664000E-06,-1.809045240283E+00
+59.672000E-06,-1.809045240283E+00
+59.680000E-06,-1.809045240283E+00
+59.688000E-06,-1.809045240283E+00
+59.696000E-06,-1.809045240283E+00
+59.704000E-06,-1.809045240283E+00
+59.712000E-06,-1.809045240283E+00
+59.720000E-06,-1.809045240283E+00
+59.728000E-06,-2.010050263961E+00
+59.736000E-06,-1.809045243303E+00
+59.744000E-06,-1.809045240283E+00
+59.752000E-06,-1.809045240283E+00
+59.760000E-06,-1.809045240283E+00
+59.768000E-06,-1.809045240283E+00
+59.776000E-06,-1.809045240283E+00
+59.784000E-06,-1.809045240283E+00
+59.792000E-06,-1.809045240283E+00
+59.800000E-06,-1.809045240283E+00
+59.808000E-06,-1.809045240283E+00
+59.816000E-06,-1.809045240283E+00
+59.824000E-06,-1.809045240283E+00
+59.832000E-06,-1.809045240283E+00
+59.840000E-06,-1.809045240283E+00
+59.848000E-06,-1.809045240283E+00
+59.856000E-06,-1.809045240283E+00
+59.864000E-06,-1.809045240283E+00
+59.872000E-06,-1.809045240283E+00
+59.880000E-06,-1.809045240283E+00
+59.888000E-06,-1.809045240283E+00
+59.896000E-06,-1.809045240283E+00
+59.904000E-06,-1.809045240283E+00
+59.912000E-06,-1.809045240283E+00
+59.920000E-06,-1.809045240283E+00
+59.928000E-06,-1.809045240283E+00
+59.936000E-06,-1.809045240283E+00
+59.944000E-06,-1.809045240283E+00
+59.952000E-06,-1.809045240283E+00
+59.960000E-06,-1.608040216606E+00
+59.968000E-06,-1.809045237261E+00
+59.976000E-06,-1.809045240283E+00
+59.984000E-06,-1.809045240283E+00
+59.992000E-06,-1.809045240283E+00
+60.000000E-06,-1.809045240283E+00
+60.008000E-06,-1.809045240283E+00
+60.016000E-06,-1.809045240283E+00
+60.024000E-06,-1.809045240283E+00
+60.032000E-06,-1.809045240283E+00
+60.040000E-06,-1.809045240283E+00
+60.048000E-06,-1.809045240283E+00
+60.056000E-06,-1.809045240283E+00
+60.064000E-06,-1.809045240283E+00
+60.072000E-06,-1.809045240283E+00
+60.080000E-06,-1.809045240283E+00
+60.088000E-06,-1.809045240283E+00
+60.096000E-06,-1.809045240283E+00
+60.104000E-06,-1.809045240283E+00
+60.112000E-06,-1.809045240283E+00
+60.120000E-06,-1.809045240283E+00
+60.128000E-06,-1.809045240283E+00
+60.136000E-06,-1.809045240283E+00
+60.144000E-06,-1.608040216608E+00
+60.152000E-06,-1.809045237260E+00
+60.160000E-06,-1.809045240283E+00
+60.168000E-06,-1.809045240283E+00
+60.176000E-06,-1.809045240283E+00
+60.184000E-06,-1.809045240283E+00
+60.192000E-06,-1.809045240283E+00
+60.200000E-06,-1.809045240283E+00
+60.208000E-06,-1.809045240283E+00
+60.216000E-06,-1.809045240283E+00
+60.224000E-06,-1.809045240283E+00
+60.232000E-06,-1.809045240283E+00
+60.240000E-06,-1.809045240283E+00
+60.248000E-06,-1.809045240283E+00
+60.256000E-06,-1.809045240283E+00
+60.264000E-06,-1.809045240283E+00
+60.272000E-06,-1.809045240283E+00
+60.280000E-06,-1.809045240283E+00
+60.288000E-06,-1.809045240283E+00
+60.296000E-06,-1.608040216609E+00
+60.304000E-06,-1.608040213585E+00
+60.312000E-06,-1.809045237259E+00
+60.320000E-06,-1.608040216609E+00
+60.328000E-06,-1.608040213585E+00
+60.336000E-06,-1.809045237259E+00
+60.344000E-06,-1.608040216609E+00
+60.352000E-06,-1.608040213585E+00
+60.360000E-06,-1.809045237259E+00
+60.368000E-06,-1.809045240283E+00
+60.376000E-06,-1.809045240283E+00
+60.384000E-06,-1.809045240283E+00
+60.392000E-06,-1.809045240283E+00
+60.400000E-06,-1.809045240283E+00
+60.408000E-06,-1.809045240283E+00
+60.416000E-06,-1.809045240283E+00
+60.424000E-06,-1.809045240283E+00
+60.432000E-06,-1.809045240283E+00
+60.440000E-06,-1.809045240283E+00
+60.448000E-06,-1.809045240283E+00
+60.456000E-06,-1.809045240283E+00
+60.464000E-06,-1.809045240283E+00
+60.472000E-06,-1.809045240283E+00
+60.480000E-06,-1.809045240283E+00
+60.488000E-06,-1.809045240283E+00
+60.496000E-06,-1.809045240283E+00
+60.504000E-06,-1.608040216611E+00
+60.512000E-06,-1.809045237257E+00
+60.520000E-06,-1.608040216611E+00
+60.528000E-06,-1.809045237256E+00
+60.536000E-06,-1.809045240283E+00
+60.544000E-06,-1.809045240283E+00
+60.552000E-06,-1.809045240283E+00
+60.560000E-06,-1.809045240283E+00
+60.568000E-06,-1.809045240283E+00
+60.576000E-06,-1.809045240283E+00
+60.584000E-06,-1.809045240283E+00
+60.592000E-06,-1.809045240283E+00
+60.600000E-06,-1.809045240283E+00
+60.608000E-06,-1.809045240283E+00
+60.616000E-06,-1.809045240283E+00
+60.624000E-06,-1.809045240283E+00
+60.632000E-06,-1.809045240283E+00
+60.640000E-06,-1.809045240283E+00
+60.648000E-06,-1.809045240283E+00
+60.656000E-06,-1.809045240283E+00
+60.664000E-06,-1.809045240283E+00
+60.672000E-06,-1.809045240283E+00
+60.680000E-06,-1.608040216612E+00
+60.688000E-06,-1.809045237256E+00
+60.696000E-06,-1.809045240283E+00
+60.704000E-06,-1.608040216612E+00
+60.712000E-06,-1.608040213585E+00
+60.720000E-06,-1.809045237254E+00
+60.728000E-06,-1.809045240283E+00
+60.736000E-06,-1.809045240283E+00
+60.744000E-06,-1.809045240283E+00
+60.752000E-06,-1.608040216614E+00
+60.760000E-06,-1.809045237254E+00
+60.768000E-06,-1.608040216614E+00
+60.776000E-06,-1.809045237254E+00
+60.784000E-06,-1.809045240283E+00
+60.792000E-06,-1.809045240283E+00
+60.800000E-06,-1.809045240283E+00
+60.808000E-06,-1.608040216614E+00
+60.816000E-06,-1.809045237254E+00
+60.824000E-06,-1.608040216614E+00
+60.832000E-06,-1.608040213585E+00
+60.840000E-06,-1.809045237254E+00
+60.848000E-06,-1.608040216614E+00
+60.856000E-06,-1.809045237254E+00
+60.864000E-06,-1.608040216615E+00
+60.872000E-06,-1.608040213585E+00
+60.880000E-06,-1.809045237253E+00
+60.888000E-06,-1.608040216615E+00
+60.896000E-06,-1.608040213585E+00
+60.904000E-06,-1.809045237253E+00
+60.912000E-06,-1.608040216615E+00
+60.920000E-06,-1.608040213585E+00
+60.928000E-06,-1.608040213585E+00
+60.936000E-06,-1.608040213585E+00
+60.944000E-06,-1.608040213585E+00
+60.952000E-06,-1.608040213585E+00
+60.960000E-06,-1.809045237253E+00
+60.968000E-06,-1.809045240283E+00
+60.976000E-06,-1.608040216615E+00
+60.984000E-06,-1.608040213585E+00
+60.992000E-06,-1.608040213585E+00
+61.000000E-06,-1.809045237253E+00
+61.008000E-06,-1.809045240283E+00
+61.016000E-06,-1.608040216615E+00
+61.024000E-06,-1.809045237253E+00
+61.032000E-06,-1.608040216615E+00
+61.040000E-06,-1.608040213585E+00
+61.048000E-06,-1.608040213585E+00
+61.056000E-06,-1.608040213585E+00
+61.064000E-06,-1.608040213585E+00
+61.072000E-06,-1.608040213585E+00
+61.080000E-06,-1.809045237253E+00
+61.088000E-06,-1.608040216615E+00
+61.096000E-06,-1.608040213585E+00
+61.104000E-06,-1.809045237253E+00
+61.112000E-06,-1.809045240283E+00
+61.120000E-06,-1.608040216615E+00
+61.128000E-06,-1.608040213585E+00
+61.136000E-06,-1.809045237253E+00
+61.144000E-06,-1.608040216615E+00
+61.152000E-06,-1.608040213585E+00
+61.160000E-06,-1.608040213585E+00
+61.168000E-06,-1.608040213585E+00
+61.176000E-06,-1.608040213585E+00
+61.184000E-06,-1.608040213585E+00
+61.192000E-06,-1.608040213585E+00
+61.200000E-06,-1.608040213585E+00
+61.208000E-06,-1.608040213585E+00
+61.216000E-06,-1.608040213585E+00
+61.224000E-06,-1.608040213585E+00
+61.232000E-06,-1.608040213585E+00
+61.240000E-06,-1.608040213585E+00
+61.248000E-06,-1.608040213585E+00
+61.256000E-06,-1.608040213585E+00
+61.264000E-06,-1.608040213585E+00
+61.272000E-06,-1.608040213585E+00
+61.280000E-06,-1.608040213585E+00
+61.288000E-06,-1.608040213585E+00
+61.296000E-06,-1.608040213585E+00
+61.304000E-06,-1.608040213585E+00
+61.312000E-06,-1.608040213585E+00
+61.320000E-06,-1.608040213585E+00
+61.328000E-06,-1.608040213585E+00
+61.336000E-06,-1.608040213585E+00
+61.344000E-06,-1.608040213585E+00
+61.352000E-06,-1.407035189914E+00
+61.360000E-06,-1.608040210558E+00
+61.368000E-06,-1.608040213585E+00
+61.376000E-06,-1.608040213585E+00
+61.384000E-06,-1.407035189914E+00
+61.392000E-06,-1.407035186887E+00
+61.400000E-06,-1.608040210558E+00
+61.408000E-06,-1.608040213585E+00
+61.416000E-06,-1.407035189913E+00
+61.424000E-06,-1.608040210559E+00
+61.432000E-06,-1.608040213585E+00
+61.440000E-06,-1.608040213585E+00
+61.448000E-06,-1.608040213585E+00
+61.456000E-06,-1.608040213585E+00
+61.464000E-06,-1.407035189913E+00
+61.472000E-06,-1.608040210559E+00
+61.480000E-06,-1.809045237257E+00
+61.488000E-06,-1.608040216611E+00
+61.496000E-06,-1.608040213585E+00
+61.504000E-06,-1.608040213585E+00
+61.512000E-06,-1.608040213585E+00
+61.520000E-06,-1.407035189911E+00
+61.528000E-06,-1.608040210560E+00
+61.536000E-06,-1.407035189911E+00
+61.544000E-06,-1.407035186887E+00
+61.552000E-06,-1.608040210560E+00
+61.560000E-06,-1.407035189911E+00
+61.568000E-06,-1.407035186887E+00
+61.576000E-06,-1.608040210560E+00
+61.584000E-06,-1.407035189911E+00
+61.592000E-06,-1.608040210560E+00
+61.600000E-06,-1.407035189911E+00
+61.608000E-06,-1.608040210560E+00
+61.616000E-06,-1.608040213585E+00
+61.624000E-06,-1.407035189911E+00
+61.632000E-06,-1.608040210560E+00
+61.640000E-06,-1.608040213585E+00
+61.648000E-06,-1.608040213585E+00
+61.656000E-06,-1.608040213585E+00
+61.664000E-06,-1.608040213585E+00
+61.672000E-06,-1.608040213585E+00
+61.680000E-06,-1.608040213585E+00
+61.688000E-06,-1.407035189910E+00
+61.696000E-06,-1.407035186887E+00
+61.704000E-06,-1.608040210562E+00
+61.712000E-06,-1.407035189910E+00
+61.720000E-06,-1.608040210562E+00
+61.728000E-06,-1.407035189910E+00
+61.736000E-06,-1.608040210562E+00
+61.744000E-06,-1.608040213585E+00
+61.752000E-06,-1.407035189908E+00
+61.760000E-06,-1.608040210563E+00
+61.768000E-06,-1.608040213585E+00
+61.776000E-06,-1.407035189908E+00
+61.784000E-06,-1.608040210563E+00
+61.792000E-06,-1.407035189908E+00
+61.800000E-06,-1.407035186887E+00
+61.808000E-06,-1.608040210563E+00
+61.816000E-06,-1.608040213585E+00
+61.824000E-06,-1.407035189908E+00
+61.832000E-06,-1.407035186887E+00
+61.840000E-06,-1.608040210563E+00
+61.848000E-06,-1.407035189908E+00
+61.856000E-06,-1.608040210563E+00
+61.864000E-06,-1.608040213585E+00
+61.872000E-06,-1.407035189907E+00
+61.880000E-06,-1.608040210565E+00
+61.888000E-06,-1.407035189907E+00
+61.896000E-06,-1.608040210565E+00
+61.904000E-06,-1.608040213585E+00
+61.912000E-06,-1.608040213585E+00
+61.920000E-06,-1.407035189907E+00
+61.928000E-06,-1.407035186887E+00
+61.936000E-06,-1.407035186887E+00
+61.944000E-06,-1.407035186887E+00
+61.952000E-06,-1.407035186887E+00
+61.960000E-06,-1.407035186887E+00
+61.968000E-06,-1.608040210565E+00
+61.976000E-06,-1.407035189905E+00
+61.984000E-06,-1.608040210566E+00
+61.992000E-06,-1.407035189905E+00
+62.000000E-06,-1.608040210566E+00
+62.008000E-06,-1.407035189905E+00
+62.016000E-06,-1.407035186887E+00
+62.024000E-06,-1.407035186887E+00
+62.032000E-06,-1.407035186887E+00
+62.040000E-06,-1.407035186887E+00
+62.048000E-06,-1.407035186887E+00
+62.056000E-06,-1.407035186887E+00
+62.064000E-06,-1.608040210566E+00
+62.072000E-06,-1.407035189905E+00
+62.080000E-06,-1.407035186887E+00
+62.088000E-06,-1.407035186887E+00
+62.096000E-06,-1.407035186887E+00
+62.104000E-06,-1.407035186887E+00
+62.112000E-06,-1.407035186887E+00
+62.120000E-06,-1.407035186887E+00
+62.128000E-06,-1.407035186887E+00
+62.136000E-06,-1.407035186887E+00
+62.144000E-06,-1.407035186887E+00
+62.152000E-06,-1.407035186887E+00
+62.160000E-06,-1.407035186887E+00
+62.168000E-06,-1.407035186887E+00
+62.176000E-06,-1.407035186887E+00
+62.184000E-06,-1.407035186887E+00
+62.192000E-06,-1.407035186887E+00
+62.200000E-06,-1.407035186887E+00
+62.208000E-06,-1.407035186887E+00
+62.216000E-06,-1.407035186887E+00
+62.224000E-06,-1.407035186887E+00
+62.232000E-06,-1.206030163204E+00
+62.240000E-06,-1.407035183871E+00
+62.248000E-06,-1.407035186887E+00
+62.256000E-06,-1.206030163204E+00
+62.264000E-06,-1.407035183871E+00
+62.272000E-06,-1.407035186887E+00
+62.280000E-06,-1.407035186887E+00
+62.288000E-06,-1.407035186887E+00
+62.296000E-06,-1.407035186887E+00
+62.304000E-06,-1.407035186887E+00
+62.312000E-06,-1.407035186887E+00
+62.320000E-06,-1.206030163204E+00
+62.328000E-06,-1.407035183871E+00
+62.336000E-06,-1.407035186887E+00
+62.344000E-06,-1.407035186887E+00
+62.352000E-06,-1.407035186887E+00
+62.360000E-06,-1.407035186887E+00
+62.368000E-06,-1.206030163203E+00
+62.376000E-06,-1.407035183873E+00
+62.384000E-06,-1.407035186887E+00
+62.392000E-06,-1.407035186887E+00
+62.400000E-06,-1.407035186887E+00
+62.408000E-06,-1.407035186887E+00
+62.416000E-06,-1.407035186887E+00
+62.424000E-06,-1.407035186887E+00
+62.432000E-06,-1.206030163203E+00
+62.440000E-06,-1.206030160189E+00
+62.448000E-06,-1.407035183874E+00
+62.456000E-06,-1.206030163201E+00
+62.464000E-06,-1.206030160189E+00
+62.472000E-06,-1.206030160189E+00
+62.480000E-06,-1.407035183874E+00
+62.488000E-06,-1.407035186887E+00
+62.496000E-06,-1.206030163201E+00
+62.504000E-06,-1.407035183874E+00
+62.512000E-06,-1.407035186887E+00
+62.520000E-06,-1.206030163201E+00
+62.528000E-06,-1.407035183874E+00
+62.536000E-06,-1.206030163201E+00
+62.544000E-06,-1.206030160189E+00
+62.552000E-06,-1.206030160189E+00
+62.560000E-06,-1.407035183874E+00
+62.568000E-06,-1.407035186887E+00
+62.576000E-06,-1.206030163200E+00
+62.584000E-06,-1.407035183875E+00
+62.592000E-06,-1.206030163200E+00
+62.600000E-06,-1.206030160189E+00
+62.608000E-06,-1.407035183875E+00
+62.616000E-06,-1.407035186887E+00
+62.624000E-06,-1.206030163200E+00
+62.632000E-06,-1.206030160189E+00
+62.640000E-06,-1.206030160189E+00
+62.648000E-06,-1.206030160189E+00
+62.656000E-06,-1.206030160189E+00
+62.664000E-06,-1.206030160189E+00
+62.672000E-06,-1.206030160189E+00
+62.680000E-06,-1.206030160189E+00
+62.688000E-06,-1.206030160189E+00
+62.696000E-06,-1.407035183877E+00
+62.704000E-06,-1.407035186887E+00
+62.712000E-06,-1.206030163199E+00
+62.720000E-06,-1.407035183877E+00
+62.728000E-06,-1.206030163199E+00
+62.736000E-06,-1.407035183877E+00
+62.744000E-06,-1.206030163199E+00
+62.752000E-06,-1.206030160189E+00
+62.760000E-06,-1.206030160189E+00
+62.768000E-06,-1.206030160189E+00
+62.776000E-06,-1.407035183877E+00
+62.784000E-06,-1.407035186887E+00
+62.792000E-06,-1.206030163199E+00
+62.800000E-06,-1.206030160189E+00
+62.808000E-06,-1.206030160189E+00
+62.816000E-06,-1.206030160189E+00
+62.824000E-06,-1.206030160189E+00
+62.832000E-06,-1.407035183878E+00
+62.840000E-06,-1.206030163197E+00
+62.848000E-06,-1.407035183878E+00
+62.856000E-06,-1.206030163197E+00
+62.864000E-06,-1.206030160189E+00
+62.872000E-06,-1.206030160189E+00
+62.880000E-06,-1.206030160189E+00
+62.888000E-06,-1.206030160189E+00
+62.896000E-06,-1.206030160189E+00
+62.904000E-06,-1.206030160189E+00
+62.912000E-06,-1.206030160189E+00
+62.920000E-06,-1.206030160189E+00
+62.928000E-06,-1.407035183880E+00
+62.936000E-06,-1.206030163196E+00
+62.944000E-06,-1.206030160189E+00
+62.952000E-06,-1.206030160189E+00
+62.960000E-06,-1.206030160189E+00
+62.968000E-06,-1.206030160189E+00
+62.976000E-06,-1.005025136497E+00
+62.984000E-06,-1.206030157182E+00
+62.992000E-06,-1.206030160189E+00
+63.000000E-06,-1.206030160189E+00
+63.008000E-06,-1.206030160189E+00
+63.016000E-06,-1.206030160189E+00
+63.024000E-06,-1.005025136497E+00
+63.032000E-06,-1.206030157182E+00
+63.040000E-06,-1.206030160189E+00
+63.048000E-06,-1.206030160189E+00
+63.056000E-06,-1.206030160189E+00
+63.064000E-06,-1.206030160189E+00
+63.072000E-06,-1.407035183881E+00
+63.080000E-06,-1.206030163194E+00
+63.088000E-06,-1.206030160189E+00
+63.096000E-06,-1.206030160189E+00
+63.104000E-06,-1.206030160189E+00
+63.112000E-06,-1.206030160189E+00
+63.120000E-06,-1.005025136496E+00
+63.128000E-06,-1.206030157183E+00
+63.136000E-06,-1.206030160189E+00
+63.144000E-06,-1.206030160189E+00
+63.152000E-06,-1.206030160189E+00
+63.160000E-06,-1.206030160189E+00
+63.168000E-06,-1.206030160189E+00
+63.176000E-06,-1.005025136495E+00
+63.184000E-06,-1.206030157185E+00
+63.192000E-06,-1.206030160189E+00
+63.200000E-06,-1.206030160189E+00
+63.208000E-06,-1.206030160189E+00
+63.216000E-06,-1.206030160189E+00
+63.224000E-06,-1.005025136495E+00
+63.232000E-06,-1.206030157185E+00
+63.240000E-06,-1.206030160189E+00
+63.248000E-06,-1.005025136495E+00
+63.256000E-06,-1.206030157185E+00
+63.264000E-06,-1.206030160189E+00
+63.272000E-06,-1.005025136493E+00
+63.280000E-06,-1.005025133491E+00
+63.288000E-06,-1.005025133491E+00
+63.296000E-06,-1.005025133491E+00
+63.304000E-06,-1.206030157186E+00
+63.312000E-06,-1.206030160189E+00
+63.320000E-06,-1.206030160189E+00
+63.328000E-06,-1.005025136493E+00
+63.336000E-06,-1.206030157186E+00
+63.344000E-06,-1.206030160189E+00
+63.352000E-06,-1.005025136493E+00
+63.360000E-06,-1.005025133491E+00
+63.368000E-06,-1.005025133491E+00
+63.376000E-06,-1.005025133491E+00
+63.384000E-06,-1.005025133491E+00
+63.392000E-06,-1.005025133491E+00
+63.400000E-06,-1.206030157188E+00
+63.408000E-06,-1.206030160189E+00
+63.416000E-06,-1.005025136492E+00
+63.424000E-06,-1.005025133491E+00
+63.432000E-06,-1.005025133491E+00
+63.440000E-06,-1.206030157188E+00
+63.448000E-06,-1.005025136492E+00
+63.456000E-06,-1.005025133491E+00
+63.464000E-06,-1.206030157188E+00
+63.472000E-06,-1.005025136492E+00
+63.480000E-06,-1.005025133491E+00
+63.488000E-06,-1.206030157188E+00
+63.496000E-06,-1.206030160189E+00
+63.504000E-06,-1.206030160189E+00
+63.512000E-06,-1.005025136490E+00
+63.520000E-06,-1.005025133491E+00
+63.528000E-06,-1.206030157189E+00
+63.536000E-06,-1.005025136490E+00
+63.544000E-06,-1.005025133491E+00
+63.552000E-06,-1.005025133491E+00
+63.560000E-06,-1.005025133491E+00
+63.568000E-06,-1.005025133491E+00
+63.576000E-06,-1.005025133491E+00
+63.584000E-06,-1.206030157189E+00
+63.592000E-06,-1.005025136490E+00
+63.600000E-06,-1.005025133491E+00
+63.608000E-06,-1.005025133491E+00
+63.616000E-06,-1.005025133491E+00
+63.624000E-06,-1.005025133491E+00
+63.632000E-06,-1.005025133491E+00
+63.640000E-06,-1.005025133491E+00
+63.648000E-06,-1.005025133491E+00
+63.656000E-06,-1.005025133491E+00
+63.664000E-06,-1.005025133491E+00
+63.672000E-06,-1.005025133491E+00
+63.680000E-06,-1.005025133491E+00
+63.688000E-06,-1.005025133491E+00
+63.696000E-06,-1.005025133491E+00
+63.704000E-06,-1.005025133491E+00
+63.712000E-06,-1.005025133491E+00
+63.720000E-06,-1.005025133491E+00
+63.728000E-06,-1.005025133491E+00
+63.736000E-06,-1.005025133491E+00
+63.744000E-06,-1.206030157192E+00
+63.752000E-06,-804.020112786E-03
+63.760000E-06,-1.005025130494E+00
+63.768000E-06,-1.005025133491E+00
+63.776000E-06,-1.005025133491E+00
+63.784000E-06,-1.005025133491E+00
+63.792000E-06,-1.005025133491E+00
+63.800000E-06,-1.005025133491E+00
+63.808000E-06,-804.020109789E-03
+63.816000E-06,-804.020106792E-03
+63.824000E-06,-1.005025130494E+00
+63.832000E-06,-1.005025133491E+00
+63.840000E-06,-1.206030157193E+00
+63.848000E-06,-1.005025136486E+00
+63.856000E-06,-804.020109788E-03
+63.864000E-06,-1.005025130495E+00
+63.872000E-06,-1.005025133491E+00
+63.880000E-06,-1.005025133491E+00
+63.888000E-06,-1.005025133491E+00
+63.896000E-06,-804.020109788E-03
+63.904000E-06,-804.020106792E-03
+63.912000E-06,-1.005025130495E+00
+63.920000E-06,-1.005025133491E+00
+63.928000E-06,-1.005025133491E+00
+63.936000E-06,-1.005025133491E+00
+63.944000E-06,-804.020109788E-03
+63.952000E-06,-804.020106792E-03
+63.960000E-06,-804.020106792E-03
+63.968000E-06,-1.005025130495E+00
+63.976000E-06,-1.005025133491E+00
+63.984000E-06,-804.020109786E-03
+63.992000E-06,-804.020106792E-03
+64.000000E-06,-804.020106792E-03
+64.008000E-06,-804.020106792E-03
+64.016000E-06,-1.005025130497E+00
+64.024000E-06,-1.005025133491E+00
+64.032000E-06,-1.005025133491E+00
+64.040000E-06,-804.020109786E-03
+64.048000E-06,-1.005025130497E+00
+64.056000E-06,-1.005025133491E+00
+64.064000E-06,-1.005025133491E+00
+64.072000E-06,-804.020109785E-03
+64.080000E-06,-1.005025130498E+00
+64.088000E-06,-1.005025133491E+00
+64.096000E-06,-1.005025133491E+00
+64.104000E-06,-1.005025133491E+00
+64.112000E-06,-1.005025133491E+00
+64.120000E-06,-804.020109785E-03
+64.128000E-06,-804.020106792E-03
+64.136000E-06,-804.020106792E-03
+64.144000E-06,-1.005025130498E+00
+64.152000E-06,-1.005025133491E+00
+64.160000E-06,-1.005025133491E+00
+64.168000E-06,-804.020109785E-03
+64.176000E-06,-804.020106792E-03
+64.184000E-06,-804.020106792E-03
+64.192000E-06,-1.005025130498E+00
+64.200000E-06,-804.020109785E-03
+64.208000E-06,-1.005025130500E+00
+64.216000E-06,-804.020109783E-03
+64.224000E-06,-1.005025130500E+00
+64.232000E-06,-804.020109783E-03
+64.240000E-06,-804.020106792E-03
+64.248000E-06,-804.020106792E-03
+64.256000E-06,-1.005025130500E+00
+64.264000E-06,-804.020109783E-03
+64.272000E-06,-1.005025130500E+00
+64.280000E-06,-804.020109783E-03
+64.288000E-06,-804.020106792E-03
+64.296000E-06,-804.020106792E-03
+64.304000E-06,-804.020106792E-03
+64.312000E-06,-804.020106792E-03
+64.320000E-06,-804.020106792E-03
+64.328000E-06,-804.020106792E-03
+64.336000E-06,-804.020106792E-03
+64.344000E-06,-804.020106792E-03
+64.352000E-06,-1.005025130501E+00
+64.360000E-06,-1.005025133491E+00
+64.368000E-06,-1.005025133491E+00
+64.376000E-06,-1.005025133491E+00
+64.384000E-06,-804.020109782E-03
+64.392000E-06,-804.020106792E-03
+64.400000E-06,-804.020106792E-03
+64.408000E-06,-804.020106792E-03
+64.416000E-06,-804.020106792E-03
+64.424000E-06,-804.020106792E-03
+64.432000E-06,-804.020106792E-03
+64.440000E-06,-804.020106792E-03
+64.448000E-06,-804.020106792E-03
+64.456000E-06,-804.020106792E-03
+64.464000E-06,-804.020106792E-03
+64.472000E-06,-1.005025130503E+00
+64.480000E-06,-804.020109780E-03
+64.488000E-06,-804.020106792E-03
+64.496000E-06,-804.020106792E-03
+64.504000E-06,-804.020106792E-03
+64.512000E-06,-804.020106792E-03
+64.520000E-06,-804.020106792E-03
+64.528000E-06,-1.005025130503E+00
+64.536000E-06,-804.020109780E-03
+64.544000E-06,-804.020106792E-03
+64.552000E-06,-804.020106792E-03
+64.560000E-06,-1.005025130504E+00
+64.568000E-06,-804.020109779E-03
+64.576000E-06,-804.020106792E-03
+64.584000E-06,-804.020106792E-03
+64.592000E-06,-804.020106792E-03
+64.600000E-06,-804.020106792E-03
+64.608000E-06,-804.020106792E-03
+64.616000E-06,-804.020106792E-03
+64.624000E-06,-804.020106792E-03
+64.632000E-06,-804.020106792E-03
+64.640000E-06,-804.020106792E-03
+64.648000E-06,-804.020106792E-03
+64.656000E-06,-804.020106792E-03
+64.664000E-06,-804.020106792E-03
+64.672000E-06,-804.020106792E-03
+64.680000E-06,-804.020106792E-03
+64.688000E-06,-804.020106792E-03
+64.696000E-06,-804.020106792E-03
+64.704000E-06,-603.015083079E-03
+64.712000E-06,-804.020103807E-03
+64.720000E-06,-804.020106792E-03
+64.728000E-06,-804.020106792E-03
+64.736000E-06,-804.020106792E-03
+64.744000E-06,-804.020106792E-03
+64.752000E-06,-804.020106792E-03
+64.760000E-06,-804.020106792E-03
+64.768000E-06,-804.020106792E-03
+64.776000E-06,-804.020106792E-03
+64.784000E-06,-804.020106792E-03
+64.792000E-06,-603.015083078E-03
+64.800000E-06,-603.015080094E-03
+64.808000E-06,-804.020103809E-03
+64.816000E-06,-804.020106792E-03
+64.824000E-06,-603.015083078E-03
+64.832000E-06,-804.020103809E-03
+64.840000E-06,-804.020106792E-03
+64.848000E-06,-804.020106792E-03
+64.856000E-06,-804.020106792E-03
+64.864000E-06,-804.020106792E-03
+64.872000E-06,-804.020106792E-03
+64.880000E-06,-603.015083078E-03
+64.888000E-06,-804.020103809E-03
+64.896000E-06,-804.020106792E-03
+64.904000E-06,-603.015083076E-03
+64.912000E-06,-603.015080094E-03
+64.920000E-06,-804.020103810E-03
+64.928000E-06,-804.020106792E-03
+64.936000E-06,-804.020106792E-03
+64.944000E-06,-804.020106792E-03
+64.952000E-06,-804.020106792E-03
+64.960000E-06,-804.020106792E-03
+64.968000E-06,-804.020106792E-03
+64.976000E-06,-804.020106792E-03
+64.984000E-06,-804.020106792E-03
+64.992000E-06,-804.020106792E-03
+65.000000E-06,-804.020106792E-03
+65.008000E-06,-804.020106792E-03
+65.016000E-06,-804.020106792E-03
+65.024000E-06,-804.020106792E-03
+65.032000E-06,-804.020106792E-03
+65.040000E-06,-804.020106792E-03
+65.048000E-06,-603.015083075E-03
+65.056000E-06,-804.020103812E-03
+65.064000E-06,-804.020106792E-03
+65.072000E-06,-804.020106792E-03
+65.080000E-06,-804.020106792E-03
+65.088000E-06,-804.020106792E-03
+65.096000E-06,-603.015083075E-03
+65.104000E-06,-603.015080094E-03
+65.112000E-06,-603.015080094E-03
+65.120000E-06,-603.015080094E-03
+65.128000E-06,-603.015080094E-03
+65.136000E-06,-804.020103813E-03
+65.144000E-06,-603.015083073E-03
+65.152000E-06,-603.015080094E-03
+65.160000E-06,-804.020103813E-03
+65.168000E-06,-804.020106792E-03
+65.176000E-06,-804.020106792E-03
+65.184000E-06,-603.015083073E-03
+65.192000E-06,-603.015080094E-03
+65.200000E-06,-804.020103813E-03
+65.208000E-06,-603.015083073E-03
+65.216000E-06,-804.020103813E-03
+65.224000E-06,-804.020106792E-03
+65.232000E-06,-804.020106792E-03
+65.240000E-06,-804.020106792E-03
+65.248000E-06,-804.020106792E-03
+65.256000E-06,-603.015083072E-03
+65.264000E-06,-804.020103815E-03
+65.272000E-06,-804.020106792E-03
+65.280000E-06,-603.015083072E-03
+65.288000E-06,-603.015080094E-03
+65.296000E-06,-603.015080094E-03
+65.304000E-06,-804.020103815E-03
+65.312000E-06,-603.015083072E-03
+65.320000E-06,-804.020103815E-03
+65.328000E-06,-603.015083072E-03
+65.336000E-06,-603.015080094E-03
+65.344000E-06,-603.015080094E-03
+65.352000E-06,-804.020103815E-03
+65.360000E-06,-603.015083072E-03
+65.368000E-06,-804.020103815E-03
+65.376000E-06,-804.020106792E-03
+65.384000E-06,-804.020106792E-03
+65.392000E-06,-804.020106792E-03
+65.400000E-06,-603.015083071E-03
+65.408000E-06,-804.020103816E-03
+65.416000E-06,-603.015083071E-03
+65.424000E-06,-603.015080094E-03
+65.432000E-06,-804.020103816E-03
+65.440000E-06,-804.020106792E-03
+65.448000E-06,-603.015083071E-03
+65.456000E-06,-804.020103816E-03
+65.464000E-06,-603.015083071E-03
+65.472000E-06,-603.015080094E-03
+65.480000E-06,-603.015080094E-03
+65.488000E-06,-603.015080094E-03
+65.496000E-06,-603.015080094E-03
+65.504000E-06,-603.015080094E-03
+65.512000E-06,-804.020103818E-03
+65.520000E-06,-804.020106792E-03
+65.528000E-06,-603.015083069E-03
+65.536000E-06,-603.015080094E-03
+65.544000E-06,-603.015080094E-03
+65.552000E-06,-804.020103818E-03
+65.560000E-06,-603.015083069E-03
+65.568000E-06,-804.020103818E-03
+65.576000E-06,-603.015083069E-03
+65.584000E-06,-804.020103818E-03
+65.592000E-06,-603.015083069E-03
+65.600000E-06,-603.015080094E-03
+65.608000E-06,-603.015080094E-03
+65.616000E-06,-603.015080094E-03
+65.624000E-06,-603.015080094E-03
+65.632000E-06,-804.020103819E-03
+65.640000E-06,-804.020106792E-03
+65.648000E-06,-804.020106792E-03
+65.656000E-06,-804.020106792E-03
+65.664000E-06,-804.020106792E-03
+65.672000E-06,-804.020106792E-03
+65.680000E-06,-603.015083068E-03
+65.688000E-06,-603.015080094E-03
+65.696000E-06,-603.015080094E-03
+65.704000E-06,-603.015080094E-03
+65.712000E-06,-603.015080094E-03
+65.720000E-06,-603.015080094E-03
+65.728000E-06,-603.015080094E-03
+65.736000E-06,-804.020103821E-03
+65.744000E-06,-804.020106792E-03
+65.752000E-06,-804.020106792E-03
+65.760000E-06,-804.020106792E-03
+65.768000E-06,-603.015083066E-03
+65.776000E-06,-603.015080094E-03
+65.784000E-06,-603.015080094E-03
+65.792000E-06,-603.015080094E-03
+65.800000E-06,-603.015080094E-03
+65.808000E-06,-804.020103821E-03
+65.816000E-06,-804.020106792E-03
+65.824000E-06,-603.015083066E-03
+65.832000E-06,-603.015080094E-03
+65.840000E-06,-804.020103821E-03
+65.848000E-06,-804.020106792E-03
+65.856000E-06,-603.015083065E-03
+65.864000E-06,-603.015080094E-03
+65.872000E-06,-603.015080094E-03
+65.880000E-06,-804.020103822E-03
+65.888000E-06,-804.020106792E-03
+65.896000E-06,-603.015083065E-03
+65.904000E-06,-603.015080094E-03
+65.912000E-06,-603.015080094E-03
+65.920000E-06,-603.015080094E-03
+65.928000E-06,-603.015080094E-03
+65.936000E-06,-603.015080094E-03
+65.944000E-06,-603.015080094E-03
+65.952000E-06,-603.015080094E-03
+65.960000E-06,-804.020103824E-03
+65.968000E-06,-804.020106792E-03
+65.976000E-06,-603.015083063E-03
+65.984000E-06,-603.015080094E-03
+65.992000E-06,-603.015080094E-03
+66.000000E-06,-804.020103824E-03
+66.008000E-06,-603.015083063E-03
+66.016000E-06,-603.015080094E-03
+66.024000E-06,-603.015080094E-03
+66.032000E-06,-804.020103824E-03
+66.040000E-06,-603.015083063E-03
+66.048000E-06,-603.015080094E-03
+66.056000E-06,-603.015080094E-03
+66.064000E-06,-603.015080094E-03
+66.072000E-06,-603.015080094E-03
+66.080000E-06,-603.015080094E-03
+66.088000E-06,-603.015080094E-03
+66.096000E-06,-603.015080094E-03
+66.104000E-06,-603.015080094E-03
+66.112000E-06,-603.015080094E-03
+66.120000E-06,-603.015080094E-03
+66.128000E-06,-804.020103825E-03
+66.136000E-06,-603.015083062E-03
+66.144000E-06,-804.020103825E-03
+66.152000E-06,-804.020106792E-03
+66.160000E-06,-603.015083062E-03
+66.168000E-06,-603.015080094E-03
+66.176000E-06,-603.015080094E-03
+66.184000E-06,-603.015080094E-03
+66.192000E-06,-603.015080094E-03
+66.200000E-06,-603.015080094E-03
+66.208000E-06,-603.015080094E-03
+66.216000E-06,-603.015080094E-03
+66.224000E-06,-603.015080094E-03
+66.232000E-06,-603.015080094E-03
+66.240000E-06,-603.015080094E-03
+66.248000E-06,-603.015080094E-03
+66.256000E-06,-603.015080094E-03
+66.264000E-06,-603.015080094E-03
+66.272000E-06,-603.015080094E-03
+66.280000E-06,-603.015080094E-03
+66.288000E-06,-603.015080094E-03
+66.296000E-06,-603.015080094E-03
+66.304000E-06,-603.015080094E-03
+66.312000E-06,-603.015080094E-03
+66.320000E-06,-603.015080094E-03
+66.328000E-06,-603.015080094E-03
+66.336000E-06,-603.015080094E-03
+66.344000E-06,-804.020103828E-03
+66.352000E-06,-804.020106792E-03
+66.360000E-06,-603.015083059E-03
+66.368000E-06,-603.015080094E-03
+66.376000E-06,-603.015080094E-03
+66.384000E-06,-603.015080094E-03
+66.392000E-06,-603.015080094E-03
+66.400000E-06,-603.015080094E-03
+66.408000E-06,-603.015080094E-03
+66.416000E-06,-603.015080094E-03
+66.424000E-06,-603.015080094E-03
+66.432000E-06,-603.015080094E-03
+66.440000E-06,-603.015080094E-03
+66.448000E-06,-603.015080094E-03
+66.456000E-06,-603.015080094E-03
+66.464000E-06,-603.015080094E-03
+66.472000E-06,-603.015080094E-03
+66.480000E-06,-603.015080094E-03
+66.488000E-06,-603.015080094E-03
+66.496000E-06,-603.015080094E-03
+66.504000E-06,-603.015080094E-03
+66.512000E-06,-603.015080094E-03
+66.520000E-06,-603.015080094E-03
+66.528000E-06,-603.015080094E-03
+66.536000E-06,-603.015080094E-03
+66.544000E-06,-603.015080094E-03
+66.552000E-06,-804.020103831E-03
+66.560000E-06,-603.015083056E-03
+66.568000E-06,-603.015080094E-03
+66.576000E-06,-603.015080094E-03
+66.584000E-06,-603.015080094E-03
+66.592000E-06,-603.015080094E-03
+66.600000E-06,-603.015080094E-03
+66.608000E-06,-603.015080094E-03
+66.616000E-06,-603.015080094E-03
+66.624000E-06,-603.015080094E-03
+66.632000E-06,-603.015080094E-03
+66.640000E-06,-603.015080094E-03
+66.648000E-06,-603.015080094E-03
+66.656000E-06,-603.015080094E-03
+66.664000E-06,-603.015080094E-03
+66.672000E-06,-804.020103832E-03
+66.680000E-06,-603.015083054E-03
+66.688000E-06,-603.015080094E-03
+66.696000E-06,-804.020103832E-03
+66.704000E-06,-603.015083054E-03
+66.712000E-06,-603.015080094E-03
+66.720000E-06,-603.015080094E-03
+66.728000E-06,-603.015080094E-03
+66.736000E-06,-603.015080094E-03
+66.744000E-06,-603.015080094E-03
+66.752000E-06,-603.015080094E-03
+66.760000E-06,-603.015080094E-03
+66.768000E-06,-603.015080094E-03
+66.776000E-06,-804.020103832E-03
+66.784000E-06,-603.015083053E-03
+66.792000E-06,-603.015080094E-03
+66.800000E-06,-603.015080094E-03
+66.808000E-06,-603.015080094E-03
+66.816000E-06,-603.015080094E-03
+66.824000E-06,-603.015080094E-03
+66.832000E-06,-603.015080094E-03
+66.840000E-06,-603.015080094E-03
+66.848000E-06,-603.015080094E-03
+66.856000E-06,-603.015080094E-03
+66.864000E-06,-603.015080094E-03
+66.872000E-06,-603.015080094E-03
+66.880000E-06,-603.015080094E-03
+66.888000E-06,-603.015080094E-03
+66.896000E-06,-603.015080094E-03
+66.904000E-06,-603.015080094E-03
+66.912000E-06,-603.015080094E-03
+66.920000E-06,-603.015080094E-03
+66.928000E-06,-804.020103835E-03
+66.936000E-06,-804.020106792E-03
+66.944000E-06,-603.015083052E-03
+66.952000E-06,-603.015080094E-03
+66.960000E-06,-603.015080094E-03
+66.968000E-06,-804.020103835E-03
+66.976000E-06,-603.015083052E-03
+66.984000E-06,-603.015080094E-03
+66.992000E-06,-804.020103835E-03
+67.000000E-06,-603.015083052E-03
+67.008000E-06,-804.020103835E-03
+67.016000E-06,-603.015083050E-03
+67.024000E-06,-804.020103837E-03
+67.032000E-06,-603.015083050E-03
+67.040000E-06,-603.015080094E-03
+67.048000E-06,-603.015080094E-03
+67.056000E-06,-603.015080094E-03
+67.064000E-06,-804.020103837E-03
+67.072000E-06,-603.015083050E-03
+67.080000E-06,-603.015080094E-03
+67.088000E-06,-603.015080094E-03
+67.096000E-06,-603.015080094E-03
+67.104000E-06,-603.015080094E-03
+67.112000E-06,-804.020103838E-03
+67.120000E-06,-804.020106792E-03
+67.128000E-06,-603.015083049E-03
+67.136000E-06,-603.015080094E-03
+67.144000E-06,-603.015080094E-03
+67.152000E-06,-603.015080094E-03
+67.160000E-06,-804.020103838E-03
+67.168000E-06,-603.015083049E-03
+67.176000E-06,-603.015080094E-03
+67.184000E-06,-804.020103838E-03
+67.192000E-06,-603.015083049E-03
+67.200000E-06,-603.015080094E-03
+67.208000E-06,-603.015080094E-03
+67.216000E-06,-603.015080094E-03
+67.224000E-06,-603.015080094E-03
+67.232000E-06,-603.015080094E-03
+67.240000E-06,-804.020103838E-03
+67.248000E-06,-804.020106792E-03
+67.256000E-06,-804.020106792E-03
+67.264000E-06,-603.015083047E-03
+67.272000E-06,-603.015080094E-03
+67.280000E-06,-603.015080094E-03
+67.288000E-06,-603.015080094E-03
+67.296000E-06,-603.015080094E-03
+67.304000E-06,-603.015080094E-03
+67.312000E-06,-603.015080094E-03
+67.320000E-06,-603.015080094E-03
+67.328000E-06,-603.015080094E-03
+67.336000E-06,-804.020103841E-03
+67.344000E-06,-804.020106792E-03
+67.352000E-06,-804.020106792E-03
+67.360000E-06,-804.020106792E-03
+67.368000E-06,-603.015083046E-03
+67.376000E-06,-603.015080094E-03
+67.384000E-06,-804.020103841E-03
+67.392000E-06,-804.020106792E-03
+67.400000E-06,-603.015083046E-03
+67.408000E-06,-804.020103841E-03
+67.416000E-06,-603.015083046E-03
+67.424000E-06,-603.015080094E-03
+67.432000E-06,-603.015080094E-03
+67.440000E-06,-603.015080094E-03
+67.448000E-06,-603.015080094E-03
+67.456000E-06,-804.020103841E-03
+67.464000E-06,-603.015083046E-03
+67.472000E-06,-603.015080094E-03
+67.480000E-06,-804.020103843E-03
+67.488000E-06,-804.020106792E-03
+67.496000E-06,-804.020106792E-03
+67.504000E-06,-804.020106792E-03
+67.512000E-06,-603.015083044E-03
+67.520000E-06,-603.015080094E-03
+67.528000E-06,-603.015080094E-03
+67.536000E-06,-603.015080094E-03
+67.544000E-06,-603.015080094E-03
+67.552000E-06,-804.020103843E-03
+67.560000E-06,-603.015083044E-03
+67.568000E-06,-603.015080094E-03
+67.576000E-06,-603.015080094E-03
+67.584000E-06,-804.020103844E-03
+67.592000E-06,-603.015083043E-03
+67.600000E-06,-603.015080094E-03
+67.608000E-06,-804.020103844E-03
+67.616000E-06,-603.015083043E-03
+67.624000E-06,-804.020103844E-03
+67.632000E-06,-804.020106792E-03
+67.640000E-06,-804.020106792E-03
+67.648000E-06,-804.020106792E-03
+67.656000E-06,-804.020106792E-03
+67.664000E-06,-603.015083043E-03
+67.672000E-06,-804.020103844E-03
+67.680000E-06,-603.015083043E-03
+67.688000E-06,-804.020103844E-03
+67.696000E-06,-804.020106792E-03
+67.704000E-06,-603.015083043E-03
+67.712000E-06,-804.020103846E-03
+67.720000E-06,-804.020106792E-03
+67.728000E-06,-804.020106792E-03
+67.736000E-06,-804.020106792E-03
+67.744000E-06,-603.015083041E-03
+67.752000E-06,-804.020103846E-03
+67.760000E-06,-603.015083041E-03
+67.768000E-06,-603.015080094E-03
+67.776000E-06,-804.020103846E-03
+67.784000E-06,-603.015083041E-03
+67.792000E-06,-603.015080094E-03
+67.800000E-06,-804.020103847E-03
+67.808000E-06,-804.020106792E-03
+67.816000E-06,-804.020106792E-03
+67.824000E-06,-603.015083040E-03
+67.832000E-06,-804.020103847E-03
+67.840000E-06,-603.015083040E-03
+67.848000E-06,-804.020103847E-03
+67.856000E-06,-804.020106792E-03
+67.864000E-06,-804.020106792E-03
+67.872000E-06,-804.020106792E-03
+67.880000E-06,-603.015083040E-03
+67.888000E-06,-804.020103847E-03
+67.896000E-06,-804.020106792E-03
+67.904000E-06,-804.020106792E-03
+67.912000E-06,-603.015083040E-03
+67.920000E-06,-603.015080094E-03
+67.928000E-06,-804.020103847E-03
+67.936000E-06,-804.020106792E-03
+67.944000E-06,-804.020106792E-03
+67.952000E-06,-804.020106792E-03
+67.960000E-06,-804.020106792E-03
+67.968000E-06,-603.015083038E-03
+67.976000E-06,-804.020103848E-03
+67.984000E-06,-804.020106792E-03
+67.992000E-06,-804.020106792E-03
+68.000000E-06,-804.020106792E-03
+68.008000E-06,-804.020106792E-03
+68.016000E-06,-603.015083038E-03
+68.024000E-06,-603.015080094E-03
+68.032000E-06,-804.020103850E-03
+68.040000E-06,-603.015083037E-03
+68.048000E-06,-804.020103850E-03
+68.056000E-06,-804.020106792E-03
+68.064000E-06,-804.020106792E-03
+68.072000E-06,-804.020106792E-03
+68.080000E-06,-804.020106792E-03
+68.088000E-06,-804.020106792E-03
+68.096000E-06,-603.015083037E-03
+68.104000E-06,-804.020103850E-03
+68.112000E-06,-603.015083037E-03
+68.120000E-06,-804.020103850E-03
+68.128000E-06,-804.020106792E-03
+68.136000E-06,-603.015083037E-03
+68.144000E-06,-804.020103850E-03
+68.152000E-06,-804.020106792E-03
+68.160000E-06,-804.020106792E-03
+68.168000E-06,-804.020106792E-03
+68.176000E-06,-804.020106792E-03
+68.184000E-06,-804.020106792E-03
+68.192000E-06,-804.020106792E-03
+68.200000E-06,-804.020106792E-03
+68.208000E-06,-804.020106792E-03
+68.216000E-06,-804.020106792E-03
+68.224000E-06,-804.020106792E-03
+68.232000E-06,-804.020106792E-03
+68.240000E-06,-603.015083035E-03
+68.248000E-06,-603.015080094E-03
+68.256000E-06,-804.020103851E-03
+68.264000E-06,-804.020106792E-03
+68.272000E-06,-804.020106792E-03
+68.280000E-06,-804.020106792E-03
+68.288000E-06,-804.020106792E-03
+68.296000E-06,-804.020106792E-03
+68.304000E-06,-804.020106792E-03
+68.312000E-06,-1.005025130551E+00
+68.320000E-06,-804.020109732E-03
+68.328000E-06,-804.020106792E-03
+68.336000E-06,-804.020106792E-03
+68.344000E-06,-804.020106792E-03
+68.352000E-06,-804.020106792E-03
+68.360000E-06,-804.020106792E-03
+68.368000E-06,-804.020106792E-03
+68.376000E-06,-804.020106792E-03
+68.384000E-06,-804.020106792E-03
+68.392000E-06,-804.020106792E-03
+68.400000E-06,-804.020106792E-03
+68.408000E-06,-804.020106792E-03
+68.416000E-06,-804.020106792E-03
+68.424000E-06,-804.020106792E-03
+68.432000E-06,-804.020106792E-03
+68.440000E-06,-804.020106792E-03
+68.448000E-06,-804.020106792E-03
+68.456000E-06,-804.020106792E-03
+68.464000E-06,-804.020106792E-03
+68.472000E-06,-1.005025130552E+00
+68.480000E-06,-804.020109731E-03
+68.488000E-06,-804.020106792E-03
+68.496000E-06,-804.020106792E-03
+68.504000E-06,-804.020106792E-03
+68.512000E-06,-804.020106792E-03
+68.520000E-06,-1.005025130554E+00
+68.528000E-06,-804.020109729E-03
+68.536000E-06,-804.020106792E-03
+68.544000E-06,-804.020106792E-03
+68.552000E-06,-804.020106792E-03
+68.560000E-06,-804.020106792E-03
+68.568000E-06,-804.020106792E-03
+68.576000E-06,-804.020106792E-03
+68.584000E-06,-804.020106792E-03
+68.592000E-06,-804.020106792E-03
+68.600000E-06,-804.020106792E-03
+68.608000E-06,-804.020106792E-03
+68.616000E-06,-804.020106792E-03
+68.624000E-06,-804.020106792E-03
+68.632000E-06,-804.020106792E-03
+68.640000E-06,-804.020106792E-03
+68.648000E-06,-804.020106792E-03
+68.656000E-06,-804.020106792E-03
+68.664000E-06,-804.020106792E-03
+68.672000E-06,-804.020106792E-03
+68.680000E-06,-1.005025130555E+00
+68.688000E-06,-804.020109728E-03
+68.696000E-06,-804.020106792E-03
+68.704000E-06,-804.020106792E-03
+68.712000E-06,-804.020106792E-03
+68.720000E-06,-804.020106792E-03
+68.728000E-06,-1.005025130555E+00
+68.736000E-06,-804.020109726E-03
+68.744000E-06,-1.005025130557E+00
+68.752000E-06,-804.020109726E-03
+68.760000E-06,-804.020106792E-03
+68.768000E-06,-1.005025130557E+00
+68.776000E-06,-804.020109726E-03
+68.784000E-06,-804.020106792E-03
+68.792000E-06,-1.005025130557E+00
+68.800000E-06,-1.005025133491E+00
+68.808000E-06,-1.005025133491E+00
+68.816000E-06,-1.005025133491E+00
+68.824000E-06,-1.005025133491E+00
+68.832000E-06,-804.020109726E-03
+68.840000E-06,-804.020106792E-03
+68.848000E-06,-1.005025130557E+00
+68.856000E-06,-1.005025133491E+00
+68.864000E-06,-1.005025133491E+00
+68.872000E-06,-804.020109726E-03
+68.880000E-06,-1.005025130558E+00
+68.888000E-06,-1.005025133491E+00
+68.896000E-06,-1.005025133491E+00
+68.904000E-06,-1.005025133491E+00
+68.912000E-06,-804.020109725E-03
+68.920000E-06,-1.005025130558E+00
+68.928000E-06,-1.005025133491E+00
+68.936000E-06,-804.020109725E-03
+68.944000E-06,-1.005025130558E+00
+68.952000E-06,-1.005025133491E+00
+68.960000E-06,-804.020109725E-03
+68.968000E-06,-1.005025130560E+00
+68.976000E-06,-1.005025133491E+00
+68.984000E-06,-1.005025133491E+00
+68.992000E-06,-1.005025133491E+00
+69.000000E-06,-804.020109723E-03
+69.008000E-06,-804.020106792E-03
+69.016000E-06,-1.005025130560E+00
+69.024000E-06,-1.005025133491E+00
+69.032000E-06,-1.005025133491E+00
+69.040000E-06,-1.005025133491E+00
+69.048000E-06,-1.005025133491E+00
+69.056000E-06,-1.005025133491E+00
+69.064000E-06,-1.005025133491E+00
+69.072000E-06,-1.005025133491E+00
+69.080000E-06,-1.005025133491E+00
+69.088000E-06,-1.005025133491E+00
+69.096000E-06,-804.020109723E-03
+69.104000E-06,-1.005025130560E+00
+69.112000E-06,-1.005025133491E+00
+69.120000E-06,-1.005025133491E+00
+69.128000E-06,-1.005025133491E+00
+69.136000E-06,-1.005025133491E+00
+69.144000E-06,-1.005025133491E+00
+69.152000E-06,-1.005025133491E+00
+69.160000E-06,-804.020109722E-03
+69.168000E-06,-1.005025130561E+00
+69.176000E-06,-1.005025133491E+00
+69.184000E-06,-804.020109722E-03
+69.192000E-06,-1.005025130561E+00
+69.200000E-06,-1.005025133491E+00
+69.208000E-06,-1.005025133491E+00
+69.216000E-06,-1.005025133491E+00
+69.224000E-06,-1.005025133491E+00
+69.232000E-06,-804.020109720E-03
+69.240000E-06,-1.005025130563E+00
+69.248000E-06,-1.005025133491E+00
+69.256000E-06,-1.005025133491E+00
+69.264000E-06,-1.005025133491E+00
+69.272000E-06,-1.005025133491E+00
+69.280000E-06,-1.005025133491E+00
+69.288000E-06,-1.005025133491E+00
+69.296000E-06,-1.005025133491E+00
+69.304000E-06,-1.206030157261E+00
+69.312000E-06,-1.005025136419E+00
+69.320000E-06,-1.005025133491E+00
+69.328000E-06,-1.005025133491E+00
+69.336000E-06,-1.005025133491E+00
+69.344000E-06,-1.005025133491E+00
+69.352000E-06,-1.005025133491E+00
+69.360000E-06,-1.005025133491E+00
+69.368000E-06,-1.005025133491E+00
+69.376000E-06,-1.005025133491E+00
+69.384000E-06,-1.005025133491E+00
+69.392000E-06,-1.005025133491E+00
+69.400000E-06,-1.005025133491E+00
+69.408000E-06,-1.206030157262E+00
+69.416000E-06,-1.005025136417E+00
+69.424000E-06,-1.005025133491E+00
+69.432000E-06,-1.005025133491E+00
+69.440000E-06,-1.005025133491E+00
+69.448000E-06,-1.005025133491E+00
+69.456000E-06,-1.005025133491E+00
+69.464000E-06,-1.005025133491E+00
+69.472000E-06,-1.005025133491E+00
+69.480000E-06,-1.005025133491E+00
+69.488000E-06,-1.005025133491E+00
+69.496000E-06,-1.005025133491E+00
+69.504000E-06,-1.005025133491E+00
+69.512000E-06,-1.005025133491E+00
+69.520000E-06,-1.005025133491E+00
+69.528000E-06,-1.005025133491E+00
+69.536000E-06,-1.206030157264E+00
+69.544000E-06,-1.206030160189E+00
+69.552000E-06,-1.005025136416E+00
+69.560000E-06,-1.005025133491E+00
+69.568000E-06,-1.206030157264E+00
+69.576000E-06,-1.005025136416E+00
+69.584000E-06,-1.005025133491E+00
+69.592000E-06,-1.005025133491E+00
+69.600000E-06,-1.005025133491E+00
+69.608000E-06,-1.005025133491E+00
+69.616000E-06,-1.206030157265E+00
+69.624000E-06,-1.005025136414E+00
+69.632000E-06,-1.005025133491E+00
+69.640000E-06,-1.005025133491E+00
+69.648000E-06,-1.005025133491E+00
+69.656000E-06,-1.005025133491E+00
+69.664000E-06,-1.005025133491E+00
+69.672000E-06,-1.005025133491E+00
+69.680000E-06,-1.206030157267E+00
+69.688000E-06,-1.206030160189E+00
+69.696000E-06,-1.206030160189E+00
+69.704000E-06,-1.005025136413E+00
+69.712000E-06,-1.005025133491E+00
+69.720000E-06,-1.206030157267E+00
+69.728000E-06,-1.005025136413E+00
+69.736000E-06,-1.005025133491E+00
+69.744000E-06,-1.206030157267E+00
+69.752000E-06,-1.206030160189E+00
+69.760000E-06,-1.005025136413E+00
+69.768000E-06,-1.206030157267E+00
+69.776000E-06,-1.005025136413E+00
+69.784000E-06,-1.005025133491E+00
+69.792000E-06,-1.206030157267E+00
+69.800000E-06,-1.206030160189E+00
+69.808000E-06,-1.005025136413E+00
+69.816000E-06,-1.005025133491E+00
+69.824000E-06,-1.206030157268E+00
+69.832000E-06,-1.005025136411E+00
+69.840000E-06,-1.206030157268E+00
+69.848000E-06,-1.206030160189E+00
+69.856000E-06,-1.206030160189E+00
+69.864000E-06,-1.206030160189E+00
+69.872000E-06,-1.206030160189E+00
+69.880000E-06,-1.005025136411E+00
+69.888000E-06,-1.206030157268E+00
+69.896000E-06,-1.206030160189E+00
+69.904000E-06,-1.206030160189E+00
+69.912000E-06,-1.206030160189E+00
+69.920000E-06,-1.206030160189E+00
+69.928000E-06,-1.206030160189E+00
+69.936000E-06,-1.206030160189E+00
+69.944000E-06,-1.206030160189E+00
+69.952000E-06,-1.206030160189E+00
+69.960000E-06,-1.407035183968E+00
+69.968000E-06,-1.206030163108E+00
+69.976000E-06,-1.206030160189E+00
+69.984000E-06,-1.206030160189E+00
+69.992000E-06,-1.005025136410E+00
+70.000000E-06,-1.206030157270E+00
+70.008000E-06,-1.206030160189E+00
+70.016000E-06,-1.206030160189E+00
+70.024000E-06,-1.206030160189E+00
+70.032000E-06,-1.206030160189E+00
+70.040000E-06,-1.206030160189E+00
+70.048000E-06,-1.005025136408E+00
+70.056000E-06,-1.206030157271E+00
+70.064000E-06,-1.206030160189E+00
+70.072000E-06,-1.206030160189E+00
+70.080000E-06,-1.206030160189E+00
+70.088000E-06,-1.206030160189E+00
+70.096000E-06,-1.206030160189E+00
+70.104000E-06,-1.206030160189E+00
+70.112000E-06,-1.206030160189E+00
+70.120000E-06,-1.005025136408E+00
+70.128000E-06,-1.206030157271E+00
+70.136000E-06,-1.206030160189E+00
+70.144000E-06,-1.206030160189E+00
+70.152000E-06,-1.206030160189E+00
+70.160000E-06,-1.206030160189E+00
+70.168000E-06,-1.206030160189E+00
+70.176000E-06,-1.206030160189E+00
+70.184000E-06,-1.206030160189E+00
+70.192000E-06,-1.206030160189E+00
+70.200000E-06,-1.206030160189E+00
+70.208000E-06,-1.206030160189E+00
+70.216000E-06,-1.005025136407E+00
+70.224000E-06,-1.206030157272E+00
+70.232000E-06,-1.206030160189E+00
+70.240000E-06,-1.206030160189E+00
+70.248000E-06,-1.206030160189E+00
+70.256000E-06,-1.206030160189E+00
+70.264000E-06,-1.206030160189E+00
+70.272000E-06,-1.206030160189E+00
+70.280000E-06,-1.206030160189E+00
+70.288000E-06,-1.206030160189E+00
+70.296000E-06,-1.206030160189E+00
+70.304000E-06,-1.206030160189E+00
+70.312000E-06,-1.206030160189E+00
+70.320000E-06,-1.206030160189E+00
+70.328000E-06,-1.206030160189E+00
+70.336000E-06,-1.206030160189E+00
+70.344000E-06,-1.206030160189E+00
+70.352000E-06,-1.206030160189E+00
+70.360000E-06,-1.206030160189E+00
+70.368000E-06,-1.206030160189E+00
+70.376000E-06,-1.407035183973E+00
+70.384000E-06,-1.206030163102E+00
+70.392000E-06,-1.407035183973E+00
+70.400000E-06,-1.206030163102E+00
+70.408000E-06,-1.206030160189E+00
+70.416000E-06,-1.407035183973E+00
+70.424000E-06,-1.407035186887E+00
+70.432000E-06,-1.206030163102E+00
+70.440000E-06,-1.407035183973E+00
+70.448000E-06,-1.206030163102E+00
+70.456000E-06,-1.206030160189E+00
+70.464000E-06,-1.206030160189E+00
+70.472000E-06,-1.206030160189E+00
+70.480000E-06,-1.206030160189E+00
+70.488000E-06,-1.206030160189E+00
+70.496000E-06,-1.407035183973E+00
+70.504000E-06,-1.206030163102E+00
+70.512000E-06,-1.206030160189E+00
+70.520000E-06,-1.206030160189E+00
+70.528000E-06,-1.407035183975E+00
+70.536000E-06,-1.206030163101E+00
+70.544000E-06,-1.206030160189E+00
+70.552000E-06,-1.206030160189E+00
+70.560000E-06,-1.407035183975E+00
+70.568000E-06,-1.206030163101E+00
+70.576000E-06,-1.206030160189E+00
+70.584000E-06,-1.206030160189E+00
+70.592000E-06,-1.206030160189E+00
+70.600000E-06,-1.206030160189E+00
+70.608000E-06,-1.206030160189E+00
+70.616000E-06,-1.407035183976E+00
+70.624000E-06,-1.206030163099E+00
+70.632000E-06,-1.407035183976E+00
+70.640000E-06,-1.407035186887E+00
+70.648000E-06,-1.407035186887E+00
+70.656000E-06,-1.206030163099E+00
+70.664000E-06,-1.206030160189E+00
+70.672000E-06,-1.206030160189E+00
+70.680000E-06,-1.206030160189E+00
+70.688000E-06,-1.407035183976E+00
+70.696000E-06,-1.407035186887E+00
+70.704000E-06,-1.407035186887E+00
+70.712000E-06,-1.407035186887E+00
+70.720000E-06,-1.407035186887E+00
+70.728000E-06,-1.407035186887E+00
+70.736000E-06,-1.206030163099E+00
+70.744000E-06,-1.407035183976E+00
+70.752000E-06,-1.407035186887E+00
+70.760000E-06,-1.206030163098E+00
+70.768000E-06,-1.407035183978E+00
+70.776000E-06,-1.206030163098E+00
+70.784000E-06,-1.407035183978E+00
+70.792000E-06,-1.407035186887E+00
+70.800000E-06,-1.407035186887E+00
+70.808000E-06,-1.407035186887E+00
+70.816000E-06,-1.407035186887E+00
+70.824000E-06,-1.407035186887E+00
+70.832000E-06,-1.407035186887E+00
+70.840000E-06,-1.407035186887E+00
+70.848000E-06,-1.206030163096E+00
+70.856000E-06,-1.206030160189E+00
+70.864000E-06,-1.407035183979E+00
+70.872000E-06,-1.407035186887E+00
+70.880000E-06,-1.206030163096E+00
+70.888000E-06,-1.206030160189E+00
+70.896000E-06,-1.407035183979E+00
+70.904000E-06,-1.407035186887E+00
+70.912000E-06,-1.407035186887E+00
+70.920000E-06,-1.407035186887E+00
+70.928000E-06,-1.407035186887E+00
+70.936000E-06,-1.407035186887E+00
+70.944000E-06,-1.407035186887E+00
+70.952000E-06,-1.407035186887E+00
+70.960000E-06,-1.407035186887E+00
+70.968000E-06,-1.407035186887E+00
+70.976000E-06,-1.407035186887E+00
+70.984000E-06,-1.407035186887E+00
+70.992000E-06,-1.407035186887E+00
+71.000000E-06,-1.407035186887E+00
+71.008000E-06,-1.407035186887E+00
+71.016000E-06,-1.608040210679E+00
+71.024000E-06,-1.407035189793E+00
+71.032000E-06,-1.407035186887E+00
+71.040000E-06,-1.206030163095E+00
+71.048000E-06,-1.407035183981E+00
+71.056000E-06,-1.407035186887E+00
+71.064000E-06,-1.407035186887E+00
+71.072000E-06,-1.407035186887E+00
+71.080000E-06,-1.407035186887E+00
+71.088000E-06,-1.407035186887E+00
+71.096000E-06,-1.407035186887E+00
+71.104000E-06,-1.407035186887E+00
+71.112000E-06,-1.407035186887E+00
+71.120000E-06,-1.407035186887E+00
+71.128000E-06,-1.608040210680E+00
+71.136000E-06,-1.407035189791E+00
+71.144000E-06,-1.407035186887E+00
+71.152000E-06,-1.608040210680E+00
+71.160000E-06,-1.407035189791E+00
+71.168000E-06,-1.407035186887E+00
+71.176000E-06,-1.407035186887E+00
+71.184000E-06,-1.407035186887E+00
+71.192000E-06,-1.407035186887E+00
+71.200000E-06,-1.608040210680E+00
+71.208000E-06,-1.407035189791E+00
+71.216000E-06,-1.407035186887E+00
+71.224000E-06,-1.608040210682E+00
+71.232000E-06,-1.407035189790E+00
+71.240000E-06,-1.407035186887E+00
+71.248000E-06,-1.407035186887E+00
+71.256000E-06,-1.407035186887E+00
+71.264000E-06,-1.608040210682E+00
+71.272000E-06,-1.407035189790E+00
+71.280000E-06,-1.407035186887E+00
+71.288000E-06,-1.407035186887E+00
+71.296000E-06,-1.407035186887E+00
+71.304000E-06,-1.407035186887E+00
+71.312000E-06,-1.407035186887E+00
+71.320000E-06,-1.407035186887E+00
+71.328000E-06,-1.407035186887E+00
+71.336000E-06,-1.407035186887E+00
+71.344000E-06,-1.407035186887E+00
+71.352000E-06,-1.407035186887E+00
+71.360000E-06,-1.407035186887E+00
+71.368000E-06,-1.407035186887E+00
+71.376000E-06,-1.407035186887E+00
+71.384000E-06,-1.407035186887E+00
+71.392000E-06,-1.407035186887E+00
+71.400000E-06,-1.407035186887E+00
+71.408000E-06,-1.407035186887E+00
+71.416000E-06,-1.407035186887E+00
+71.424000E-06,-1.407035186887E+00
+71.432000E-06,-1.407035186887E+00
+71.440000E-06,-1.407035186887E+00
+71.448000E-06,-1.407035186887E+00
+71.456000E-06,-1.407035186887E+00
+71.464000E-06,-1.608040210685E+00
+71.472000E-06,-1.407035189787E+00
+71.480000E-06,-1.407035186887E+00
+71.488000E-06,-1.407035186887E+00
+71.496000E-06,-1.407035186887E+00
+71.504000E-06,-1.407035186887E+00
+71.512000E-06,-1.407035186887E+00
+71.520000E-06,-1.407035186887E+00
+71.528000E-06,-1.407035186887E+00
+71.536000E-06,-1.608040210686E+00
+71.544000E-06,-1.407035189785E+00
+71.552000E-06,-1.608040210686E+00
+71.560000E-06,-1.608040213585E+00
+71.568000E-06,-1.608040213585E+00
+71.576000E-06,-1.608040213585E+00
+71.584000E-06,-1.407035189785E+00
+71.592000E-06,-1.407035186887E+00
+71.600000E-06,-1.608040210686E+00
+71.608000E-06,-1.407035189785E+00
+71.616000E-06,-1.407035186887E+00
+71.624000E-06,-1.407035186887E+00
+71.632000E-06,-1.608040210686E+00
+71.640000E-06,-1.608040213585E+00
+71.648000E-06,-1.608040213585E+00
+71.656000E-06,-1.407035189785E+00
+71.664000E-06,-1.407035186887E+00
+71.672000E-06,-1.407035186887E+00
+71.680000E-06,-1.407035186887E+00
+71.688000E-06,-1.407035186887E+00
+71.696000E-06,-1.608040210688E+00
+71.704000E-06,-1.407035189784E+00
+71.712000E-06,-1.407035186887E+00
+71.720000E-06,-1.407035186887E+00
+71.728000E-06,-1.608040210688E+00
+71.736000E-06,-1.608040213585E+00
+71.744000E-06,-1.608040213585E+00
+71.752000E-06,-1.407035189784E+00
+71.760000E-06,-1.608040210688E+00
+71.768000E-06,-1.608040213585E+00
+71.776000E-06,-1.608040213585E+00
+71.784000E-06,-1.608040213585E+00
+71.792000E-06,-1.608040213585E+00
+71.800000E-06,-1.407035189783E+00
+71.808000E-06,-1.608040210689E+00
+71.816000E-06,-1.608040213585E+00
+71.824000E-06,-1.608040213585E+00
+71.832000E-06,-1.608040213585E+00
+71.840000E-06,-1.608040213585E+00
+71.848000E-06,-1.608040213585E+00
+71.856000E-06,-1.407035189783E+00
+71.864000E-06,-1.608040210689E+00
+71.872000E-06,-1.407035189783E+00
+71.880000E-06,-1.407035186887E+00
+71.888000E-06,-1.608040210689E+00
+71.896000E-06,-1.608040213585E+00
+71.904000E-06,-1.608040213585E+00
+71.912000E-06,-1.407035189781E+00
+71.920000E-06,-1.608040210691E+00
+71.928000E-06,-1.407035189781E+00
+71.936000E-06,-1.608040210691E+00
+71.944000E-06,-1.608040213585E+00
+71.952000E-06,-1.608040213585E+00
+71.960000E-06,-1.608040213585E+00
+71.968000E-06,-1.608040213585E+00
+71.976000E-06,-1.407035189781E+00
+71.984000E-06,-1.407035186887E+00
+71.992000E-06,-1.407035186887E+00
+72.000000E-06,-1.608040210692E+00
+72.008000E-06,-1.608040213585E+00
+72.016000E-06,-1.608040213585E+00
+72.024000E-06,-1.608040213585E+00
+72.032000E-06,-1.608040213585E+00
+72.040000E-06,-1.407035189780E+00
+72.048000E-06,-1.608040210692E+00
+72.056000E-06,-1.407035189780E+00
+72.064000E-06,-1.608040210692E+00
+72.072000E-06,-1.608040213585E+00
+72.080000E-06,-1.608040213585E+00
+72.088000E-06,-1.608040213585E+00
+72.096000E-06,-1.608040213585E+00
+72.104000E-06,-1.608040213585E+00
+72.112000E-06,-1.608040213585E+00
+72.120000E-06,-1.608040213585E+00
+72.128000E-06,-1.608040213585E+00
+72.136000E-06,-1.608040213585E+00
+72.144000E-06,-1.608040213585E+00
+72.152000E-06,-1.608040213585E+00
+72.160000E-06,-1.608040213585E+00
+72.168000E-06,-1.608040213585E+00
+72.176000E-06,-1.608040213585E+00
+72.184000E-06,-1.608040213585E+00
+72.192000E-06,-1.608040213585E+00
+72.200000E-06,-1.608040213585E+00
+72.208000E-06,-1.608040213585E+00
+72.216000E-06,-1.608040213585E+00
+72.224000E-06,-1.608040213585E+00
+72.232000E-06,-1.608040213585E+00
+72.240000E-06,-1.608040213585E+00
+72.248000E-06,-1.809045237393E+00
+72.256000E-06,-1.608040216475E+00
+72.264000E-06,-1.608040213585E+00
+72.272000E-06,-1.608040213585E+00
+72.280000E-06,-1.608040213585E+00
+72.288000E-06,-1.608040213585E+00
+72.296000E-06,-1.608040213585E+00
+72.304000E-06,-1.608040213585E+00
+72.312000E-06,-1.608040213585E+00
+72.320000E-06,-1.608040213585E+00
+72.328000E-06,-1.608040213585E+00
+72.336000E-06,-1.608040213585E+00
+72.344000E-06,-1.608040213585E+00
+72.352000E-06,-1.407035189777E+00
+72.360000E-06,-1.608040210695E+00
+72.368000E-06,-1.608040213585E+00
+72.376000E-06,-1.608040213585E+00
+72.384000E-06,-1.608040213585E+00
+72.392000E-06,-1.608040213585E+00
+72.400000E-06,-1.608040213585E+00
+72.408000E-06,-1.608040213585E+00
+72.416000E-06,-1.608040213585E+00
+72.424000E-06,-1.809045237395E+00
+72.432000E-06,-1.608040216473E+00
+72.440000E-06,-1.608040213585E+00
+72.448000E-06,-1.608040213585E+00
+72.456000E-06,-1.608040213585E+00
+72.464000E-06,-1.608040213585E+00
+72.472000E-06,-1.608040213585E+00
+72.480000E-06,-1.608040213585E+00
+72.488000E-06,-1.809045237396E+00
+72.496000E-06,-1.608040216472E+00
+72.504000E-06,-1.809045237396E+00
+72.512000E-06,-1.608040216472E+00
+72.520000E-06,-1.608040213585E+00
+72.528000E-06,-1.608040213585E+00
+72.536000E-06,-1.608040213585E+00
+72.544000E-06,-1.608040213585E+00
+72.552000E-06,-1.608040213585E+00
+72.560000E-06,-1.608040213585E+00
+72.568000E-06,-1.608040213585E+00
+72.576000E-06,-1.608040213585E+00
+72.584000E-06,-1.608040213585E+00
+72.592000E-06,-1.608040213585E+00
+72.600000E-06,-1.608040213585E+00
+72.608000E-06,-1.608040213585E+00
+72.616000E-06,-1.608040213585E+00
+72.624000E-06,-1.608040213585E+00
+72.632000E-06,-1.608040213585E+00
+72.640000E-06,-1.608040213585E+00
+72.648000E-06,-1.608040213585E+00
+72.656000E-06,-1.608040213585E+00
+72.664000E-06,-1.608040213585E+00
+72.672000E-06,-1.809045237397E+00
+72.680000E-06,-1.809045240283E+00
+72.688000E-06,-1.608040216470E+00
+72.696000E-06,-1.608040213585E+00
+72.704000E-06,-1.809045237399E+00
+72.712000E-06,-1.608040216469E+00
+72.720000E-06,-1.608040213585E+00
+72.728000E-06,-1.608040213585E+00
+72.736000E-06,-1.608040213585E+00
+72.744000E-06,-1.608040213585E+00
+72.752000E-06,-1.809045237399E+00
+72.760000E-06,-1.608040216469E+00
+72.768000E-06,-1.608040213585E+00
+72.776000E-06,-1.608040213585E+00
+72.784000E-06,-1.608040213585E+00
+72.792000E-06,-1.809045237399E+00
+72.800000E-06,-1.809045240283E+00
+72.808000E-06,-1.608040216469E+00
+72.816000E-06,-1.608040213585E+00
+72.824000E-06,-1.809045237399E+00
+72.832000E-06,-1.608040216469E+00
+72.840000E-06,-1.608040213585E+00
+72.848000E-06,-1.608040213585E+00
+72.856000E-06,-1.608040213585E+00
+72.864000E-06,-1.608040213585E+00
+72.872000E-06,-1.608040213585E+00
+72.880000E-06,-1.608040213585E+00
+72.888000E-06,-1.608040213585E+00
+72.896000E-06,-1.608040213585E+00
+72.904000E-06,-1.608040213585E+00
+72.912000E-06,-1.608040213585E+00
+72.920000E-06,-1.608040213585E+00
+72.928000E-06,-1.809045237400E+00
+72.936000E-06,-1.608040216466E+00
+72.944000E-06,-1.608040213585E+00
+72.952000E-06,-1.608040213585E+00
+72.960000E-06,-1.608040213585E+00
+72.968000E-06,-1.608040213585E+00
+72.976000E-06,-1.809045237402E+00
+72.984000E-06,-1.608040216466E+00
+72.992000E-06,-1.608040213585E+00
+73.000000E-06,-1.608040213585E+00
+73.008000E-06,-1.608040213585E+00
+73.016000E-06,-1.407035189768E+00
+73.024000E-06,-1.608040210704E+00
+73.032000E-06,-1.608040213585E+00
+73.040000E-06,-1.608040213585E+00
+73.048000E-06,-1.608040213585E+00
+73.056000E-06,-1.608040213585E+00
+73.064000E-06,-1.608040213585E+00
+73.072000E-06,-1.608040213585E+00
+73.080000E-06,-1.608040213585E+00
+73.088000E-06,-1.608040213585E+00
+73.096000E-06,-1.608040213585E+00
+73.104000E-06,-1.608040213585E+00
+73.112000E-06,-1.608040213585E+00
+73.120000E-06,-1.608040213585E+00
+73.128000E-06,-1.608040213585E+00
+73.136000E-06,-1.608040213585E+00
+73.144000E-06,-1.608040213585E+00
+73.152000E-06,-1.608040213585E+00
+73.160000E-06,-1.608040213585E+00
+73.168000E-06,-1.608040213585E+00
+73.176000E-06,-1.608040213585E+00
+73.184000E-06,-1.608040213585E+00
+73.192000E-06,-1.608040213585E+00
+73.200000E-06,-1.608040213585E+00
+73.208000E-06,-1.809045237405E+00
+73.216000E-06,-1.608040216463E+00
+73.224000E-06,-1.608040213585E+00
+73.232000E-06,-1.608040213585E+00
+73.240000E-06,-1.608040213585E+00
+73.248000E-06,-1.608040213585E+00
+73.256000E-06,-1.608040213585E+00
+73.264000E-06,-1.608040213585E+00
+73.272000E-06,-1.608040213585E+00
+73.280000E-06,-1.608040213585E+00
+73.288000E-06,-1.608040213585E+00
+73.296000E-06,-1.608040213585E+00
+73.304000E-06,-1.608040213585E+00
+73.312000E-06,-1.608040213585E+00
+73.320000E-06,-1.608040213585E+00
+73.328000E-06,-1.809045237406E+00
+73.336000E-06,-1.608040216462E+00
+73.344000E-06,-1.608040213585E+00
+73.352000E-06,-1.608040213585E+00
+73.360000E-06,-1.608040213585E+00
+73.368000E-06,-1.608040213585E+00
+73.376000E-06,-1.608040213585E+00
+73.384000E-06,-1.809045237406E+00
+73.392000E-06,-1.608040216462E+00
+73.400000E-06,-1.608040213585E+00
+73.408000E-06,-1.608040213585E+00
+73.416000E-06,-1.608040213585E+00
+73.424000E-06,-1.608040213585E+00
+73.432000E-06,-1.809045237408E+00
+73.440000E-06,-1.809045240283E+00
+73.448000E-06,-1.608040216460E+00
+73.456000E-06,-1.608040213585E+00
+73.464000E-06,-1.608040213585E+00
+73.472000E-06,-1.809045237408E+00
+73.480000E-06,-1.608040216460E+00
+73.488000E-06,-1.608040213585E+00
+73.496000E-06,-1.608040213585E+00
+73.504000E-06,-1.608040213585E+00
+73.512000E-06,-1.608040213585E+00
+73.520000E-06,-1.608040213585E+00
+73.528000E-06,-1.608040213585E+00
+73.536000E-06,-1.608040213585E+00
+73.544000E-06,-1.809045237408E+00
+73.552000E-06,-1.608040216459E+00
+73.560000E-06,-1.608040213585E+00
+73.568000E-06,-1.608040213585E+00
+73.576000E-06,-1.608040213585E+00
+73.584000E-06,-1.608040213585E+00
+73.592000E-06,-1.608040213585E+00
+73.600000E-06,-1.608040213585E+00
+73.608000E-06,-1.608040213585E+00
+73.616000E-06,-1.608040213585E+00
+73.624000E-06,-1.608040213585E+00
+73.632000E-06,-1.608040213585E+00
+73.640000E-06,-1.608040213585E+00
+73.648000E-06,-1.608040213585E+00
+73.656000E-06,-1.608040213585E+00
+73.664000E-06,-1.608040213585E+00
+73.672000E-06,-1.608040213585E+00
+73.680000E-06,-1.608040213585E+00
+73.688000E-06,-1.608040213585E+00
+73.696000E-06,-1.608040213585E+00
+73.704000E-06,-1.608040213585E+00
+73.712000E-06,-1.608040213585E+00
+73.720000E-06,-1.608040213585E+00
+73.728000E-06,-1.608040213585E+00
+73.736000E-06,-1.809045237411E+00
+73.744000E-06,-1.608040216457E+00
+73.752000E-06,-1.608040213585E+00
+73.760000E-06,-1.608040213585E+00
+73.768000E-06,-1.809045237411E+00
+73.776000E-06,-1.608040216457E+00
+73.784000E-06,-1.608040213585E+00
+73.792000E-06,-1.608040213585E+00
+73.800000E-06,-1.407035189758E+00
+73.808000E-06,-1.608040210714E+00
+73.816000E-06,-1.608040213585E+00
+73.824000E-06,-1.608040213585E+00
+73.832000E-06,-1.608040213585E+00
+73.840000E-06,-1.608040213585E+00
+73.848000E-06,-1.608040213585E+00
+73.856000E-06,-1.608040213585E+00
+73.864000E-06,-1.608040213585E+00
+73.872000E-06,-1.608040213585E+00
+73.880000E-06,-1.608040213585E+00
+73.888000E-06,-1.608040213585E+00
+73.896000E-06,-1.608040213585E+00
+73.904000E-06,-1.608040213585E+00
+73.912000E-06,-1.407035189756E+00
+73.920000E-06,-1.608040210715E+00
+73.928000E-06,-1.608040213585E+00
+73.936000E-06,-1.608040213585E+00
+73.944000E-06,-1.608040213585E+00
+73.952000E-06,-1.608040213585E+00
+73.960000E-06,-1.608040213585E+00
+73.968000E-06,-1.608040213585E+00
+73.976000E-06,-1.608040213585E+00
+73.984000E-06,-1.608040213585E+00
+73.992000E-06,-1.608040213585E+00
+74.000000E-06,-1.608040213585E+00
+74.008000E-06,-1.608040213585E+00
+74.016000E-06,-1.608040213585E+00
+74.024000E-06,-1.608040213585E+00
+74.032000E-06,-1.608040213585E+00
+74.040000E-06,-1.608040213585E+00
+74.048000E-06,-1.608040213585E+00
+74.056000E-06,-1.608040213585E+00
+74.064000E-06,-1.608040213585E+00
+74.072000E-06,-1.608040213585E+00
+74.080000E-06,-1.608040213585E+00
+74.088000E-06,-1.608040213585E+00
+74.096000E-06,-1.608040213585E+00
+74.104000E-06,-1.608040213585E+00
+74.112000E-06,-1.608040213585E+00
+74.120000E-06,-1.608040213585E+00
+74.128000E-06,-1.608040213585E+00
+74.136000E-06,-1.608040213585E+00
+74.144000E-06,-1.608040213585E+00
+74.152000E-06,-1.608040213585E+00
+74.160000E-06,-1.608040213585E+00
+74.168000E-06,-1.608040213585E+00
+74.176000E-06,-1.608040213585E+00
+74.184000E-06,-1.608040213585E+00
+74.192000E-06,-1.608040213585E+00
+74.200000E-06,-1.608040213585E+00
+74.208000E-06,-1.608040213585E+00
+74.216000E-06,-1.608040213585E+00
+74.224000E-06,-1.608040213585E+00
+74.232000E-06,-1.608040213585E+00
+74.240000E-06,-1.407035189753E+00
+74.248000E-06,-1.407035186887E+00
+74.256000E-06,-1.608040210720E+00
+74.264000E-06,-1.407035189752E+00
+74.272000E-06,-1.608040210720E+00
+74.280000E-06,-1.608040213585E+00
+74.288000E-06,-1.608040213585E+00
+74.296000E-06,-1.608040213585E+00
+74.304000E-06,-1.608040213585E+00
+74.312000E-06,-1.608040213585E+00
+74.320000E-06,-1.608040213585E+00
+74.328000E-06,-1.608040213585E+00
+74.336000E-06,-1.608040213585E+00
+74.344000E-06,-1.608040213585E+00
+74.352000E-06,-1.407035189750E+00
+74.360000E-06,-1.608040210721E+00
+74.368000E-06,-1.608040213585E+00
+74.376000E-06,-1.608040213585E+00
+74.384000E-06,-1.608040213585E+00
+74.392000E-06,-1.608040213585E+00
+74.400000E-06,-1.608040213585E+00
+74.408000E-06,-1.608040213585E+00
+74.416000E-06,-1.608040213585E+00
+74.424000E-06,-1.407035189750E+00
+74.432000E-06,-1.608040210721E+00
+74.440000E-06,-1.608040213585E+00
+74.448000E-06,-1.407035189750E+00
+74.456000E-06,-1.407035186887E+00
+74.464000E-06,-1.608040210721E+00
+74.472000E-06,-1.608040213585E+00
+74.480000E-06,-1.407035189749E+00
+74.488000E-06,-1.608040210723E+00
+74.496000E-06,-1.608040213585E+00
+74.504000E-06,-1.608040213585E+00
+74.512000E-06,-1.608040213585E+00
+74.520000E-06,-1.407035189749E+00
+74.528000E-06,-1.608040210723E+00
+74.536000E-06,-1.608040213585E+00
+74.544000E-06,-1.407035189749E+00
+74.552000E-06,-1.608040210723E+00
+74.560000E-06,-1.608040213585E+00
+74.568000E-06,-1.608040213585E+00
+74.576000E-06,-1.407035189747E+00
+74.584000E-06,-1.608040210724E+00
+74.592000E-06,-1.608040213585E+00
+74.600000E-06,-1.608040213585E+00
+74.608000E-06,-1.608040213585E+00
+74.616000E-06,-1.608040213585E+00
+74.624000E-06,-1.407035189747E+00
+74.632000E-06,-1.608040210724E+00
+74.640000E-06,-1.407035189747E+00
+74.648000E-06,-1.407035186887E+00
+74.656000E-06,-1.608040210724E+00
+74.664000E-06,-1.608040213585E+00
+74.672000E-06,-1.608040213585E+00
+74.680000E-06,-1.608040213585E+00
+74.688000E-06,-1.608040213585E+00
+74.696000E-06,-1.608040213585E+00
+74.704000E-06,-1.608040213585E+00
+74.712000E-06,-1.608040213585E+00
+74.720000E-06,-1.608040213585E+00
+74.728000E-06,-1.608040213585E+00
+74.736000E-06,-1.608040213585E+00
+74.744000E-06,-1.608040213585E+00
+74.752000E-06,-1.407035189746E+00
+74.760000E-06,-1.407035186887E+00
+74.768000E-06,-1.608040210726E+00
+74.776000E-06,-1.407035189746E+00
+74.784000E-06,-1.407035186887E+00
+74.792000E-06,-1.407035186887E+00
+74.800000E-06,-1.407035186887E+00
+74.808000E-06,-1.407035186887E+00
+74.816000E-06,-1.407035186887E+00
+74.824000E-06,-1.407035186887E+00
+74.832000E-06,-1.407035186887E+00
+74.840000E-06,-1.608040210727E+00
+74.848000E-06,-1.407035189745E+00
+74.856000E-06,-1.608040210727E+00
+74.864000E-06,-1.407035189745E+00
+74.872000E-06,-1.608040210727E+00
+74.880000E-06,-1.608040213585E+00
+74.888000E-06,-1.407035189745E+00
+74.896000E-06,-1.407035186887E+00
+74.904000E-06,-1.407035186887E+00
+74.912000E-06,-1.608040210727E+00
+74.920000E-06,-1.407035189745E+00
+74.928000E-06,-1.407035186887E+00
+74.936000E-06,-1.407035186887E+00
+74.944000E-06,-1.407035186887E+00
+74.952000E-06,-1.608040210729E+00
+74.960000E-06,-1.608040213585E+00
+74.968000E-06,-1.407035189743E+00
+74.976000E-06,-1.407035186887E+00
+74.984000E-06,-1.407035186887E+00
+74.992000E-06,-1.407035186887E+00
+75.000000E-06,-1.407035186887E+00
+75.008000E-06,-1.407035186887E+00
+75.016000E-06,-1.608040210729E+00
+75.024000E-06,-1.407035189743E+00
+75.032000E-06,-1.407035186887E+00
+75.040000E-06,-1.407035186887E+00
+75.048000E-06,-1.608040210730E+00
+75.056000E-06,-1.608040213585E+00
+75.064000E-06,-1.407035189742E+00
+75.072000E-06,-1.407035186887E+00
+75.080000E-06,-1.407035186887E+00
+75.088000E-06,-1.407035186887E+00
+75.096000E-06,-1.407035186887E+00
+75.104000E-06,-1.407035186887E+00
+75.112000E-06,-1.407035186887E+00
+75.120000E-06,-1.407035186887E+00
+75.128000E-06,-1.407035186887E+00
+75.136000E-06,-1.407035186887E+00
+75.144000E-06,-1.407035186887E+00
+75.152000E-06,-1.407035186887E+00
+75.160000E-06,-1.407035186887E+00
+75.168000E-06,-1.608040210730E+00
+75.176000E-06,-1.407035189742E+00
+75.184000E-06,-1.407035186887E+00
+75.192000E-06,-1.407035186887E+00
+75.200000E-06,-1.407035186887E+00
+75.208000E-06,-1.407035186887E+00
+75.216000E-06,-1.407035186887E+00
+75.224000E-06,-1.407035186887E+00
+75.232000E-06,-1.407035186887E+00
+75.240000E-06,-1.206030163042E+00
+75.248000E-06,-1.407035184033E+00
+75.256000E-06,-1.206030163042E+00
+75.264000E-06,-1.407035184033E+00
+75.272000E-06,-1.407035186887E+00
+75.280000E-06,-1.407035186887E+00
+75.288000E-06,-1.206030163041E+00
+75.296000E-06,-1.407035184035E+00
+75.304000E-06,-1.407035186887E+00
+75.312000E-06,-1.407035186887E+00
+75.320000E-06,-1.407035186887E+00
+75.328000E-06,-1.407035186887E+00
+75.336000E-06,-1.407035186887E+00
+75.344000E-06,-1.407035186887E+00
+75.352000E-06,-1.407035186887E+00
+75.360000E-06,-1.407035186887E+00
+75.368000E-06,-1.407035186887E+00
+75.376000E-06,-1.407035186887E+00
+75.384000E-06,-1.407035186887E+00
+75.392000E-06,-1.407035186887E+00
+75.400000E-06,-1.407035186887E+00
+75.408000E-06,-1.407035186887E+00
+75.416000E-06,-1.206030163039E+00
+75.424000E-06,-1.206030160189E+00
+75.432000E-06,-1.407035184036E+00
+75.440000E-06,-1.206030163039E+00
+75.448000E-06,-1.407035184036E+00
+75.456000E-06,-1.407035186887E+00
+75.464000E-06,-1.206030163039E+00
+75.472000E-06,-1.407035184036E+00
+75.480000E-06,-1.206030163039E+00
+75.488000E-06,-1.206030160189E+00
+75.496000E-06,-1.206030160189E+00
+75.504000E-06,-1.407035184038E+00
+75.512000E-06,-1.407035186887E+00
+75.520000E-06,-1.206030163038E+00
+75.528000E-06,-1.407035184038E+00
+75.536000E-06,-1.206030163038E+00
+75.544000E-06,-1.407035184038E+00
+75.552000E-06,-1.407035186887E+00
+75.560000E-06,-1.608040210736E+00
+75.568000E-06,-1.206030165887E+00
+75.576000E-06,-1.206030160189E+00
+75.584000E-06,-1.206030160189E+00
+75.592000E-06,-1.407035184038E+00
+75.600000E-06,-1.407035186887E+00
+75.608000E-06,-1.206030163038E+00
+75.616000E-06,-1.206030160189E+00
+75.624000E-06,-1.407035184038E+00
+75.632000E-06,-1.206030163038E+00
+75.640000E-06,-1.407035184038E+00
+75.648000E-06,-1.407035186887E+00
+75.656000E-06,-1.206030163036E+00
+75.664000E-06,-1.407035184039E+00
+75.672000E-06,-1.206030163036E+00
+75.680000E-06,-1.206030160189E+00
+75.688000E-06,-1.407035184039E+00
+75.696000E-06,-1.206030163036E+00
+75.704000E-06,-1.206030160189E+00
+75.712000E-06,-1.206030160189E+00
+75.720000E-06,-1.407035184039E+00
+75.728000E-06,-1.206030163036E+00
+75.736000E-06,-1.206030160189E+00
+75.744000E-06,-1.206030160189E+00
+75.752000E-06,-1.206030160189E+00
+75.760000E-06,-1.206030160189E+00
+75.768000E-06,-1.407035184041E+00
+75.776000E-06,-1.206030163035E+00
+75.784000E-06,-1.206030160189E+00
+75.792000E-06,-1.206030160189E+00
+75.800000E-06,-1.206030160189E+00
+75.808000E-06,-1.206030160189E+00
+75.816000E-06,-1.206030160189E+00
+75.824000E-06,-1.206030160189E+00
+75.832000E-06,-1.407035184041E+00
+75.840000E-06,-1.407035186887E+00
+75.848000E-06,-1.206030163035E+00
+75.856000E-06,-1.206030160189E+00
+75.864000E-06,-1.407035184041E+00
+75.872000E-06,-1.206030163035E+00
+75.880000E-06,-1.206030160189E+00
+75.888000E-06,-1.206030160189E+00
+75.896000E-06,-1.407035184042E+00
+75.904000E-06,-1.206030163033E+00
+75.912000E-06,-1.206030160189E+00
+75.920000E-06,-1.206030160189E+00
+75.928000E-06,-1.206030160189E+00
+75.936000E-06,-1.206030160189E+00
+75.944000E-06,-1.206030160189E+00
+75.952000E-06,-1.206030160189E+00
+75.960000E-06,-1.206030160189E+00
+75.968000E-06,-1.206030160189E+00
+75.976000E-06,-1.206030160189E+00
+75.984000E-06,-1.206030160189E+00
+75.992000E-06,-1.206030160189E+00
+76.000000E-06,-1.206030160189E+00
+76.008000E-06,-1.206030160189E+00
+76.016000E-06,-1.206030160189E+00
+76.024000E-06,-1.206030160189E+00
+76.032000E-06,-1.206030160189E+00
+76.040000E-06,-1.206030160189E+00
+76.048000E-06,-1.206030160189E+00
+76.056000E-06,-1.005025136334E+00
+76.064000E-06,-1.206030157346E+00
+76.072000E-06,-1.206030160189E+00
+76.080000E-06,-1.206030160189E+00
+76.088000E-06,-1.206030160189E+00
+76.096000E-06,-1.206030160189E+00
+76.104000E-06,-1.206030160189E+00
+76.112000E-06,-1.206030160189E+00
+76.120000E-06,-1.206030160189E+00
+76.128000E-06,-1.005025136332E+00
+76.136000E-06,-1.206030157347E+00
+76.144000E-06,-1.206030160189E+00
+76.152000E-06,-1.206030160189E+00
+76.160000E-06,-1.206030160189E+00
+76.168000E-06,-1.206030160189E+00
+76.176000E-06,-1.005025136332E+00
+76.184000E-06,-1.005025133491E+00
+76.192000E-06,-1.206030157347E+00
+76.200000E-06,-1.206030160189E+00
+76.208000E-06,-1.005025136331E+00
+76.216000E-06,-1.005025133491E+00
+76.224000E-06,-1.206030157348E+00
+76.232000E-06,-1.005025136331E+00
+76.240000E-06,-1.206030157348E+00
+76.248000E-06,-1.005025136331E+00
+76.256000E-06,-1.005025133491E+00
+76.264000E-06,-1.005025133491E+00
+76.272000E-06,-1.005025133491E+00
+76.280000E-06,-1.005025133491E+00
+76.288000E-06,-1.005025133491E+00
+76.296000E-06,-1.206030157348E+00
+76.304000E-06,-1.206030160189E+00
+76.312000E-06,-1.005025136331E+00
+76.320000E-06,-1.005025133491E+00
+76.328000E-06,-1.005025133491E+00
+76.336000E-06,-1.005025133491E+00
+76.344000E-06,-1.206030157348E+00
+76.352000E-06,-1.005025136329E+00
+76.360000E-06,-1.005025133491E+00
+76.368000E-06,-1.206030157350E+00
+76.376000E-06,-1.005025136329E+00
+76.384000E-06,-1.206030157350E+00
+76.392000E-06,-1.005025136329E+00
+76.400000E-06,-1.206030157350E+00
+76.408000E-06,-1.005025136329E+00
+76.416000E-06,-1.005025133491E+00
+76.424000E-06,-1.005025133491E+00
+76.432000E-06,-1.005025133491E+00
+76.440000E-06,-1.005025133491E+00
+76.448000E-06,-1.005025133491E+00
+76.456000E-06,-1.005025133491E+00
+76.464000E-06,-1.005025133491E+00
+76.472000E-06,-1.005025133491E+00
+76.480000E-06,-1.005025133491E+00
+76.488000E-06,-1.005025133491E+00
+76.496000E-06,-1.005025133491E+00
+76.504000E-06,-1.005025133491E+00
+76.512000E-06,-1.005025133491E+00
+76.520000E-06,-1.005025133491E+00
+76.528000E-06,-1.005025133491E+00
+76.536000E-06,-1.005025133491E+00
+76.544000E-06,-1.005025133491E+00
+76.552000E-06,-1.005025133491E+00
+76.560000E-06,-1.005025133491E+00
+76.568000E-06,-1.206030157351E+00
+76.576000E-06,-1.005025136328E+00
+76.584000E-06,-1.206030157353E+00
+76.592000E-06,-1.005025136326E+00
+76.600000E-06,-1.005025133491E+00
+76.608000E-06,-1.005025133491E+00
+76.616000E-06,-1.005025133491E+00
+76.624000E-06,-1.005025133491E+00
+76.632000E-06,-1.005025133491E+00
+76.640000E-06,-1.005025133491E+00
+76.648000E-06,-1.005025133491E+00
+76.656000E-06,-1.005025133491E+00
+76.664000E-06,-1.005025133491E+00
+76.672000E-06,-804.020109627E-03
+76.680000E-06,-804.020106792E-03
+76.688000E-06,-1.005025130656E+00
+76.696000E-06,-1.005025133491E+00
+76.704000E-06,-1.005025133491E+00
+76.712000E-06,-1.005025133491E+00
+76.720000E-06,-1.005025133491E+00
+76.728000E-06,-1.005025133491E+00
+76.736000E-06,-1.005025133491E+00
+76.744000E-06,-1.005025133491E+00
+76.752000E-06,-1.005025133491E+00
+76.760000E-06,-1.005025133491E+00
+76.768000E-06,-1.005025133491E+00
+76.776000E-06,-1.005025133491E+00
+76.784000E-06,-804.020109627E-03
+76.792000E-06,-1.005025130656E+00
+76.800000E-06,-1.005025133491E+00
+76.808000E-06,-1.005025133491E+00
+76.816000E-06,-1.005025133491E+00
+76.824000E-06,-804.020109625E-03
+76.832000E-06,-1.005025130658E+00
+76.840000E-06,-1.005025133491E+00
+76.848000E-06,-1.005025133491E+00
+76.856000E-06,-804.020109625E-03
+76.864000E-06,-1.005025130658E+00
+76.872000E-06,-1.005025133491E+00
+76.880000E-06,-804.020109625E-03
+76.888000E-06,-1.005025130658E+00
+76.896000E-06,-804.020109625E-03
+76.904000E-06,-804.020106792E-03
+76.912000E-06,-804.020106792E-03
+76.920000E-06,-1.005025130659E+00
+76.928000E-06,-804.020109624E-03
+76.936000E-06,-1.005025130659E+00
+76.944000E-06,-1.005025133491E+00
+76.952000E-06,-1.005025133491E+00
+76.960000E-06,-804.020109624E-03
+76.968000E-06,-804.020106792E-03
+76.976000E-06,-804.020106792E-03
+76.984000E-06,-804.020106792E-03
+76.992000E-06,-1.005025130659E+00
+77.000000E-06,-804.020109624E-03
+77.008000E-06,-804.020106792E-03
+77.016000E-06,-804.020106792E-03
+77.024000E-06,-804.020106792E-03
+77.032000E-06,-804.020106792E-03
+77.040000E-06,-804.020106792E-03
+77.048000E-06,-1.005025130661E+00
+77.056000E-06,-804.020109622E-03
+77.064000E-06,-1.005025130661E+00
+77.072000E-06,-804.020109622E-03
+77.080000E-06,-804.020106792E-03
+77.088000E-06,-804.020106792E-03
+77.096000E-06,-804.020106792E-03
+77.104000E-06,-804.020106792E-03
+77.112000E-06,-1.005025130661E+00
+77.120000E-06,-804.020109622E-03
+77.128000E-06,-804.020106792E-03
+77.136000E-06,-804.020106792E-03
+77.144000E-06,-804.020106792E-03
+77.152000E-06,-804.020106792E-03
+77.160000E-06,-804.020106792E-03
+77.168000E-06,-804.020106792E-03
+77.176000E-06,-804.020106792E-03
+77.184000E-06,-804.020106792E-03
+77.192000E-06,-804.020106792E-03
+77.200000E-06,-804.020106792E-03
+77.208000E-06,-1.005025130662E+00
+77.216000E-06,-804.020109621E-03
+77.224000E-06,-804.020106792E-03
+77.232000E-06,-804.020106792E-03
+77.240000E-06,-804.020106792E-03
+77.248000E-06,-804.020106792E-03
+77.256000E-06,-804.020106792E-03
+77.264000E-06,-804.020106792E-03
+77.272000E-06,-804.020106792E-03
+77.280000E-06,-603.015082921E-03
+77.288000E-06,-804.020103965E-03
+77.296000E-06,-804.020106792E-03
+77.304000E-06,-804.020106792E-03
+77.312000E-06,-804.020106792E-03
+77.320000E-06,-804.020106792E-03
+77.328000E-06,-804.020106792E-03
+77.336000E-06,-804.020106792E-03
+77.344000E-06,-804.020106792E-03
+77.352000E-06,-804.020106792E-03
+77.360000E-06,-804.020106792E-03
+77.368000E-06,-804.020106792E-03
+77.376000E-06,-804.020106792E-03
+77.384000E-06,-804.020106792E-03
+77.392000E-06,-603.015082920E-03
+77.400000E-06,-804.020103967E-03
+77.408000E-06,-804.020106792E-03
+77.416000E-06,-603.015082920E-03
+77.424000E-06,-603.015080094E-03
+77.432000E-06,-804.020103967E-03
+77.440000E-06,-603.015082920E-03
+77.448000E-06,-603.015080094E-03
+77.456000E-06,-603.015080094E-03
+77.464000E-06,-804.020103967E-03
+77.472000E-06,-603.015082920E-03
+77.480000E-06,-603.015080094E-03
+77.488000E-06,-804.020103967E-03
+77.496000E-06,-603.015082920E-03
+77.504000E-06,-804.020103967E-03
+77.512000E-06,-804.020106792E-03
+77.520000E-06,-603.015082918E-03
+77.528000E-06,-804.020103968E-03
+77.536000E-06,-603.015082918E-03
+77.544000E-06,-603.015080094E-03
+77.552000E-06,-603.015080094E-03
+77.560000E-06,-804.020103968E-03
+77.568000E-06,-804.020106792E-03
+77.576000E-06,-603.015082918E-03
+77.584000E-06,-603.015080094E-03
+77.592000E-06,-603.015080094E-03
+77.600000E-06,-603.015080094E-03
+77.608000E-06,-804.020103970E-03
+77.616000E-06,-804.020106792E-03
+77.624000E-06,-603.015082917E-03
+77.632000E-06,-603.015080094E-03
+77.640000E-06,-603.015080094E-03
+77.648000E-06,-603.015080094E-03
+77.656000E-06,-603.015080094E-03
+77.664000E-06,-603.015080094E-03
+77.672000E-06,-603.015080094E-03
+77.680000E-06,-603.015080094E-03
+77.688000E-06,-804.020103970E-03
+77.696000E-06,-603.015082917E-03
+77.704000E-06,-603.015080094E-03
+77.712000E-06,-603.015080094E-03
+77.720000E-06,-603.015080094E-03
+77.728000E-06,-603.015080094E-03
+77.736000E-06,-804.020103970E-03
+77.744000E-06,-804.020106792E-03
+77.752000E-06,-603.015082916E-03
+77.760000E-06,-603.015080094E-03
+77.768000E-06,-603.015080094E-03
+77.776000E-06,-603.015080094E-03
+77.784000E-06,-603.015080094E-03
+77.792000E-06,-603.015080094E-03
+77.800000E-06,-402.010056217E-03
+77.808000E-06,-402.010053396E-03
+77.816000E-06,-603.015077273E-03
+77.824000E-06,-603.015080094E-03
+77.832000E-06,-603.015080094E-03
+77.840000E-06,-603.015080094E-03
+77.848000E-06,-603.015080094E-03
+77.856000E-06,-603.015080094E-03
+77.864000E-06,-603.015080094E-03
+77.872000E-06,-603.015080094E-03
+77.880000E-06,-603.015080094E-03
+77.888000E-06,-603.015080094E-03
+77.896000E-06,-603.015080094E-03
+77.904000E-06,-603.015080094E-03
+77.912000E-06,-603.015080094E-03
+77.920000E-06,-603.015080094E-03
+77.928000E-06,-603.015080094E-03
+77.936000E-06,-402.010056216E-03
+77.944000E-06,-603.015077275E-03
+77.952000E-06,-603.015080094E-03
+77.960000E-06,-402.010056216E-03
+77.968000E-06,-603.015077275E-03
+77.976000E-06,-603.015080094E-03
+77.984000E-06,-402.010056214E-03
+77.992000E-06,-603.015077276E-03
+78.000000E-06,-603.015080094E-03
+78.008000E-06,-402.010056214E-03
+78.016000E-06,-603.015077276E-03
+78.024000E-06,-603.015080094E-03
+78.032000E-06,-402.010056214E-03
+78.040000E-06,-402.010053396E-03
+78.048000E-06,-402.010053396E-03
+78.056000E-06,-402.010053396E-03
+78.064000E-06,-402.010053396E-03
+78.072000E-06,-402.010053396E-03
+78.080000E-06,-402.010053396E-03
+78.088000E-06,-603.015077278E-03
+78.096000E-06,-603.015080094E-03
+78.104000E-06,-603.015080094E-03
+78.112000E-06,-402.010056213E-03
+78.120000E-06,-402.010053396E-03
+78.128000E-06,-402.010053396E-03
+78.136000E-06,-402.010053396E-03
+78.144000E-06,-402.010053396E-03
+78.152000E-06,-402.010053396E-03
+78.160000E-06,-603.015077278E-03
+78.168000E-06,-402.010056213E-03
+78.176000E-06,-402.010053396E-03
+78.184000E-06,-402.010053396E-03
+78.192000E-06,-402.010053396E-03
+78.200000E-06,-402.010053396E-03
+78.208000E-06,-402.010053396E-03
+78.216000E-06,-402.010053396E-03
+78.224000E-06,-402.010053396E-03
+78.232000E-06,-402.010053396E-03
+78.240000E-06,-402.010053396E-03
+78.248000E-06,-402.010053396E-03
+78.256000E-06,-402.010053396E-03
+78.264000E-06,-402.010053396E-03
+78.272000E-06,-402.010053396E-03
+78.280000E-06,-402.010053396E-03
+78.288000E-06,-402.010053396E-03
+78.296000E-06,-402.010053396E-03
+78.304000E-06,-402.010053396E-03
+78.312000E-06,-402.010053396E-03
+78.320000E-06,-402.010053396E-03
+78.328000E-06,-402.010053396E-03
+78.336000E-06,-402.010053396E-03
+78.344000E-06,-402.010053396E-03
+78.352000E-06,-402.010053396E-03
+78.360000E-06,-402.010053396E-03
+78.368000E-06,-402.010053396E-03
+78.376000E-06,-402.010053396E-03
+78.384000E-06,-402.010053396E-03
+78.392000E-06,-402.010053396E-03
+78.400000E-06,-402.010053396E-03
+78.408000E-06,-402.010053396E-03
+78.416000E-06,-402.010053396E-03
+78.424000E-06,-402.010053396E-03
+78.432000E-06,-402.010053396E-03
+78.440000E-06,-402.010053396E-03
+78.448000E-06,-402.010053396E-03
+78.456000E-06,-402.010053396E-03
+78.464000E-06,-402.010053396E-03
+78.472000E-06,-402.010053396E-03
+78.480000E-06,-201.005029511E-03
+78.488000E-06,-402.010050584E-03
+78.496000E-06,-402.010053396E-03
+78.504000E-06,-402.010053396E-03
+78.512000E-06,-402.010053396E-03
+78.520000E-06,-201.005029511E-03
+78.528000E-06,-402.010050584E-03
+78.536000E-06,-402.010053396E-03
+78.544000E-06,-201.005029509E-03
+78.552000E-06,-402.010050585E-03
+78.560000E-06,-201.005029509E-03
+78.568000E-06,-402.010050585E-03
+78.576000E-06,-201.005029509E-03
+78.584000E-06,-402.010050585E-03
+78.592000E-06,-201.005029509E-03
+78.600000E-06,-402.010050585E-03
+78.608000E-06,-201.005029509E-03
+78.616000E-06,-402.010050585E-03
+78.624000E-06,-201.005029509E-03
+78.632000E-06,-402.010050585E-03
+78.640000E-06,-402.010053396E-03
+78.648000E-06,-201.005029509E-03
+78.656000E-06,-201.005026698E-03
+78.664000E-06,-201.005026698E-03
+78.672000E-06,-201.005026698E-03
+78.680000E-06,-402.010050585E-03
+78.688000E-06,-402.010053396E-03
+78.696000E-06,-201.005029508E-03
+78.704000E-06,-201.005026698E-03
+78.712000E-06,-201.005026698E-03
+78.720000E-06,-201.005026698E-03
+78.728000E-06,-201.005026698E-03
+78.736000E-06,-402.010050587E-03
+78.744000E-06,-402.010053396E-03
+78.752000E-06,-201.005029508E-03
+78.760000E-06,-402.010050587E-03
+78.768000E-06,-201.005029506E-03
+78.776000E-06,-201.005026698E-03
+78.784000E-06,-201.005026698E-03
+78.792000E-06,-402.010050588E-03
+78.800000E-06,-402.010053396E-03
+78.808000E-06,-201.005029506E-03
+78.816000E-06,-201.005026698E-03
+78.824000E-06,-201.005026698E-03
+78.832000E-06,-201.005026698E-03
+78.840000E-06,-201.005026698E-03
+78.848000E-06,-201.005026698E-03
+78.856000E-06,-201.005026698E-03
+78.864000E-06,-201.005026698E-03
+78.872000E-06,-201.005026698E-03
+78.880000E-06,-201.005026698E-03
+78.888000E-06,-201.005026698E-03
+78.896000E-06,-402.010050588E-03
+78.904000E-06,-201.005029506E-03
+78.912000E-06,-201.005026698E-03
+78.920000E-06,-201.005026698E-03
+78.928000E-06,-201.005026698E-03
+78.936000E-06,-201.005026698E-03
+78.944000E-06,-201.005026698E-03
+78.952000E-06,-201.005026698E-03
+78.960000E-06,-201.005026698E-03
+78.968000E-06,-201.005026698E-03
+78.976000E-06,-201.005026698E-03
+78.984000E-06,-201.005026698E-03
+78.992000E-06,-201.005026698E-03
+79.000000E-06,-201.005026698E-03
+79.008000E-06,-2.805E-09
+79.016000E-06,-201.005023893E-03
+79.024000E-06,-201.005026698E-03
+79.032000E-06,-201.005026698E-03
+79.040000E-06,-201.005026698E-03
+79.048000E-06,-201.005026698E-03
+79.056000E-06,-201.005026698E-03
+79.064000E-06,-201.005026698E-03
+79.072000E-06,-201.005026698E-03
+79.080000E-06,-201.005026698E-03
+79.088000E-06,-201.005026698E-03
+79.096000E-06,-201.005026698E-03
+79.104000E-06,-2.805E-09
+79.112000E-06,-201.005023893E-03
+79.120000E-06,-201.005026698E-03
+79.128000E-06,-2.805E-09
+79.136000E-06,-201.005023893E-03
+79.144000E-06,-201.005026698E-03
+79.152000E-06,-2.804E-09
+79.160000E-06,+0.0E+00
+79.168000E-06,-201.005023894E-03
+79.176000E-06,-201.005026698E-03
+79.184000E-06,-201.005026698E-03
+79.192000E-06,-201.005026698E-03
+79.200000E-06,-201.005026698E-03
+79.208000E-06,-2.804E-09
+79.216000E-06,+0.0E+00
+79.224000E-06,-201.005023894E-03
+79.232000E-06,-2.804E-09
+79.240000E-06,-201.005023896E-03
+79.248000E-06,-2.802E-09
+79.256000E-06,+0.0E+00
+79.264000E-06,-201.005023896E-03
+79.272000E-06,-201.005026698E-03
+79.280000E-06,-2.802E-09
+79.288000E-06,-201.005023896E-03
+79.296000E-06,-201.005026698E-03
+79.304000E-06,-201.005026698E-03
+79.312000E-06,-2.802E-09
+79.320000E-06,+0.0E+00
+79.328000E-06,+0.0E+00
+79.336000E-06,+0.0E+00
+79.344000E-06,-201.005023896E-03
+79.352000E-06,-201.005026698E-03
+79.360000E-06,-201.005026698E-03
+79.368000E-06,-2.802E-09
+79.376000E-06,-201.005023896E-03
+79.384000E-06,-2.801E-09
+79.392000E-06,+0.0E+00
+79.400000E-06,+0.0E+00
+79.408000E-06,+0.0E+00
+79.416000E-06,-201.005023897E-03
+79.424000E-06,-201.005026698E-03
+79.432000E-06,-2.801E-09
+79.440000E-06,-201.005023897E-03
+79.448000E-06,-201.005026698E-03
+79.456000E-06,-2.801E-09
+79.464000E-06,-201.005023897E-03
+79.472000E-06,-2.799E-09
+79.480000E-06,+0.0E+00
+79.488000E-06,-201.005023899E-03
+79.496000E-06,-2.799E-09
+79.504000E-06,+0.0E+00
+79.512000E-06,+0.0E+00
+79.520000E-06,+201.005023899E-03
+79.528000E-06,+2.799E-09
+79.536000E-06,+0.0E+00
+79.544000E-06,+0.0E+00
+79.552000E-06,+0.0E+00
+79.560000E-06,+201.005023899E-03
+79.568000E-06,+201.005026698E-03
+79.576000E-06,+2.799E-09
+79.584000E-06,+0.0E+00
+79.592000E-06,+0.0E+00
+79.600000E-06,+0.0E+00
+79.608000E-06,+0.0E+00
+79.616000E-06,+0.0E+00
+79.624000E-06,+0.0E+00
+79.632000E-06,+0.0E+00
+79.640000E-06,+0.0E+00
+79.648000E-06,-201.005023900E-03
+79.656000E-06,-2.798E-09
+79.664000E-06,+0.0E+00
+79.672000E-06,+0.0E+00
+79.680000E-06,+0.0E+00
+79.688000E-06,+0.0E+00
+79.696000E-06,+0.0E+00
+79.704000E-06,+0.0E+00
+79.712000E-06,+0.0E+00
+79.720000E-06,+0.0E+00
+79.728000E-06,+0.0E+00
+79.736000E-06,+0.0E+00
+79.744000E-06,+0.0E+00
+79.752000E-06,+0.0E+00
+79.760000E-06,+201.005023902E-03
+79.768000E-06,+2.796E-09
+79.776000E-06,+0.0E+00
+79.784000E-06,+0.0E+00
+79.792000E-06,+0.0E+00
+79.800000E-06,+201.005023902E-03
+79.808000E-06,+201.005026698E-03
+79.816000E-06,+2.796E-09
+79.824000E-06,+0.0E+00
+79.832000E-06,+0.0E+00
+79.840000E-06,+0.0E+00
+79.848000E-06,+0.0E+00
+79.856000E-06,+0.0E+00
+79.864000E-06,+0.0E+00
+79.872000E-06,+201.005023903E-03
+79.880000E-06,+2.795E-09
+79.888000E-06,+0.0E+00
+79.896000E-06,+201.005023903E-03
+79.904000E-06,+2.795E-09
+79.912000E-06,+0.0E+00
+79.920000E-06,+0.0E+00
+79.928000E-06,+0.0E+00
+79.936000E-06,+0.0E+00
+79.944000E-06,+0.0E+00
+79.952000E-06,+201.005023905E-03
+79.960000E-06,+201.005026698E-03
+79.968000E-06,+2.793E-09
+79.976000E-06,+0.0E+00
+79.984000E-06,+0.0E+00
+79.992000E-06,+0.0E+00
+80.000000E-06,+0.0E+00
+80.008000E-06,+0.0E+00
+80.016000E-06,+0.0E+00
+80.024000E-06,+0.0E+00
+80.032000E-06,+0.0E+00
+80.040000E-06,+0.0E+00
+80.048000E-06,+0.0E+00
+80.056000E-06,+201.005023905E-03
+80.064000E-06,+2.793E-09
+80.072000E-06,+0.0E+00
+80.080000E-06,+0.0E+00
+80.088000E-06,+201.005023906E-03
+80.096000E-06,+201.005026698E-03
+80.104000E-06,+201.005026698E-03
+80.112000E-06,+2.792E-09
+80.120000E-06,+0.0E+00
+80.128000E-06,+201.005023906E-03
+80.136000E-06,+2.792E-09
+80.144000E-06,+201.005023906E-03
+80.152000E-06,+201.005026698E-03
+80.160000E-06,+201.005026698E-03
+80.168000E-06,+201.005026698E-03
+80.176000E-06,+2.790E-09
+80.184000E-06,+201.005023908E-03
+80.192000E-06,+201.005026698E-03
+80.200000E-06,+201.005026698E-03
+80.208000E-06,+201.005026698E-03
+80.216000E-06,+2.790E-09
+80.224000E-06,+0.0E+00
+80.232000E-06,+0.0E+00
+80.240000E-06,+0.0E+00
+80.248000E-06,+201.005023908E-03
+80.256000E-06,+2.790E-09
+80.264000E-06,+201.005023908E-03
+80.272000E-06,+201.005026698E-03
+80.280000E-06,+201.005026698E-03
+80.288000E-06,+201.005026698E-03
+80.296000E-06,+201.005026698E-03
+80.304000E-06,+201.005026698E-03
+80.312000E-06,+201.005026698E-03
+80.320000E-06,+201.005026698E-03
+80.328000E-06,+201.005026698E-03
+80.336000E-06,+201.005026698E-03
+80.344000E-06,+201.005026698E-03
+80.352000E-06,+201.005026698E-03
+80.360000E-06,+201.005026698E-03
+80.368000E-06,+201.005026698E-03
+80.376000E-06,+201.005026698E-03
+80.384000E-06,+201.005026698E-03
+80.392000E-06,+201.005026698E-03
+80.400000E-06,+201.005026698E-03
+80.408000E-06,+201.005026698E-03
+80.416000E-06,+201.005026698E-03
+80.424000E-06,+201.005026698E-03
+80.432000E-06,+201.005026698E-03
+80.440000E-06,+201.005026698E-03
+80.448000E-06,+201.005026698E-03
+80.456000E-06,+201.005026698E-03
+80.464000E-06,+201.005026698E-03
+80.472000E-06,+201.005026698E-03
+80.480000E-06,+201.005026698E-03
+80.488000E-06,+2.788E-09
+80.496000E-06,+201.005023911E-03
+80.504000E-06,+201.005026698E-03
+80.512000E-06,+201.005026698E-03
+80.520000E-06,+201.005026698E-03
+80.528000E-06,+201.005026698E-03
+80.536000E-06,+201.005026698E-03
+80.544000E-06,+201.005026698E-03
+80.552000E-06,+201.005026698E-03
+80.560000E-06,+201.005026698E-03
+80.568000E-06,+201.005026698E-03
+80.576000E-06,+201.005026698E-03
+80.584000E-06,+201.005026698E-03
+80.592000E-06,+201.005026698E-03
+80.600000E-06,+201.005026698E-03
+80.608000E-06,+201.005026698E-03
+80.616000E-06,+201.005026698E-03
+80.624000E-06,+201.005026698E-03
+80.632000E-06,+201.005026698E-03
+80.640000E-06,+201.005026698E-03
+80.648000E-06,+201.005026698E-03
+80.656000E-06,+402.010050612E-03
+80.664000E-06,+201.005029483E-03
+80.672000E-06,+201.005026698E-03
+80.680000E-06,+201.005026698E-03
+80.688000E-06,+201.005026698E-03
+80.696000E-06,+201.005026698E-03
+80.704000E-06,+201.005026698E-03
+80.712000E-06,+201.005026698E-03
+80.720000E-06,+201.005026698E-03
+80.728000E-06,+201.005026698E-03
+80.736000E-06,+201.005026698E-03
+80.744000E-06,+201.005026698E-03
+80.752000E-06,+201.005026698E-03
+80.760000E-06,+201.005026698E-03
+80.768000E-06,+201.005026698E-03
+80.776000E-06,+201.005026698E-03
+80.784000E-06,+201.005026698E-03
+80.792000E-06,+201.005026698E-03
+80.800000E-06,+402.010050613E-03
+80.808000E-06,+201.005029481E-03
+80.816000E-06,+201.005026698E-03
+80.824000E-06,+201.005026698E-03
+80.832000E-06,+201.005026698E-03
+80.840000E-06,+201.005026698E-03
+80.848000E-06,+201.005026698E-03
+80.856000E-06,+201.005026698E-03
+80.864000E-06,+201.005026698E-03
+80.872000E-06,+201.005026698E-03
+80.880000E-06,+402.010050615E-03
+80.888000E-06,+201.005029480E-03
+80.896000E-06,+201.005026698E-03
+80.904000E-06,+402.010050615E-03
+80.912000E-06,+402.010053396E-03
+80.920000E-06,+201.005029480E-03
+80.928000E-06,+402.010050615E-03
+80.936000E-06,+402.010053396E-03
+80.944000E-06,+201.005029480E-03
+80.952000E-06,+402.010050615E-03
+80.960000E-06,+201.005029480E-03
+80.968000E-06,+201.005026698E-03
+80.976000E-06,+201.005026698E-03
+80.984000E-06,+201.005026698E-03
+80.992000E-06,+201.005026698E-03
+81.000000E-06,+201.005026698E-03
+81.008000E-06,+201.005026698E-03
+81.016000E-06,+402.010050616E-03
+81.024000E-06,+402.010053396E-03
+81.032000E-06,+201.005029478E-03
+81.040000E-06,+402.010050616E-03
+81.048000E-06,+402.010053396E-03
+81.056000E-06,+402.010053396E-03
+81.064000E-06,+201.005029478E-03
+81.072000E-06,+402.010050616E-03
+81.080000E-06,+201.005029478E-03
+81.088000E-06,+201.005026698E-03
+81.096000E-06,+201.005026698E-03
+81.104000E-06,+201.005026698E-03
+81.112000E-06,+201.005026698E-03
+81.120000E-06,+402.010050617E-03
+81.128000E-06,+201.005029477E-03
+81.136000E-06,+201.005026698E-03
+81.144000E-06,+201.005026698E-03
+81.152000E-06,+402.010050617E-03
+81.160000E-06,+201.005029477E-03
+81.168000E-06,+402.010050617E-03
+81.176000E-06,+402.010053396E-03
+81.184000E-06,+402.010053396E-03
+81.192000E-06,+402.010053396E-03
+81.200000E-06,+201.005029477E-03
+81.208000E-06,+201.005026698E-03
+81.216000E-06,+201.005026698E-03
+81.224000E-06,+201.005026698E-03
+81.232000E-06,+201.005026698E-03
+81.240000E-06,+201.005026698E-03
+81.248000E-06,+201.005026698E-03
+81.256000E-06,+201.005026698E-03
+81.264000E-06,+402.010050619E-03
+81.272000E-06,+402.010053396E-03
+81.280000E-06,+201.005029475E-03
+81.288000E-06,+201.005026698E-03
+81.296000E-06,+402.010050619E-03
+81.304000E-06,+201.005029475E-03
+81.312000E-06,+201.005026698E-03
+81.320000E-06,+402.010050619E-03
+81.328000E-06,+402.010053396E-03
+81.336000E-06,+402.010053396E-03
+81.344000E-06,+201.005029474E-03
+81.352000E-06,+201.005026698E-03
+81.360000E-06,+402.010050620E-03
+81.368000E-06,+402.010053396E-03
+81.376000E-06,+402.010053396E-03
+81.384000E-06,+402.010053396E-03
+81.392000E-06,+402.010053396E-03
+81.400000E-06,+201.005029474E-03
+81.408000E-06,+402.010050620E-03
+81.416000E-06,+201.005029474E-03
+81.424000E-06,+201.005026698E-03
+81.432000E-06,+402.010050620E-03
+81.440000E-06,+402.010053396E-03
+81.448000E-06,+402.010053396E-03
+81.456000E-06,+402.010053396E-03
+81.464000E-06,+201.005029474E-03
+81.472000E-06,+402.010050620E-03
+81.480000E-06,+402.010053396E-03
+81.488000E-06,+402.010053396E-03
+81.496000E-06,+402.010053396E-03
+81.504000E-06,+402.010053396E-03
+81.512000E-06,+402.010053396E-03
+81.520000E-06,+201.005029472E-03
+81.528000E-06,+402.010050622E-03
+81.536000E-06,+402.010053396E-03
+81.544000E-06,+402.010053396E-03
+81.552000E-06,+402.010053396E-03
+81.560000E-06,+402.010053396E-03
+81.568000E-06,+201.005029472E-03
+81.576000E-06,+402.010050623E-03
+81.584000E-06,+402.010053396E-03
+81.592000E-06,+402.010053396E-03
+81.600000E-06,+201.005029471E-03
+81.608000E-06,+402.010050623E-03
+81.616000E-06,+402.010053396E-03
+81.624000E-06,+402.010053396E-03
+81.632000E-06,+402.010053396E-03
+81.640000E-06,+402.010053396E-03
+81.648000E-06,+402.010053396E-03
+81.656000E-06,+402.010053396E-03
+81.664000E-06,+402.010053396E-03
+81.672000E-06,+201.005029471E-03
+81.680000E-06,+402.010050623E-03
+81.688000E-06,+402.010053396E-03
+81.696000E-06,+201.005029471E-03
+81.704000E-06,+201.005026698E-03
+81.712000E-06,+402.010050623E-03
+81.720000E-06,+402.010053396E-03
+81.728000E-06,+201.005029470E-03
+81.736000E-06,+402.010050625E-03
+81.744000E-06,+402.010053396E-03
+81.752000E-06,+402.010053396E-03
+81.760000E-06,+402.010053396E-03
+81.768000E-06,+402.010053396E-03
+81.776000E-06,+201.005029470E-03
+81.784000E-06,+402.010050625E-03
+81.792000E-06,+402.010053396E-03
+81.800000E-06,+402.010053396E-03
+81.808000E-06,+402.010053396E-03
+81.816000E-06,+402.010053396E-03
+81.824000E-06,+402.010053396E-03
+81.832000E-06,+402.010053396E-03
+81.840000E-06,+402.010053396E-03
+81.848000E-06,+402.010053396E-03
+81.856000E-06,+402.010053396E-03
+81.864000E-06,+402.010053396E-03
+81.872000E-06,+402.010053396E-03
+81.880000E-06,+402.010053396E-03
+81.888000E-06,+402.010053396E-03
+81.896000E-06,+402.010053396E-03
+81.904000E-06,+402.010053396E-03
+81.912000E-06,+402.010053396E-03
+81.920000E-06,+402.010053396E-03
+81.928000E-06,+402.010053396E-03
+81.936000E-06,+402.010053396E-03
+81.944000E-06,+201.005029468E-03
+81.952000E-06,+402.010050628E-03
+81.960000E-06,+402.010053396E-03
+81.968000E-06,+402.010053396E-03
+81.976000E-06,+201.005029467E-03
+81.984000E-06,+201.005026698E-03
+81.992000E-06,+402.010050628E-03
+82.000000E-06,+402.010053396E-03
+82.008000E-06,+402.010053396E-03
+82.016000E-06,+402.010053396E-03
+82.024000E-06,+402.010053396E-03
+82.032000E-06,+402.010053396E-03
+82.040000E-06,+402.010053396E-03
+82.048000E-06,+402.010053396E-03
+82.056000E-06,+201.005029465E-03
+82.064000E-06,+402.010050629E-03
+82.072000E-06,+402.010053396E-03
+82.080000E-06,+402.010053396E-03
+82.088000E-06,+402.010053396E-03
+82.096000E-06,+402.010053396E-03
+82.104000E-06,+402.010053396E-03
+82.112000E-06,+402.010053396E-03
+82.120000E-06,+402.010053396E-03
+82.128000E-06,+402.010053396E-03
+82.136000E-06,+402.010053396E-03
+82.144000E-06,+402.010053396E-03
+82.152000E-06,+402.010053396E-03
+82.160000E-06,+201.005029465E-03
+82.168000E-06,+402.010050629E-03
+82.176000E-06,+402.010053396E-03
+82.184000E-06,+402.010053396E-03
+82.192000E-06,+402.010053396E-03
+82.200000E-06,+402.010053396E-03
+82.208000E-06,+402.010053396E-03
+82.216000E-06,+402.010053396E-03
+82.224000E-06,+402.010053396E-03
+82.232000E-06,+402.010053396E-03
+82.240000E-06,+402.010053396E-03
+82.248000E-06,+201.005029464E-03
+82.256000E-06,+402.010050631E-03
+82.264000E-06,+402.010053396E-03
+82.272000E-06,+402.010053396E-03
+82.280000E-06,+402.010053396E-03
+82.288000E-06,+402.010053396E-03
+82.296000E-06,+402.010053396E-03
+82.304000E-06,+402.010053396E-03
+82.312000E-06,+402.010053396E-03
+82.320000E-06,+402.010053396E-03
+82.328000E-06,+402.010053396E-03
+82.336000E-06,+402.010053396E-03
+82.344000E-06,+402.010053396E-03
+82.352000E-06,+402.010053396E-03
+82.360000E-06,+201.005029462E-03
+82.368000E-06,+201.005026698E-03
+82.376000E-06,+201.005026698E-03
+82.384000E-06,+402.010050632E-03
+82.392000E-06,+402.010053396E-03
+82.400000E-06,+402.010053396E-03
+82.408000E-06,+201.005029462E-03
+82.416000E-06,+402.010050634E-03
+82.424000E-06,+402.010053396E-03
+82.432000E-06,+402.010053396E-03
+82.440000E-06,+402.010053396E-03
+82.448000E-06,+402.010053396E-03
+82.456000E-06,+402.010053396E-03
+82.464000E-06,+402.010053396E-03
+82.472000E-06,+402.010053396E-03
+82.480000E-06,+402.010053396E-03
+82.488000E-06,+402.010053396E-03
+82.496000E-06,+402.010053396E-03
+82.504000E-06,+402.010053396E-03
+82.512000E-06,+402.010053396E-03
+82.520000E-06,+402.010053396E-03
+82.528000E-06,+402.010053396E-03
+82.536000E-06,+402.010053396E-03
+82.544000E-06,+201.005029459E-03
+82.552000E-06,+201.005026698E-03
+82.560000E-06,+402.010050635E-03
+82.568000E-06,+402.010053396E-03
+82.576000E-06,+402.010053396E-03
+82.584000E-06,+402.010053396E-03
+82.592000E-06,+201.005029459E-03
+82.600000E-06,+201.005026698E-03
+82.608000E-06,+402.010050635E-03
+82.616000E-06,+402.010053396E-03
+82.624000E-06,+402.010053396E-03
+82.632000E-06,+402.010053396E-03
+82.640000E-06,+402.010053396E-03
+82.648000E-06,+402.010053396E-03
+82.656000E-06,+402.010053396E-03
+82.664000E-06,+402.010053396E-03
+82.672000E-06,+402.010053396E-03
+82.680000E-06,+201.005029458E-03
+82.688000E-06,+402.010050636E-03
+82.696000E-06,+402.010053396E-03
+82.704000E-06,+402.010053396E-03
+82.712000E-06,+402.010053396E-03
+82.720000E-06,+402.010053396E-03
+82.728000E-06,+402.010053396E-03
+82.736000E-06,+402.010053396E-03
+82.744000E-06,+402.010053396E-03
+82.752000E-06,+402.010053396E-03
+82.760000E-06,+402.010053396E-03
+82.768000E-06,+402.010053396E-03
+82.776000E-06,+402.010053396E-03
+82.784000E-06,+402.010053396E-03
+82.792000E-06,+402.010053396E-03
+82.800000E-06,+402.010053396E-03
+82.808000E-06,+402.010053396E-03
+82.816000E-06,+402.010053396E-03
+82.824000E-06,+402.010053396E-03
+82.832000E-06,+402.010053396E-03
+82.840000E-06,+402.010053396E-03
+82.848000E-06,+402.010053396E-03
+82.856000E-06,+402.010053396E-03
+82.864000E-06,+201.005029456E-03
+82.872000E-06,+402.010050638E-03
+82.880000E-06,+402.010053396E-03
+82.888000E-06,+402.010053396E-03
+82.896000E-06,+402.010053396E-03
+82.904000E-06,+402.010053396E-03
+82.912000E-06,+402.010053396E-03
+82.920000E-06,+402.010053396E-03
+82.928000E-06,+402.010053396E-03
+82.936000E-06,+402.010053396E-03
+82.944000E-06,+402.010053396E-03
+82.952000E-06,+402.010053396E-03
+82.960000E-06,+201.005029455E-03
+82.968000E-06,+402.010050639E-03
+82.976000E-06,+402.010053396E-03
+82.984000E-06,+402.010053396E-03
+82.992000E-06,+402.010053396E-03
+83.000000E-06,+402.010053396E-03
+83.008000E-06,+402.010053396E-03
+83.016000E-06,+402.010053396E-03
+83.024000E-06,+402.010053396E-03
+83.032000E-06,+402.010053396E-03
+83.040000E-06,+402.010053396E-03
+83.048000E-06,+402.010053396E-03
+83.056000E-06,+402.010053396E-03
+83.064000E-06,+402.010053396E-03
+83.072000E-06,+402.010053396E-03
+83.080000E-06,+402.010053396E-03
+83.088000E-06,+402.010053396E-03
+83.096000E-06,+201.005029453E-03
+83.104000E-06,+402.010050641E-03
+83.112000E-06,+402.010053396E-03
+83.120000E-06,+402.010053396E-03
+83.128000E-06,+402.010053396E-03
+83.136000E-06,+402.010053396E-03
+83.144000E-06,+201.005029452E-03
+83.152000E-06,+402.010050642E-03
+83.160000E-06,+402.010053396E-03
+83.168000E-06,+402.010053396E-03
+83.176000E-06,+402.010053396E-03
+83.184000E-06,+402.010053396E-03
+83.192000E-06,+402.010053396E-03
+83.200000E-06,+402.010053396E-03
+83.208000E-06,+402.010053396E-03
+83.216000E-06,+402.010053396E-03
+83.224000E-06,+402.010053396E-03
+83.232000E-06,+402.010053396E-03
+83.240000E-06,+402.010053396E-03
+83.248000E-06,+402.010053396E-03
+83.256000E-06,+402.010053396E-03
+83.264000E-06,+402.010053396E-03
+83.272000E-06,+402.010053396E-03
+83.280000E-06,+201.005029451E-03
+83.288000E-06,+402.010050644E-03
+83.296000E-06,+201.005029451E-03
+83.304000E-06,+402.010050644E-03
+83.312000E-06,+402.010053396E-03
+83.320000E-06,+201.005029451E-03
+83.328000E-06,+402.010050644E-03
+83.336000E-06,+402.010053396E-03
+83.344000E-06,+402.010053396E-03
+83.352000E-06,+402.010053396E-03
+83.360000E-06,+201.005029449E-03
+83.368000E-06,+402.010050645E-03
+83.376000E-06,+402.010053396E-03
+83.384000E-06,+402.010053396E-03
+83.392000E-06,+402.010053396E-03
+83.400000E-06,+201.005029449E-03
+83.408000E-06,+402.010050645E-03
+83.416000E-06,+402.010053396E-03
+83.424000E-06,+402.010053396E-03
+83.432000E-06,+201.005029449E-03
+83.440000E-06,+402.010050647E-03
+83.448000E-06,+402.010053396E-03
+83.456000E-06,+402.010053396E-03
+83.464000E-06,+402.010053396E-03
+83.472000E-06,+402.010053396E-03
+83.480000E-06,+402.010053396E-03
+83.488000E-06,+201.005029448E-03
+83.496000E-06,+402.010050647E-03
+83.504000E-06,+402.010053396E-03
+83.512000E-06,+402.010053396E-03
+83.520000E-06,+201.005029448E-03
+83.528000E-06,+402.010050647E-03
+83.536000E-06,+402.010053396E-03
+83.544000E-06,+402.010053396E-03
+83.552000E-06,+402.010053396E-03
+83.560000E-06,+402.010053396E-03
+83.568000E-06,+402.010053396E-03
+83.576000E-06,+201.005029448E-03
+83.584000E-06,+201.005026698E-03
+83.592000E-06,+201.005026698E-03
+83.600000E-06,+402.010050648E-03
+83.608000E-06,+402.010053396E-03
+83.616000E-06,+402.010053396E-03
+83.624000E-06,+402.010053396E-03
+83.632000E-06,+201.005029446E-03
+83.640000E-06,+201.005026698E-03
+83.648000E-06,+201.005026698E-03
+83.656000E-06,+201.005026698E-03
+83.664000E-06,+402.010050648E-03
+83.672000E-06,+402.010053396E-03
+83.680000E-06,+402.010053396E-03
+83.688000E-06,+201.005029445E-03
+83.696000E-06,+402.010050650E-03
+83.704000E-06,+402.010053396E-03
+83.712000E-06,+201.005029445E-03
+83.720000E-06,+201.005026698E-03
+83.728000E-06,+402.010050650E-03
+83.736000E-06,+402.010053396E-03
+83.744000E-06,+402.010053396E-03
+83.752000E-06,+402.010053396E-03
+83.760000E-06,+402.010053396E-03
+83.768000E-06,+402.010053396E-03
+83.776000E-06,+402.010053396E-03
+83.784000E-06,+402.010053396E-03
+83.792000E-06,+402.010053396E-03
+83.800000E-06,+201.005029445E-03
+83.808000E-06,+402.010050650E-03
+83.816000E-06,+201.005029443E-03
+83.824000E-06,+201.005026698E-03
+83.832000E-06,+201.005026698E-03
+83.840000E-06,+201.005026698E-03
+83.848000E-06,+402.010050651E-03
+83.856000E-06,+402.010053396E-03
+83.864000E-06,+402.010053396E-03
+83.872000E-06,+402.010053396E-03
+83.880000E-06,+402.010053396E-03
+83.888000E-06,+201.005029443E-03
+83.896000E-06,+402.010050651E-03
+83.904000E-06,+402.010053396E-03
+83.912000E-06,+402.010053396E-03
+83.920000E-06,+201.005029442E-03
+83.928000E-06,+402.010050653E-03
+83.936000E-06,+201.005029442E-03
+83.944000E-06,+201.005026698E-03
+83.952000E-06,+402.010050653E-03
+83.960000E-06,+201.005029442E-03
+83.968000E-06,+201.005026698E-03
+83.976000E-06,+402.010050653E-03
+83.984000E-06,+402.010053396E-03
+83.992000E-06,+402.010053396E-03
+84.000000E-06,+402.010053396E-03
+84.008000E-06,+201.005029442E-03
+84.016000E-06,+201.005026698E-03
+84.024000E-06,+201.005026698E-03
+84.032000E-06,+201.005026698E-03
+84.040000E-06,+201.005026698E-03
+84.048000E-06,+402.010050653E-03
+84.056000E-06,+402.010053396E-03
+84.064000E-06,+402.010053396E-03
+84.072000E-06,+402.010053396E-03
+84.080000E-06,+402.010053396E-03
+84.088000E-06,+402.010053396E-03
+84.096000E-06,+201.005029440E-03
+84.104000E-06,+201.005026698E-03
+84.112000E-06,+201.005026698E-03
+84.120000E-06,+201.005026698E-03
+84.128000E-06,+201.005026698E-03
+84.136000E-06,+201.005026698E-03
+84.144000E-06,+402.010050655E-03
+84.152000E-06,+402.010053396E-03
+84.160000E-06,+201.005029439E-03
+84.168000E-06,+201.005026698E-03
+84.176000E-06,+201.005026698E-03
+84.184000E-06,+201.005026698E-03
+84.192000E-06,+201.005026698E-03
+84.200000E-06,+201.005026698E-03
+84.208000E-06,+402.010050655E-03
+84.216000E-06,+201.005029439E-03
+84.224000E-06,+402.010050655E-03
+84.232000E-06,+201.005029439E-03
+84.240000E-06,+201.005026698E-03
+84.248000E-06,+402.010050655E-03
+84.256000E-06,+402.010053396E-03
+84.264000E-06,+201.005029439E-03
+84.272000E-06,+201.005026698E-03
+84.280000E-06,+201.005026698E-03
+84.288000E-06,+201.005026698E-03
+84.296000E-06,+201.005026698E-03
+84.304000E-06,+402.010050657E-03
+84.312000E-06,+201.005029437E-03
+84.320000E-06,+402.010050657E-03
+84.328000E-06,+201.005029437E-03
+84.336000E-06,+201.005026698E-03
+84.344000E-06,+201.005026698E-03
+84.352000E-06,+201.005026698E-03
+84.360000E-06,+201.005026698E-03
+84.368000E-06,+201.005026698E-03
+84.376000E-06,+402.010050658E-03
+84.384000E-06,+201.005029436E-03
+84.392000E-06,+201.005026698E-03
+84.400000E-06,+201.005026698E-03
+84.408000E-06,+201.005026698E-03
+84.416000E-06,+201.005026698E-03
+84.424000E-06,+201.005026698E-03
+84.432000E-06,+201.005026698E-03
+84.440000E-06,+402.010050658E-03
+84.448000E-06,+201.005029436E-03
+84.456000E-06,+201.005026698E-03
+84.464000E-06,+201.005026698E-03
+84.472000E-06,+201.005026698E-03
+84.480000E-06,+201.005026698E-03
+84.488000E-06,+201.005026698E-03
+84.496000E-06,+201.005026698E-03
+84.504000E-06,+201.005026698E-03
+84.512000E-06,+402.010050658E-03
+84.520000E-06,+201.005029434E-03
+84.528000E-06,+201.005026698E-03
+84.536000E-06,+201.005026698E-03
+84.544000E-06,+201.005026698E-03
+84.552000E-06,+201.005026698E-03
+84.560000E-06,+201.005026698E-03
+84.568000E-06,+402.010050660E-03
+84.576000E-06,+201.005029434E-03
+84.584000E-06,+201.005026698E-03
+84.592000E-06,+402.010050660E-03
+84.600000E-06,+201.005029434E-03
+84.608000E-06,+201.005026698E-03
+84.616000E-06,+201.005026698E-03
+84.624000E-06,+201.005026698E-03
+84.632000E-06,+201.005026698E-03
+84.640000E-06,+201.005026698E-03
+84.648000E-06,+201.005026698E-03
+84.656000E-06,+201.005026698E-03
+84.664000E-06,+201.005026698E-03
+84.672000E-06,+201.005026698E-03
+84.680000E-06,+201.005026698E-03
+84.688000E-06,+201.005026698E-03
+84.696000E-06,+201.005026698E-03
+84.704000E-06,+201.005026698E-03
+84.712000E-06,+201.005026698E-03
+84.720000E-06,+201.005026698E-03
+84.728000E-06,+201.005026698E-03
+84.736000E-06,+201.005026698E-03
+84.744000E-06,+201.005026698E-03
+84.752000E-06,+201.005026698E-03
+84.760000E-06,+201.005026698E-03
+84.768000E-06,+201.005026698E-03
+84.776000E-06,+201.005026698E-03
+84.784000E-06,+201.005026698E-03
+84.792000E-06,+201.005026698E-03
+84.800000E-06,+201.005026698E-03
+84.808000E-06,+2.733E-09
+84.816000E-06,+201.005023965E-03
+84.824000E-06,+201.005026698E-03
+84.832000E-06,+201.005026698E-03
+84.840000E-06,+201.005026698E-03
+84.848000E-06,+201.005026698E-03
+84.856000E-06,+201.005026698E-03
+84.864000E-06,+201.005026698E-03
+84.872000E-06,+201.005026698E-03
+84.880000E-06,+201.005026698E-03
+84.888000E-06,+201.005026698E-03
+84.896000E-06,+201.005026698E-03
+84.904000E-06,+201.005026698E-03
+84.912000E-06,+201.005026698E-03
+84.920000E-06,+201.005026698E-03
+84.928000E-06,+201.005026698E-03
+84.936000E-06,+201.005026698E-03
+84.944000E-06,+201.005026698E-03
+84.952000E-06,+201.005026698E-03
+84.960000E-06,+201.005026698E-03
+84.968000E-06,+201.005026698E-03
+84.976000E-06,+201.005026698E-03
+84.984000E-06,+201.005026698E-03
+84.992000E-06,+201.005026698E-03
+85.000000E-06,+2.730E-09
+85.008000E-06,+201.005023968E-03
+85.016000E-06,+201.005026698E-03
+85.024000E-06,+2.730E-09
+85.032000E-06,+0.0E+00
+85.040000E-06,+201.005023968E-03
+85.048000E-06,+201.005026698E-03
+85.056000E-06,+201.005026698E-03
+85.064000E-06,+2.730E-09
+85.072000E-06,+201.005023969E-03
+85.080000E-06,+2.729E-09
+85.088000E-06,+201.005023969E-03
+85.096000E-06,+2.729E-09
+85.104000E-06,+201.005023969E-03
+85.112000E-06,+201.005026698E-03
+85.120000E-06,+201.005026698E-03
+85.128000E-06,+2.729E-09
+85.136000E-06,+0.0E+00
+85.144000E-06,+0.0E+00
+85.152000E-06,+201.005023969E-03
+85.160000E-06,+201.005026698E-03
+85.168000E-06,+2.729E-09
+85.176000E-06,+201.005023969E-03
+85.184000E-06,+2.729E-09
+85.192000E-06,+0.0E+00
+85.200000E-06,+201.005023969E-03
+85.208000E-06,+201.005026698E-03
+85.216000E-06,+201.005026698E-03
+85.224000E-06,+201.005026698E-03
+85.232000E-06,+201.005026698E-03
+85.240000E-06,+2.728E-09
+85.248000E-06,+201.005023971E-03
+85.256000E-06,+201.005026698E-03
+85.264000E-06,+201.005026698E-03
+85.272000E-06,+201.005026698E-03
+85.280000E-06,+201.005026698E-03
+85.288000E-06,+201.005026698E-03
+85.296000E-06,+201.005026698E-03
+85.304000E-06,+2.726E-09
+85.312000E-06,+0.0E+00
+85.320000E-06,+201.005023972E-03
+85.328000E-06,+201.005026698E-03
+85.336000E-06,+201.005026698E-03
+85.344000E-06,+201.005026698E-03
+85.352000E-06,+201.005026698E-03
+85.360000E-06,+201.005026698E-03
+85.368000E-06,+201.005026698E-03
+85.376000E-06,+2.726E-09
+85.384000E-06,+201.005023972E-03
+85.392000E-06,+2.726E-09
+85.400000E-06,+0.0E+00
+85.408000E-06,+0.0E+00
+85.416000E-06,+201.005023972E-03
+85.424000E-06,+2.726E-09
+85.432000E-06,+0.0E+00
+85.440000E-06,+0.0E+00
+85.448000E-06,+0.0E+00
+85.456000E-06,+0.0E+00
+85.464000E-06,+201.005023973E-03
+85.472000E-06,+2.725E-09
+85.480000E-06,+0.0E+00
+85.488000E-06,+0.0E+00
+85.496000E-06,+201.005023973E-03
+85.504000E-06,+201.005026698E-03
+85.512000E-06,+2.725E-09
+85.520000E-06,+201.005023973E-03
+85.528000E-06,+201.005026698E-03
+85.536000E-06,+2.725E-09
+85.544000E-06,+0.0E+00
+85.552000E-06,+0.0E+00
+85.560000E-06,+201.005023975E-03
+85.568000E-06,+201.005026698E-03
+85.576000E-06,+2.723E-09
+85.584000E-06,+201.005023975E-03
+85.592000E-06,+2.723E-09
+85.600000E-06,+201.005023975E-03
+85.608000E-06,+201.005026698E-03
+85.616000E-06,+201.005026698E-03
+85.624000E-06,+2.723E-09
+85.632000E-06,+0.0E+00
+85.640000E-06,+0.0E+00
+85.648000E-06,+201.005023975E-03
+85.656000E-06,+2.723E-09
+85.664000E-06,+201.005023975E-03
+85.672000E-06,+2.723E-09
+85.680000E-06,+0.0E+00
+85.688000E-06,+201.005023976E-03
+85.696000E-06,+2.722E-09
+85.704000E-06,+0.0E+00
+85.712000E-06,+0.0E+00
+85.720000E-06,+0.0E+00
+85.728000E-06,+0.0E+00
+85.736000E-06,+0.0E+00
+85.744000E-06,+0.0E+00
+85.752000E-06,+0.0E+00
+85.760000E-06,+0.0E+00
+85.768000E-06,+0.0E+00
+85.776000E-06,+0.0E+00
+85.784000E-06,+0.0E+00
+85.792000E-06,+0.0E+00
+85.800000E-06,+0.0E+00
+85.808000E-06,+0.0E+00
+85.816000E-06,+0.0E+00
+85.824000E-06,+0.0E+00
+85.832000E-06,+0.0E+00
+85.840000E-06,+0.0E+00
+85.848000E-06,+0.0E+00
+85.856000E-06,+201.005023978E-03
+85.864000E-06,+2.720E-09
+85.872000E-06,+201.005023978E-03
+85.880000E-06,+2.720E-09
+85.888000E-06,+0.0E+00
+85.896000E-06,+0.0E+00
+85.904000E-06,+201.005023978E-03
+85.912000E-06,+2.720E-09
+85.920000E-06,-201.005023979E-03
+85.928000E-06,-2.719E-09
+85.936000E-06,+0.0E+00
+85.944000E-06,+0.0E+00
+85.952000E-06,+0.0E+00
+85.960000E-06,+0.0E+00
+85.968000E-06,+0.0E+00
+85.976000E-06,+201.005023979E-03
+85.984000E-06,+2.719E-09
+85.992000E-06,+0.0E+00
+86.000000E-06,+0.0E+00
+86.008000E-06,+0.0E+00
+86.016000E-06,-201.005023981E-03
+86.024000E-06,-2.717E-09
+86.032000E-06,+0.0E+00
+86.040000E-06,+0.0E+00
+86.048000E-06,+0.0E+00
+86.056000E-06,+0.0E+00
+86.064000E-06,+0.0E+00
+86.072000E-06,+0.0E+00
+86.080000E-06,+0.0E+00
+86.088000E-06,+201.005023981E-03
+86.096000E-06,+2.717E-09
+86.104000E-06,+0.0E+00
+86.112000E-06,+0.0E+00
+86.120000E-06,+0.0E+00
+86.128000E-06,+0.0E+00
+86.136000E-06,+0.0E+00
+86.144000E-06,+0.0E+00
+86.152000E-06,+0.0E+00
+86.160000E-06,+0.0E+00
+86.168000E-06,+0.0E+00
+86.176000E-06,+0.0E+00
+86.184000E-06,-201.005023982E-03
+86.192000E-06,-2.716E-09
+86.200000E-06,+0.0E+00
+86.208000E-06,+0.0E+00
+86.216000E-06,-201.005023982E-03
+86.224000E-06,-2.716E-09
+86.232000E-06,+0.0E+00
+86.240000E-06,+0.0E+00
+86.248000E-06,+0.0E+00
+86.256000E-06,+0.0E+00
+86.264000E-06,-201.005023984E-03
+86.272000E-06,-2.714E-09
+86.280000E-06,+0.0E+00
+86.288000E-06,+0.0E+00
+86.296000E-06,-201.005023984E-03
+86.304000E-06,-201.005026698E-03
+86.312000E-06,-2.714E-09
+86.320000E-06,+0.0E+00
+86.328000E-06,+0.0E+00
+86.336000E-06,+0.0E+00
+86.344000E-06,+0.0E+00
+86.352000E-06,+0.0E+00
+86.360000E-06,+0.0E+00
+86.368000E-06,+0.0E+00
+86.376000E-06,+0.0E+00
+86.384000E-06,+0.0E+00
+86.392000E-06,+0.0E+00
+86.400000E-06,+0.0E+00
+86.408000E-06,+0.0E+00
+86.416000E-06,+0.0E+00
+86.424000E-06,+0.0E+00
+86.432000E-06,+0.0E+00
+86.440000E-06,+0.0E+00
+86.448000E-06,-201.005023985E-03
+86.456000E-06,-2.713E-09
+86.464000E-06,+0.0E+00
+86.472000E-06,+0.0E+00
+86.480000E-06,+0.0E+00
+86.488000E-06,+0.0E+00
+86.496000E-06,+0.0E+00
+86.504000E-06,+0.0E+00
+86.512000E-06,+0.0E+00
+86.520000E-06,-201.005023987E-03
+86.528000E-06,-2.711E-09
+86.536000E-06,+0.0E+00
+86.544000E-06,-201.005023987E-03
+86.552000E-06,-2.711E-09
+86.560000E-06,+0.0E+00
+86.568000E-06,+0.0E+00
+86.576000E-06,+0.0E+00
+86.584000E-06,+0.0E+00
+86.592000E-06,-201.005023987E-03
+86.600000E-06,-201.005026698E-03
+86.608000E-06,-201.005026698E-03
+86.616000E-06,-201.005026698E-03
+86.624000E-06,-2.710E-09
+86.632000E-06,-201.005023988E-03
+86.640000E-06,-2.710E-09
+86.648000E-06,-201.005023988E-03
+86.656000E-06,-2.710E-09
+86.664000E-06,-201.005023988E-03
+86.672000E-06,-201.005026698E-03
+86.680000E-06,-2.710E-09
+86.688000E-06,-201.005023988E-03
+86.696000E-06,-2.710E-09
+86.704000E-06,+0.0E+00
+86.712000E-06,-201.005023990E-03
+86.720000E-06,-2.709E-09
+86.728000E-06,+0.0E+00
+86.736000E-06,+0.0E+00
+86.744000E-06,+0.0E+00
+86.752000E-06,+0.0E+00
+86.760000E-06,+0.0E+00
+86.768000E-06,-201.005023990E-03
+86.776000E-06,-201.005026698E-03
+86.784000E-06,-2.709E-09
+86.792000E-06,-201.005023990E-03
+86.800000E-06,-2.709E-09
+86.808000E-06,-201.005023990E-03
+86.816000E-06,-201.005026698E-03
+86.824000E-06,-201.005026698E-03
+86.832000E-06,-201.005026698E-03
+86.840000E-06,-2.709E-09
+86.848000E-06,-201.005023990E-03
+86.856000E-06,-2.707E-09
+86.864000E-06,-201.005023991E-03
+86.872000E-06,-201.005026698E-03
+86.880000E-06,-201.005026698E-03
+86.888000E-06,-201.005026698E-03
+86.896000E-06,-2.707E-09
+86.904000E-06,+0.0E+00
+86.912000E-06,+0.0E+00
+86.920000E-06,-201.005023991E-03
+86.928000E-06,-201.005026698E-03
+86.936000E-06,-201.005026698E-03
+86.944000E-06,-2.706E-09
+86.952000E-06,-201.005023992E-03
+86.960000E-06,-201.005026698E-03
+86.968000E-06,-2.706E-09
+86.976000E-06,-201.005023992E-03
+86.984000E-06,-201.005026698E-03
+86.992000E-06,-201.005026698E-03
+87.000000E-06,-201.005026698E-03
+87.008000E-06,-201.005026698E-03
+87.016000E-06,-201.005026698E-03
+87.024000E-06,-201.005026698E-03
+87.032000E-06,-201.005026698E-03
+87.040000E-06,-201.005026698E-03
+87.048000E-06,-201.005026698E-03
+87.056000E-06,-201.005026698E-03
+87.064000E-06,-201.005026698E-03
+87.072000E-06,-201.005026698E-03
+87.080000E-06,-201.005026698E-03
+87.088000E-06,-201.005026698E-03
+87.096000E-06,-2.704E-09
+87.104000E-06,-201.005023994E-03
+87.112000E-06,-201.005026698E-03
+87.120000E-06,-201.005026698E-03
+87.128000E-06,-201.005026698E-03
+87.136000E-06,-2.704E-09
+87.144000E-06,-201.005023994E-03
+87.152000E-06,-201.005026698E-03
+87.160000E-06,-2.704E-09
+87.168000E-06,-201.005023994E-03
+87.176000E-06,-201.005026698E-03
+87.184000E-06,-2.703E-09
+87.192000E-06,-201.005023995E-03
+87.200000E-06,-201.005026698E-03
+87.208000E-06,-2.703E-09
+87.216000E-06,+0.0E+00
+87.224000E-06,-201.005023995E-03
+87.232000E-06,-201.005026698E-03
+87.240000E-06,-201.005026698E-03
+87.248000E-06,-201.005026698E-03
+87.256000E-06,-402.010050694E-03
+87.264000E-06,-201.005029401E-03
+87.272000E-06,-2.703E-09
+87.280000E-06,-201.005023995E-03
+87.288000E-06,-201.005026698E-03
+87.296000E-06,-2.703E-09
+87.304000E-06,-201.005023995E-03
+87.312000E-06,-201.005026698E-03
+87.320000E-06,-201.005026698E-03
+87.328000E-06,-2.701E-09
+87.336000E-06,-201.005023997E-03
+87.344000E-06,-402.010050695E-03
+87.352000E-06,-201.005029399E-03
+87.360000E-06,-201.005026698E-03
+87.368000E-06,-201.005026698E-03
+87.376000E-06,-201.005026698E-03
+87.384000E-06,-2.701E-09
+87.392000E-06,-201.005023997E-03
+87.400000E-06,-201.005026698E-03
+87.408000E-06,-201.005026698E-03
+87.416000E-06,-201.005026698E-03
+87.424000E-06,-201.005026698E-03
+87.432000E-06,-201.005026698E-03
+87.440000E-06,-201.005026698E-03
+87.448000E-06,-2.700E-09
+87.456000E-06,-201.005023998E-03
+87.464000E-06,-201.005026698E-03
+87.472000E-06,-201.005026698E-03
+87.480000E-06,-201.005026698E-03
+87.488000E-06,-201.005026698E-03
+87.496000E-06,-201.005026698E-03
+87.504000E-06,-201.005026698E-03
+87.512000E-06,-2.700E-09
+87.520000E-06,-201.005023998E-03
+87.528000E-06,-201.005026698E-03
+87.536000E-06,-2.700E-09
+87.544000E-06,-201.005023998E-03
+87.552000E-06,-201.005026698E-03
+87.560000E-06,-201.005026698E-03
+87.568000E-06,-201.005026698E-03
+87.576000E-06,-201.005026698E-03
+87.584000E-06,-201.005026698E-03
+87.592000E-06,-201.005026698E-03
+87.600000E-06,-201.005026698E-03
+87.608000E-06,-201.005026698E-03
+87.616000E-06,-201.005026698E-03
+87.624000E-06,-201.005026698E-03
+87.632000E-06,-201.005026698E-03
+87.640000E-06,-201.005026698E-03
+87.648000E-06,-201.005026698E-03
+87.656000E-06,-201.005026698E-03
+87.664000E-06,-201.005026698E-03
+87.672000E-06,-201.005026698E-03
+87.680000E-06,-201.005026698E-03
+87.688000E-06,-201.005026698E-03
+87.696000E-06,-201.005026698E-03
+87.704000E-06,-201.005026698E-03
+87.712000E-06,-201.005026698E-03
+87.720000E-06,-201.005026698E-03
+87.728000E-06,-201.005026698E-03
+87.736000E-06,-201.005026698E-03
+87.744000E-06,-201.005026698E-03
+87.752000E-06,-201.005026698E-03
+87.760000E-06,-201.005026698E-03
+87.768000E-06,-201.005026698E-03
+87.776000E-06,-402.010050699E-03
+87.784000E-06,-201.005029394E-03
+87.792000E-06,-201.005026698E-03
+87.800000E-06,-402.010050701E-03
+87.808000E-06,-201.005029394E-03
+87.816000E-06,-201.005026698E-03
+87.824000E-06,-201.005026698E-03
+87.832000E-06,-201.005026698E-03
+87.840000E-06,-201.005026698E-03
+87.848000E-06,-201.005026698E-03
+87.856000E-06,-201.005026698E-03
+87.864000E-06,-2.695E-09
+87.872000E-06,-201.005024004E-03
+87.880000E-06,-201.005026698E-03
+87.888000E-06,-201.005026698E-03
+87.896000E-06,-201.005026698E-03
+87.904000E-06,-201.005026698E-03
+87.912000E-06,-201.005026698E-03
+87.920000E-06,-201.005026698E-03
+87.928000E-06,-201.005026698E-03
+87.936000E-06,-201.005026698E-03
+87.944000E-06,-201.005026698E-03
+87.952000E-06,-201.005026698E-03
+87.960000E-06,-201.005026698E-03
+87.968000E-06,-201.005026698E-03
+87.976000E-06,-402.010050702E-03
+87.984000E-06,-201.005029392E-03
+87.992000E-06,-201.005026698E-03
+88.000000E-06,-201.005026698E-03
+88.008000E-06,-402.010050702E-03
+88.016000E-06,-201.005029391E-03
+88.024000E-06,-201.005026698E-03
+88.032000E-06,-402.010050704E-03
+88.040000E-06,-201.005029391E-03
+88.048000E-06,-402.010050704E-03
+88.056000E-06,-201.005029391E-03
+88.064000E-06,-201.005026698E-03
+88.072000E-06,-201.005026698E-03
+88.080000E-06,-201.005026698E-03
+88.088000E-06,-201.005026698E-03
+88.096000E-06,-201.005026698E-03
+88.104000E-06,-402.010050705E-03
+88.112000E-06,-402.010053396E-03
+88.120000E-06,-402.010053396E-03
+88.128000E-06,-201.005029389E-03
+88.136000E-06,-201.005026698E-03
+88.144000E-06,-402.010050705E-03
+88.152000E-06,-201.005029389E-03
+88.160000E-06,-201.005026698E-03
+88.168000E-06,-201.005026698E-03
+88.176000E-06,-402.010050705E-03
+88.184000E-06,-201.005029389E-03
+88.192000E-06,-402.010050705E-03
+88.200000E-06,-402.010053396E-03
+88.208000E-06,-201.005029389E-03
+88.216000E-06,-201.005026698E-03
+88.224000E-06,-201.005026698E-03
+88.232000E-06,-201.005026698E-03
+88.240000E-06,-201.005026698E-03
+88.248000E-06,-201.005026698E-03
+88.256000E-06,-201.005026698E-03
+88.264000E-06,-402.010050707E-03
+88.272000E-06,-402.010053396E-03
+88.280000E-06,-201.005029388E-03
+88.288000E-06,-201.005026698E-03
+88.296000E-06,-201.005026698E-03
+88.304000E-06,-201.005026698E-03
+88.312000E-06,-402.010050707E-03
+88.320000E-06,-402.010053396E-03
+88.328000E-06,-201.005029388E-03
+88.336000E-06,-201.005026698E-03
+88.344000E-06,-201.005026698E-03
+88.352000E-06,-402.010050708E-03
+88.360000E-06,-201.005029386E-03
+88.368000E-06,-201.005026698E-03
+88.376000E-06,-201.005026698E-03
+88.384000E-06,-201.005026698E-03
+88.392000E-06,-201.005026698E-03
+88.400000E-06,-402.010050708E-03
+88.408000E-06,-201.005029386E-03
+88.416000E-06,-201.005026698E-03
+88.424000E-06,-201.005026698E-03
+88.432000E-06,-402.010050708E-03
+88.440000E-06,-201.005029386E-03
+88.448000E-06,-402.010050708E-03
+88.456000E-06,-402.010053396E-03
+88.464000E-06,-402.010053396E-03
+88.472000E-06,-201.005029386E-03
+88.480000E-06,-402.010050708E-03
+88.488000E-06,-402.010053396E-03
+88.496000E-06,-201.005029385E-03
+88.504000E-06,-201.005026698E-03
+88.512000E-06,-201.005026698E-03
+88.520000E-06,-201.005026698E-03
+88.528000E-06,-201.005026698E-03
+88.536000E-06,-201.005026698E-03
+88.544000E-06,-402.010050710E-03
+88.552000E-06,-402.010053396E-03
+88.560000E-06,-402.010053396E-03
+88.568000E-06,-5.373E-09
+88.576000E-06,-201.005024013E-03
+88.584000E-06,-402.010050711E-03
+88.592000E-06,-402.010053396E-03
+88.600000E-06,-402.010053396E-03
+88.608000E-06,-201.005029383E-03
+88.616000E-06,-402.010050711E-03
+88.624000E-06,-201.005029383E-03
+88.632000E-06,-201.005026698E-03
+88.640000E-06,-201.005026698E-03
+88.648000E-06,-201.005026698E-03
+88.656000E-06,-201.005026698E-03
+88.664000E-06,-201.005026698E-03
+88.672000E-06,-201.005026698E-03
+88.680000E-06,-201.005026698E-03
+88.688000E-06,-201.005026698E-03
+88.696000E-06,-201.005026698E-03
+88.704000E-06,-201.005026698E-03
+88.712000E-06,-402.010050711E-03
+88.720000E-06,-201.005029382E-03
+88.728000E-06,-402.010050713E-03
+88.736000E-06,-201.005029382E-03
+88.744000E-06,-201.005026698E-03
+88.752000E-06,-201.005026698E-03
+88.760000E-06,-201.005026698E-03
+88.768000E-06,-201.005026698E-03
+88.776000E-06,-201.005026698E-03
+88.784000E-06,-201.005026698E-03
+88.792000E-06,-402.010050713E-03
+88.800000E-06,-402.010053396E-03
+88.808000E-06,-201.005029380E-03
+88.816000E-06,-201.005026698E-03
+88.824000E-06,-201.005026698E-03
+88.832000E-06,-201.005026698E-03
+88.840000E-06,-402.010050714E-03
+88.848000E-06,-201.005029380E-03
+88.856000E-06,-402.010050714E-03
+88.864000E-06,-201.005029380E-03
+88.872000E-06,-201.005026698E-03
+88.880000E-06,-201.005026698E-03
+88.888000E-06,-402.010050714E-03
+88.896000E-06,-402.010053396E-03
+88.904000E-06,-402.010053396E-03
+88.912000E-06,-201.005029380E-03
+88.920000E-06,-402.010050714E-03
+88.928000E-06,-402.010053396E-03
+88.936000E-06,-402.010053396E-03
+88.944000E-06,-201.005029380E-03
+88.952000E-06,-201.005026698E-03
+88.960000E-06,-201.005026698E-03
+88.968000E-06,-402.010050715E-03
+88.976000E-06,-201.005029379E-03
+88.984000E-06,-402.010050715E-03
+88.992000E-06,-201.005029379E-03
+89.000000E-06,-402.010050715E-03
+89.008000E-06,-402.010053396E-03
+89.016000E-06,-201.005029379E-03
+89.024000E-06,-201.005026698E-03
+89.032000E-06,-201.005026698E-03
+89.040000E-06,-402.010050717E-03
+89.048000E-06,-201.005029377E-03
+89.056000E-06,-201.005026698E-03
+89.064000E-06,-201.005026698E-03
+89.072000E-06,-201.005026698E-03
+89.080000E-06,-201.005026698E-03
+89.088000E-06,-201.005026698E-03
+89.096000E-06,-201.005026698E-03
+89.104000E-06,-201.005026698E-03
+89.112000E-06,-402.010050717E-03
+89.120000E-06,-402.010053396E-03
+89.128000E-06,-201.005029377E-03
+89.136000E-06,-201.005026698E-03
+89.144000E-06,-402.010050717E-03
+89.152000E-06,-201.005029377E-03
+89.160000E-06,-402.010050717E-03
+89.168000E-06,-201.005029377E-03
+89.176000E-06,-201.005026698E-03
+89.184000E-06,-201.005026698E-03
+89.192000E-06,-201.005026698E-03
+89.200000E-06,-201.005026698E-03
+89.208000E-06,-402.010050718E-03
+89.216000E-06,-201.005029376E-03
+89.224000E-06,-402.010050718E-03
+89.232000E-06,-201.005029376E-03
+89.240000E-06,-402.010050718E-03
+89.248000E-06,-402.010053396E-03
+89.256000E-06,-201.005029376E-03
+89.264000E-06,-402.010050718E-03
+89.272000E-06,-402.010053396E-03
+89.280000E-06,-201.005029374E-03
+89.288000E-06,-201.005026698E-03
+89.296000E-06,-402.010050720E-03
+89.304000E-06,-402.010053396E-03
+89.312000E-06,-402.010053396E-03
+89.320000E-06,-201.005029374E-03
+89.328000E-06,-402.010050720E-03
+89.336000E-06,-402.010053396E-03
+89.344000E-06,-201.005029374E-03
+89.352000E-06,-201.005026698E-03
+89.360000E-06,-201.005026698E-03
+89.368000E-06,-402.010050720E-03
+89.376000E-06,-201.005029374E-03
+89.384000E-06,-402.010050720E-03
+89.392000E-06,-201.005029374E-03
+89.400000E-06,-201.005026698E-03
+89.408000E-06,-402.010050720E-03
+89.416000E-06,-402.010053396E-03
+89.424000E-06,-201.005029373E-03
+89.432000E-06,-201.005026698E-03
+89.440000E-06,-201.005026698E-03
+89.448000E-06,-201.005026698E-03
+89.456000E-06,-201.005026698E-03
+89.464000E-06,-201.005026698E-03
+89.472000E-06,-402.010050721E-03
+89.480000E-06,-201.005029373E-03
+89.488000E-06,-201.005026698E-03
+89.496000E-06,-402.010050721E-03
+89.504000E-06,-201.005029372E-03
+89.512000E-06,-201.005026698E-03
+89.520000E-06,-201.005026698E-03
+89.528000E-06,-402.010050723E-03
+89.536000E-06,-201.005029372E-03
+89.544000E-06,-402.010050723E-03
+89.552000E-06,-402.010053396E-03
+89.560000E-06,-201.005029372E-03
+89.568000E-06,-402.010050723E-03
+89.576000E-06,-201.005029372E-03
+89.584000E-06,-201.005026698E-03
+89.592000E-06,-402.010050723E-03
+89.600000E-06,-201.005029372E-03
+89.608000E-06,-402.010050723E-03
+89.616000E-06,-402.010053396E-03
+89.624000E-06,-201.005029372E-03
+89.632000E-06,-402.010050723E-03
+89.640000E-06,-402.010053396E-03
+89.648000E-06,-201.005029372E-03
+89.656000E-06,-201.005026698E-03
+89.664000E-06,-201.005026698E-03
+89.672000E-06,-402.010050724E-03
+89.680000E-06,-201.005029370E-03
+89.688000E-06,-201.005026698E-03
+89.696000E-06,-201.005026698E-03
+89.704000E-06,-201.005026698E-03
+89.712000E-06,-201.005026698E-03
+89.720000E-06,-402.010050724E-03
+89.728000E-06,-402.010053396E-03
+89.736000E-06,-201.005029370E-03
+89.744000E-06,-201.005026698E-03
+89.752000E-06,-402.010050726E-03
+89.760000E-06,-201.005029369E-03
+89.768000E-06,-201.005026698E-03
+89.776000E-06,-402.010050726E-03
+89.784000E-06,-201.005029369E-03
+89.792000E-06,-201.005026698E-03
+89.800000E-06,-201.005026698E-03
+89.808000E-06,-201.005026698E-03
+89.816000E-06,-402.010050726E-03
+89.824000E-06,-201.005029369E-03
+89.832000E-06,-201.005026698E-03
+89.840000E-06,-402.010050726E-03
+89.848000E-06,-201.005029369E-03
+89.856000E-06,-201.005026698E-03
+89.864000E-06,-201.005026698E-03
+89.872000E-06,-402.010050726E-03
+89.880000E-06,-402.010053396E-03
+89.888000E-06,-402.010053396E-03
+89.896000E-06,-201.005029367E-03
+89.904000E-06,-201.005026698E-03
+89.912000E-06,-402.010050727E-03
+89.920000E-06,-201.005029367E-03
+89.928000E-06,-201.005026698E-03
+89.936000E-06,-201.005026698E-03
+89.944000E-06,-402.010050727E-03
+89.952000E-06,-201.005029367E-03
+89.960000E-06,-201.005026698E-03
+89.968000E-06,-402.010050727E-03
+89.976000E-06,-201.005029366E-03
+89.984000E-06,-201.005026698E-03
+89.992000E-06,-201.005026698E-03
+90.000000E-06,-201.005026698E-03
+90.008000E-06,-201.005026698E-03
+90.016000E-06,-402.010050729E-03
+90.024000E-06,-201.005029366E-03
+90.032000E-06,-201.005026698E-03
+90.040000E-06,-402.010050729E-03
+90.048000E-06,-201.005029366E-03
+90.056000E-06,-201.005026698E-03
+90.064000E-06,-402.010050729E-03
+90.072000E-06,-402.010053396E-03
+90.080000E-06,-402.010053396E-03
+90.088000E-06,-402.010053396E-03
+90.096000E-06,-201.005029366E-03
+90.104000E-06,-201.005026698E-03
+90.112000E-06,-402.010050729E-03
+90.120000E-06,-201.005029364E-03
+90.128000E-06,-201.005026698E-03
+90.136000E-06,-402.010050730E-03
+90.144000E-06,-201.005029364E-03
+90.152000E-06,-201.005026698E-03
+90.160000E-06,-201.005026698E-03
+90.168000E-06,-201.005026698E-03
+90.176000E-06,-201.005026698E-03
+90.184000E-06,-402.010050730E-03
+90.192000E-06,-201.005029364E-03
+90.200000E-06,-201.005026698E-03
+90.208000E-06,-402.010050732E-03
+90.216000E-06,-201.005029363E-03
+90.224000E-06,-201.005026698E-03
+90.232000E-06,-402.010050732E-03
+90.240000E-06,-402.010053396E-03
+90.248000E-06,-201.005029363E-03
+90.256000E-06,-402.010050732E-03
+90.264000E-06,-402.010053396E-03
+90.272000E-06,-201.005029363E-03
+90.280000E-06,-201.005026698E-03
+90.288000E-06,-201.005026698E-03
+90.296000E-06,-402.010050732E-03
+90.304000E-06,-201.005029363E-03
+90.312000E-06,-201.005026698E-03
+90.320000E-06,-201.005026698E-03
+90.328000E-06,-201.005026698E-03
+90.336000E-06,-402.010050732E-03
+90.344000E-06,-201.005029363E-03
+90.352000E-06,-402.010050733E-03
+90.360000E-06,-201.005029361E-03
+90.368000E-06,-402.010050733E-03
+90.376000E-06,-201.005029361E-03
+90.384000E-06,-201.005026698E-03
+90.392000E-06,-201.005026698E-03
+90.400000E-06,-201.005026698E-03
+90.408000E-06,-402.010050733E-03
+90.416000E-06,-201.005029361E-03
+90.424000E-06,-402.010050733E-03
+90.432000E-06,-201.005029361E-03
+90.440000E-06,-201.005026698E-03
+90.448000E-06,-201.005026698E-03
+90.456000E-06,-201.005026698E-03
+90.464000E-06,-201.005026698E-03
+90.472000E-06,-402.010050734E-03
+90.480000E-06,-402.010053396E-03
+90.488000E-06,-201.005029360E-03
+90.496000E-06,-201.005026698E-03
+90.504000E-06,-402.010050734E-03
+90.512000E-06,-201.005029360E-03
+90.520000E-06,-201.005026698E-03
+90.528000E-06,-201.005026698E-03
+90.536000E-06,-201.005026698E-03
+90.544000E-06,-201.005026698E-03
+90.552000E-06,-201.005026698E-03
+90.560000E-06,-402.010050734E-03
+90.568000E-06,-201.005029360E-03
+90.576000E-06,-402.010050734E-03
+90.584000E-06,-402.010053396E-03
+90.592000E-06,-201.005029358E-03
+90.600000E-06,-201.005026698E-03
+90.608000E-06,-201.005026698E-03
+90.616000E-06,-201.005026698E-03
+90.624000E-06,-201.005026698E-03
+90.632000E-06,-201.005026698E-03
+90.640000E-06,-201.005026698E-03
+90.648000E-06,-402.010050736E-03
+90.656000E-06,-402.010053396E-03
+90.664000E-06,-201.005029358E-03
+90.672000E-06,-402.010050737E-03
+90.680000E-06,-201.005029357E-03
+90.688000E-06,-402.010050737E-03
+90.696000E-06,-201.005029357E-03
+90.704000E-06,-201.005026698E-03
+90.712000E-06,-201.005026698E-03
+90.720000E-06,-402.010050737E-03
+90.728000E-06,-201.005029357E-03
+90.736000E-06,-201.005026698E-03
+90.744000E-06,-201.005026698E-03
+90.752000E-06,-201.005026698E-03
+90.760000E-06,-402.010050737E-03
+90.768000E-06,-201.005029357E-03
+90.776000E-06,-201.005026698E-03
+90.784000E-06,-201.005026698E-03
+90.792000E-06,-201.005026698E-03
+90.800000E-06,-201.005026698E-03
+90.808000E-06,-201.005026698E-03
+90.816000E-06,-201.005026698E-03
+90.824000E-06,-201.005026698E-03
+90.832000E-06,-402.010050739E-03
+90.840000E-06,-201.005029355E-03
+90.848000E-06,-402.010050739E-03
+90.856000E-06,-402.010053396E-03
+90.864000E-06,-201.005029355E-03
+90.872000E-06,-201.005026698E-03
+90.880000E-06,-201.005026698E-03
+90.888000E-06,-201.005026698E-03
+90.896000E-06,-201.005026698E-03
+90.904000E-06,-201.005026698E-03
+90.912000E-06,-201.005026698E-03
+90.920000E-06,-201.005026698E-03
+90.928000E-06,-201.005026698E-03
+90.936000E-06,-201.005026698E-03
+90.944000E-06,-201.005026698E-03
+90.952000E-06,-201.005026698E-03
+90.960000E-06,-201.005026698E-03
+90.968000E-06,-201.005026698E-03
+90.976000E-06,-201.005026698E-03
+90.984000E-06,-402.010050740E-03
+90.992000E-06,-201.005029354E-03
+91.000000E-06,-201.005026698E-03
+91.008000E-06,-201.005026698E-03
+91.016000E-06,-201.005026698E-03
+91.024000E-06,-201.005026698E-03
+91.032000E-06,-201.005026698E-03
+91.040000E-06,-201.005026698E-03
+91.048000E-06,-201.005026698E-03
+91.056000E-06,-201.005026698E-03
+91.064000E-06,-201.005026698E-03
+91.072000E-06,-201.005026698E-03
+91.080000E-06,-201.005026698E-03
+91.088000E-06,-201.005026698E-03
+91.096000E-06,-201.005026698E-03
+91.104000E-06,-201.005026698E-03
+91.112000E-06,-201.005026698E-03
+91.120000E-06,-402.010050742E-03
+91.128000E-06,-201.005029353E-03
+91.136000E-06,-201.005026698E-03
+91.144000E-06,-201.005026698E-03
+91.152000E-06,-402.010050743E-03
+91.160000E-06,-201.005029351E-03
+91.168000E-06,-201.005026698E-03
+91.176000E-06,-402.010050743E-03
+91.184000E-06,-402.010053396E-03
+91.192000E-06,-201.005029351E-03
+91.200000E-06,-201.005026698E-03
+91.208000E-06,-201.005026698E-03
+91.216000E-06,-201.005026698E-03
+91.224000E-06,-201.005026698E-03
+91.232000E-06,-201.005026698E-03
+91.240000E-06,-402.010050743E-03
+91.248000E-06,-201.005029351E-03
+91.256000E-06,-201.005026698E-03
+91.264000E-06,-201.005026698E-03
+91.272000E-06,-201.005026698E-03
+91.280000E-06,-201.005026698E-03
+91.288000E-06,-201.005026698E-03
+91.296000E-06,-201.005026698E-03
+91.304000E-06,-201.005026698E-03
+91.312000E-06,-201.005026698E-03
+91.320000E-06,-201.005026698E-03
+91.328000E-06,-201.005026698E-03
+91.336000E-06,-201.005026698E-03
+91.344000E-06,-201.005026698E-03
+91.352000E-06,-201.005026698E-03
+91.360000E-06,-201.005026698E-03
+91.368000E-06,-402.010050745E-03
+91.376000E-06,-201.005029348E-03
+91.384000E-06,-201.005026698E-03
+91.392000E-06,-201.005026698E-03
+91.400000E-06,-201.005026698E-03
+91.408000E-06,-201.005026698E-03
+91.416000E-06,-402.010050746E-03
+91.424000E-06,-201.005029348E-03
+91.432000E-06,-201.005026698E-03
+91.440000E-06,-201.005026698E-03
+91.448000E-06,-201.005026698E-03
+91.456000E-06,-201.005026698E-03
+91.464000E-06,-402.010050746E-03
+91.472000E-06,-201.005029348E-03
+91.480000E-06,-201.005026698E-03
+91.488000E-06,-201.005026698E-03
+91.496000E-06,-201.005026698E-03
+91.504000E-06,-201.005026698E-03
+91.512000E-06,-201.005026698E-03
+91.520000E-06,-201.005026698E-03
+91.528000E-06,-201.005026698E-03
+91.536000E-06,-201.005026698E-03
+91.544000E-06,-201.005026698E-03
+91.552000E-06,-201.005026698E-03
+91.560000E-06,-201.005026698E-03
+91.568000E-06,-201.005026698E-03
+91.576000E-06,-201.005026698E-03
+91.584000E-06,-201.005026698E-03
+91.592000E-06,-201.005026698E-03
+91.600000E-06,-201.005026698E-03
+91.608000E-06,-201.005026698E-03
+91.616000E-06,-201.005026698E-03
+91.624000E-06,-201.005026698E-03
+91.632000E-06,-201.005026698E-03
+91.640000E-06,-201.005026698E-03
+91.648000E-06,-201.005026698E-03
+91.656000E-06,-201.005026698E-03
+91.664000E-06,-201.005026698E-03
+91.672000E-06,-201.005026698E-03
+91.680000E-06,-201.005026698E-03
+91.688000E-06,-201.005026698E-03
+91.696000E-06,-201.005026698E-03
+91.704000E-06,-201.005026698E-03
+91.712000E-06,-201.005026698E-03
+91.720000E-06,-201.005026698E-03
+91.728000E-06,-201.005026698E-03
+91.736000E-06,-201.005026698E-03
+91.744000E-06,-201.005026698E-03
+91.752000E-06,-201.005026698E-03
+91.760000E-06,-201.005026698E-03
+91.768000E-06,-201.005026698E-03
+91.776000E-06,-201.005026698E-03
+91.784000E-06,-201.005026698E-03
+91.792000E-06,-201.005026698E-03
+91.800000E-06,-201.005026698E-03
+91.808000E-06,-2.646E-09
+91.816000E-06,-201.005024052E-03
+91.824000E-06,-201.005026698E-03
+91.832000E-06,-201.005026698E-03
+91.840000E-06,-201.005026698E-03
+91.848000E-06,-201.005026698E-03
+91.856000E-06,-201.005026698E-03
+91.864000E-06,-201.005026698E-03
+91.872000E-06,-201.005026698E-03
+91.880000E-06,-201.005026698E-03
+91.888000E-06,-201.005026698E-03
+91.896000E-06,-201.005026698E-03
+91.904000E-06,-2.644E-09
+91.912000E-06,-201.005024054E-03
+91.920000E-06,-201.005026698E-03
+91.928000E-06,-201.005026698E-03
+91.936000E-06,-201.005026698E-03
+91.944000E-06,-201.005026698E-03
+91.952000E-06,-201.005026698E-03
+91.960000E-06,-402.010050752E-03
+91.968000E-06,-201.005029342E-03
+91.976000E-06,-201.005026698E-03
+91.984000E-06,-201.005026698E-03
+91.992000E-06,-201.005026698E-03
+92.000000E-06,-201.005026698E-03
+92.008000E-06,-201.005026698E-03
+92.016000E-06,-201.005026698E-03
+92.024000E-06,-2.643E-09
+92.032000E-06,-201.005024055E-03
+92.040000E-06,-201.005026698E-03
+92.048000E-06,-201.005026698E-03
+92.056000E-06,-201.005026698E-03
+92.064000E-06,-201.005026698E-03
+92.072000E-06,-201.005026698E-03
+92.080000E-06,-201.005026698E-03
+92.088000E-06,-201.005026698E-03
+92.096000E-06,-2.641E-09
+92.104000E-06,-201.005024057E-03
+92.112000E-06,-201.005026698E-03
+92.120000E-06,-201.005026698E-03
+92.128000E-06,-201.005026698E-03
+92.136000E-06,-201.005026698E-03
+92.144000E-06,-201.005026698E-03
+92.152000E-06,-201.005026698E-03
+92.160000E-06,-2.641E-09
+92.168000E-06,-201.005024057E-03
+92.176000E-06,-201.005026698E-03
+92.184000E-06,-201.005026698E-03
+92.192000E-06,-201.005026698E-03
+92.200000E-06,-201.005026698E-03
+92.208000E-06,-201.005026698E-03
+92.216000E-06,-201.005026698E-03
+92.224000E-06,-2.640E-09
+92.232000E-06,-201.005024058E-03
+92.240000E-06,-201.005026698E-03
+92.248000E-06,-201.005026698E-03
+92.256000E-06,-201.005026698E-03
+92.264000E-06,-201.005026698E-03
+92.272000E-06,-201.005026698E-03
+92.280000E-06,-201.005026698E-03
+92.288000E-06,-2.640E-09
+92.296000E-06,+0.0E+00
+92.304000E-06,-201.005024058E-03
+92.312000E-06,-2.638E-09
+92.320000E-06,-201.005024060E-03
+92.328000E-06,-2.638E-09
+92.336000E-06,-201.005024060E-03
+92.344000E-06,-201.005026698E-03
+92.352000E-06,-201.005026698E-03
+92.360000E-06,-2.638E-09
+92.368000E-06,+0.0E+00
+92.376000E-06,+0.0E+00
+92.384000E-06,+0.0E+00
+92.392000E-06,+0.0E+00
+92.400000E-06,+0.0E+00
+92.408000E-06,-201.005024060E-03
+92.416000E-06,-2.638E-09
+92.424000E-06,+0.0E+00
+92.432000E-06,-201.005024060E-03
+92.440000E-06,-402.010050758E-03
+92.448000E-06,-201.005029336E-03
+92.456000E-06,-201.005026698E-03
+92.464000E-06,-201.005026698E-03
+92.472000E-06,-201.005026698E-03
+92.480000E-06,-2.637E-09
+92.488000E-06,-201.005024061E-03
+92.496000E-06,-201.005026698E-03
+92.504000E-06,-2.637E-09
+92.512000E-06,+0.0E+00
+92.520000E-06,-201.005024061E-03
+92.528000E-06,-2.637E-09
+92.536000E-06,+0.0E+00
+92.544000E-06,-201.005024063E-03
+92.552000E-06,-201.005026698E-03
+92.560000E-06,-201.005026698E-03
+92.568000E-06,-201.005026698E-03
+92.576000E-06,-201.005026698E-03
+92.584000E-06,-201.005026698E-03
+92.592000E-06,-201.005026698E-03
+92.600000E-06,-201.005026698E-03
+92.608000E-06,-201.005026698E-03
+92.616000E-06,-201.005026698E-03
+92.624000E-06,-2.635E-09
+92.632000E-06,+0.0E+00
+92.640000E-06,-201.005024063E-03
+92.648000E-06,-2.635E-09
+92.656000E-06,+0.0E+00
+92.664000E-06,-201.005024063E-03
+92.672000E-06,-201.005026698E-03
+92.680000E-06,-2.635E-09
+92.688000E-06,+0.0E+00
+92.696000E-06,+0.0E+00
+92.704000E-06,-201.005024064E-03
+92.712000E-06,-201.005026698E-03
+92.720000E-06,-2.634E-09
+92.728000E-06,-201.005024064E-03
+92.736000E-06,-2.634E-09
+92.744000E-06,+0.0E+00
+92.752000E-06,-201.005024064E-03
+92.760000E-06,-201.005026698E-03
+92.768000E-06,-2.634E-09
+92.776000E-06,-201.005024066E-03
+92.784000E-06,-201.005026698E-03
+92.792000E-06,-201.005026698E-03
+92.800000E-06,-2.633E-09
+92.808000E-06,+0.0E+00
+92.816000E-06,-201.005024066E-03
+92.824000E-06,-201.005026698E-03
+92.832000E-06,-201.005026698E-03
+92.840000E-06,-2.633E-09
+92.848000E-06,+0.0E+00
+92.856000E-06,-201.005024066E-03
+92.864000E-06,-201.005026698E-03
+92.872000E-06,-2.633E-09
+92.880000E-06,-201.005024066E-03
+92.888000E-06,-2.633E-09
+92.896000E-06,-201.005024066E-03
+92.904000E-06,-201.005026698E-03
+92.912000E-06,-2.633E-09
+92.920000E-06,+0.0E+00
+92.928000E-06,+0.0E+00
+92.936000E-06,+0.0E+00
+92.944000E-06,-201.005024067E-03
+92.952000E-06,-2.631E-09
+92.960000E-06,+0.0E+00
+92.968000E-06,+0.0E+00
+92.976000E-06,+0.0E+00
+92.984000E-06,-201.005024067E-03
+92.992000E-06,-201.005026698E-03
+93.000000E-06,-2.631E-09
+93.008000E-06,-201.005024069E-03
+93.016000E-06,-2.630E-09
+93.024000E-06,+0.0E+00
+93.032000E-06,+0.0E+00
+93.040000E-06,-201.005024069E-03
+93.048000E-06,-2.630E-09
+93.056000E-06,+0.0E+00
+93.064000E-06,+0.0E+00
+93.072000E-06,-201.005024069E-03
+93.080000E-06,-2.630E-09
+93.088000E-06,+0.0E+00
+93.096000E-06,+0.0E+00
+93.104000E-06,+0.0E+00
+93.112000E-06,+0.0E+00
+93.120000E-06,+0.0E+00
+93.128000E-06,-201.005024069E-03
+93.136000E-06,-2.630E-09
+93.144000E-06,+0.0E+00
+93.152000E-06,+0.0E+00
+93.160000E-06,+0.0E+00
+93.168000E-06,+0.0E+00
+93.176000E-06,+0.0E+00
+93.184000E-06,+0.0E+00
+93.192000E-06,-201.005024070E-03
+93.200000E-06,-201.005026698E-03
+93.208000E-06,-2.628E-09
+93.216000E-06,-201.005024070E-03
+93.224000E-06,-2.628E-09
+93.232000E-06,-201.005024070E-03
+93.240000E-06,-201.005026698E-03
+93.248000E-06,-2.627E-09
+93.256000E-06,+0.0E+00
+93.264000E-06,+0.0E+00
+93.272000E-06,+0.0E+00
+93.280000E-06,+0.0E+00
+93.288000E-06,+0.0E+00
+93.296000E-06,+0.0E+00
+93.304000E-06,+0.0E+00
+93.312000E-06,+0.0E+00
+93.320000E-06,-201.005024071E-03
+93.328000E-06,-2.627E-09
+93.336000E-06,+0.0E+00
+93.344000E-06,+0.0E+00
+93.352000E-06,+0.0E+00
+93.360000E-06,+0.0E+00
+93.368000E-06,+0.0E+00
+93.376000E-06,-201.005024071E-03
+93.384000E-06,-2.625E-09
+93.392000E-06,+0.0E+00
+93.400000E-06,-201.005024073E-03
+93.408000E-06,-2.625E-09
+93.416000E-06,+201.005024073E-03
+93.424000E-06,-201.005021448E-03
+93.432000E-06,-2.625E-09
+93.440000E-06,+0.0E+00
+93.448000E-06,+0.0E+00
+93.456000E-06,+0.0E+00
+93.464000E-06,+0.0E+00
+93.472000E-06,-201.005024074E-03
+93.480000E-06,-2.624E-09
+93.488000E-06,+0.0E+00
+93.496000E-06,+0.0E+00
+93.504000E-06,+201.005024074E-03
+93.512000E-06,+2.624E-09
+93.520000E-06,+0.0E+00
+93.528000E-06,+0.0E+00
+93.536000E-06,+0.0E+00
+93.544000E-06,+0.0E+00
+93.552000E-06,+0.0E+00
+93.560000E-06,+0.0E+00
+93.568000E-06,+0.0E+00
+93.576000E-06,+0.0E+00
+93.584000E-06,+0.0E+00
+93.592000E-06,+0.0E+00
+93.600000E-06,+0.0E+00
+93.608000E-06,+201.005024074E-03
+93.616000E-06,+2.624E-09
+93.624000E-06,+0.0E+00
+93.632000E-06,+0.0E+00
+93.640000E-06,+0.0E+00
+93.648000E-06,+0.0E+00
+93.656000E-06,+0.0E+00
+93.664000E-06,+0.0E+00
+93.672000E-06,+0.0E+00
+93.680000E-06,+0.0E+00
+93.688000E-06,+0.0E+00
+93.696000E-06,+0.0E+00
+93.704000E-06,+0.0E+00
+93.712000E-06,+0.0E+00
+93.720000E-06,+201.005024077E-03
+93.728000E-06,+2.621E-09
+93.736000E-06,+0.0E+00
+93.744000E-06,+0.0E+00
+93.752000E-06,+0.0E+00
+93.760000E-06,+0.0E+00
+93.768000E-06,+0.0E+00
+93.776000E-06,+0.0E+00
+93.784000E-06,+0.0E+00
+93.792000E-06,+0.0E+00
+93.800000E-06,+0.0E+00
+93.808000E-06,+0.0E+00
+93.816000E-06,+0.0E+00
+93.824000E-06,+0.0E+00
+93.832000E-06,+0.0E+00
+93.840000E-06,+0.0E+00
+93.848000E-06,+0.0E+00
+93.856000E-06,+0.0E+00
+93.864000E-06,+0.0E+00
+93.872000E-06,+201.005024079E-03
+93.880000E-06,+201.005026698E-03
+93.888000E-06,+2.619E-09
+93.896000E-06,+0.0E+00
+93.904000E-06,+0.0E+00
+93.912000E-06,+0.0E+00
+93.920000E-06,+0.0E+00
+93.928000E-06,+0.0E+00
+93.936000E-06,+0.0E+00
+93.944000E-06,+201.005024080E-03
+93.952000E-06,+201.005026698E-03
+93.960000E-06,+2.618E-09
+93.968000E-06,+0.0E+00
+93.976000E-06,+0.0E+00
+93.984000E-06,+0.0E+00
+93.992000E-06,+0.0E+00
+94.000000E-06,+0.0E+00
+94.008000E-06,+0.0E+00
+94.016000E-06,+0.0E+00
+94.024000E-06,+0.0E+00
+94.032000E-06,+0.0E+00
+94.040000E-06,+201.005024080E-03
+94.048000E-06,+2.618E-09
+94.056000E-06,+0.0E+00
+94.064000E-06,+0.0E+00
+94.072000E-06,+0.0E+00
+94.080000E-06,+0.0E+00
+94.088000E-06,+201.005024082E-03
+94.096000E-06,+2.616E-09
+94.104000E-06,+0.0E+00
+94.112000E-06,+0.0E+00
+94.120000E-06,+0.0E+00
+94.128000E-06,+0.0E+00
+94.136000E-06,+0.0E+00
+94.144000E-06,+0.0E+00
+94.152000E-06,+0.0E+00
+94.160000E-06,+201.005024082E-03
+94.168000E-06,+2.616E-09
+94.176000E-06,+201.005024083E-03
+94.184000E-06,+2.615E-09
+94.192000E-06,+0.0E+00
+94.200000E-06,+201.005024083E-03
+94.208000E-06,+2.615E-09
+94.216000E-06,+0.0E+00
+94.224000E-06,+0.0E+00
+94.232000E-06,+0.0E+00
+94.240000E-06,+0.0E+00
+94.248000E-06,+0.0E+00
+94.256000E-06,+0.0E+00
+94.264000E-06,+0.0E+00
+94.272000E-06,+0.0E+00
+94.280000E-06,+0.0E+00
+94.288000E-06,+201.005024083E-03
+94.296000E-06,+2.615E-09
+94.304000E-06,+0.0E+00
+94.312000E-06,+201.005024083E-03
+94.320000E-06,+2.613E-09
+94.328000E-06,+0.0E+00
+94.336000E-06,+201.005024085E-03
+94.344000E-06,+2.613E-09
+94.352000E-06,+201.005024085E-03
+94.360000E-06,+2.613E-09
+94.368000E-06,+0.0E+00
+94.376000E-06,+0.0E+00
+94.384000E-06,+0.0E+00
+94.392000E-06,+0.0E+00
+94.400000E-06,+201.005024085E-03
+94.408000E-06,+201.005026698E-03
+94.416000E-06,+2.612E-09
+94.424000E-06,+201.005024086E-03
+94.432000E-06,+201.005026698E-03
+94.440000E-06,+2.612E-09
+94.448000E-06,+201.005024086E-03
+94.456000E-06,+201.005026698E-03
+94.464000E-06,+2.612E-09
+94.472000E-06,+0.0E+00
+94.480000E-06,+201.005024086E-03
+94.488000E-06,+201.005026698E-03
+94.496000E-06,+201.005026698E-03
+94.504000E-06,+2.612E-09
+94.512000E-06,+0.0E+00
+94.520000E-06,+0.0E+00
+94.528000E-06,+0.0E+00
+94.536000E-06,+0.0E+00
+94.544000E-06,+0.0E+00
+94.552000E-06,+201.005024088E-03
+94.560000E-06,+201.005026698E-03
+94.568000E-06,+201.005026698E-03
+94.576000E-06,+2.611E-09
+94.584000E-06,+201.005024088E-03
+94.592000E-06,+2.611E-09
+94.600000E-06,+201.005024088E-03
+94.608000E-06,+2.611E-09
+94.616000E-06,+0.0E+00
+94.624000E-06,+201.005024088E-03
+94.632000E-06,+2.611E-09
+94.640000E-06,+0.0E+00
+94.648000E-06,+201.005024089E-03
+94.656000E-06,+201.005026698E-03
+94.664000E-06,+2.609E-09
+94.672000E-06,+0.0E+00
+94.680000E-06,+0.0E+00
+94.688000E-06,+0.0E+00
+94.696000E-06,+0.0E+00
+94.704000E-06,+201.005024089E-03
+94.712000E-06,+2.609E-09
+94.720000E-06,+201.005024089E-03
+94.728000E-06,+2.609E-09
+94.736000E-06,+0.0E+00
+94.744000E-06,+0.0E+00
+94.752000E-06,+0.0E+00
+94.760000E-06,+201.005024089E-03
+94.768000E-06,+2.609E-09
+94.776000E-06,+0.0E+00
+94.784000E-06,+201.005024089E-03
+94.792000E-06,+2.608E-09
+94.800000E-06,+0.0E+00
+94.808000E-06,+201.005024090E-03
+94.816000E-06,+201.005026698E-03
+94.824000E-06,+2.608E-09
+94.832000E-06,+201.005024090E-03
+94.840000E-06,+201.005026698E-03
+94.848000E-06,+201.005026698E-03
+94.856000E-06,+201.005026698E-03
+94.864000E-06,+2.608E-09
+94.872000E-06,+0.0E+00
+94.880000E-06,+201.005024092E-03
+94.888000E-06,+2.606E-09
+94.896000E-06,+0.0E+00
+94.904000E-06,+201.005024092E-03
+94.912000E-06,+2.606E-09
+94.920000E-06,+201.005024092E-03
+94.928000E-06,+201.005026698E-03
+94.936000E-06,+2.606E-09
+94.944000E-06,+201.005024092E-03
+94.952000E-06,+201.005026698E-03
+94.960000E-06,+201.005026698E-03
+94.968000E-06,+2.606E-09
+94.976000E-06,+0.0E+00
+94.984000E-06,+201.005024092E-03
+94.992000E-06,+2.606E-09
+95.000000E-06,+0.0E+00
+95.008000E-06,+201.005024092E-03
+95.016000E-06,+2.606E-09
+95.024000E-06,+201.005024093E-03
+95.032000E-06,+201.005026698E-03
+95.040000E-06,+201.005026698E-03
+95.048000E-06,+2.605E-09
+95.056000E-06,+201.005024093E-03
+95.064000E-06,+201.005026698E-03
+95.072000E-06,+2.605E-09
+95.080000E-06,+201.005024093E-03
+95.088000E-06,+201.005026698E-03
+95.096000E-06,+201.005026698E-03
+95.104000E-06,+201.005026698E-03
+95.112000E-06,+201.005026698E-03
+95.120000E-06,+2.603E-09
+95.128000E-06,+201.005024095E-03
+95.136000E-06,+201.005026698E-03
+95.144000E-06,+201.005026698E-03
+95.152000E-06,+201.005026698E-03
+95.160000E-06,+201.005026698E-03
+95.168000E-06,+201.005026698E-03
+95.176000E-06,+201.005026698E-03
+95.184000E-06,+201.005026698E-03
+95.192000E-06,+201.005026698E-03
+95.200000E-06,+2.603E-09
+95.208000E-06,+0.0E+00
+95.216000E-06,+201.005024095E-03
+95.224000E-06,+2.603E-09
+95.232000E-06,+201.005024095E-03
+95.240000E-06,+2.603E-09
+95.248000E-06,+201.005024095E-03
+95.256000E-06,+2.602E-09
+95.264000E-06,+0.0E+00
+95.272000E-06,+0.0E+00
+95.280000E-06,+201.005024096E-03
+95.288000E-06,+2.602E-09
+95.296000E-06,+201.005024096E-03
+95.304000E-06,+201.005026698E-03
+95.312000E-06,+2.602E-09
+95.320000E-06,+201.005024096E-03
+95.328000E-06,+2.602E-09
+95.336000E-06,+0.0E+00
+95.344000E-06,+201.005024098E-03
+95.352000E-06,+201.005026698E-03
+95.360000E-06,+2.600E-09
+95.368000E-06,+201.005024098E-03
+95.376000E-06,+201.005026698E-03
+95.384000E-06,+201.005026698E-03
+95.392000E-06,+2.600E-09
+95.400000E-06,+201.005024098E-03
+95.408000E-06,+201.005026698E-03
+95.416000E-06,+201.005026698E-03
+95.424000E-06,+201.005026698E-03
+95.432000E-06,+201.005026698E-03
+95.440000E-06,+201.005026698E-03
+95.448000E-06,+201.005026698E-03
+95.456000E-06,+201.005026698E-03
+95.464000E-06,+201.005026698E-03
+95.472000E-06,+201.005026698E-03
+95.480000E-06,+201.005026698E-03
+95.488000E-06,+2.599E-09
+95.496000E-06,+201.005024099E-03
+95.504000E-06,+201.005026698E-03
+95.512000E-06,+201.005026698E-03
+95.520000E-06,+201.005026698E-03
+95.528000E-06,+201.005026698E-03
+95.536000E-06,+2.599E-09
+95.544000E-06,+201.005024099E-03
+95.552000E-06,+201.005026698E-03
+95.560000E-06,+201.005026698E-03
+95.568000E-06,+201.005026698E-03
+95.576000E-06,+201.005026698E-03
+95.584000E-06,+201.005026698E-03
+95.592000E-06,+201.005026698E-03
+95.600000E-06,+2.597E-09
+95.608000E-06,+201.005024101E-03
+95.616000E-06,+201.005026698E-03
+95.624000E-06,+201.005026698E-03
+95.632000E-06,+201.005026698E-03
+95.640000E-06,+201.005026698E-03
+95.648000E-06,+201.005026698E-03
+95.656000E-06,+2.597E-09
+95.664000E-06,+0.0E+00
+95.672000E-06,+0.0E+00
+95.680000E-06,+201.005024101E-03
+95.688000E-06,+2.597E-09
+95.696000E-06,+201.005024101E-03
+95.704000E-06,+201.005026698E-03
+95.712000E-06,+201.005026698E-03
+95.720000E-06,+201.005026698E-03
+95.728000E-06,+2.596E-09
+95.736000E-06,+0.0E+00
+95.744000E-06,+201.005024102E-03
+95.752000E-06,+201.005026698E-03
+95.760000E-06,+201.005026698E-03
+95.768000E-06,+201.005026698E-03
+95.776000E-06,+201.005026698E-03
+95.784000E-06,+201.005026698E-03
+95.792000E-06,+201.005026698E-03
+95.800000E-06,+2.596E-09
+95.808000E-06,+201.005024104E-03
+95.816000E-06,+201.005026698E-03
+95.824000E-06,+201.005026698E-03
+95.832000E-06,+201.005026698E-03
+95.840000E-06,+201.005026698E-03
+95.848000E-06,+201.005026698E-03
+95.856000E-06,+201.005026698E-03
+95.864000E-06,+201.005026698E-03
+95.872000E-06,+2.594E-09
+95.880000E-06,+201.005024104E-03
+95.888000E-06,+201.005026698E-03
+95.896000E-06,+201.005026698E-03
+95.904000E-06,+201.005026698E-03
+95.912000E-06,+201.005026698E-03
+95.920000E-06,+2.594E-09
+95.928000E-06,+201.005024104E-03
+95.936000E-06,+201.005026698E-03
+95.944000E-06,+201.005026698E-03
+95.952000E-06,+201.005026698E-03
+95.960000E-06,+201.005026698E-03
+95.968000E-06,+201.005026698E-03
+95.976000E-06,+2.593E-09
+95.984000E-06,+201.005024105E-03
+95.992000E-06,+201.005026698E-03
+96.000000E-06,+201.005026698E-03
+96.008000E-06,+2.593E-09
+96.016000E-06,+201.005024105E-03
+96.024000E-06,+2.593E-09
+96.032000E-06,+201.005024105E-03
+96.040000E-06,+201.005026698E-03
+96.048000E-06,+201.005026698E-03
+96.056000E-06,+201.005026698E-03
+96.064000E-06,+2.592E-09
+96.072000E-06,+201.005024107E-03
+96.080000E-06,+2.592E-09
+96.088000E-06,+201.005024107E-03
+96.096000E-06,+201.005026698E-03
+96.104000E-06,+201.005026698E-03
+96.112000E-06,+201.005026698E-03
+96.120000E-06,+201.005026698E-03
+96.128000E-06,+201.005026698E-03
+96.136000E-06,+201.005026698E-03
+96.144000E-06,+201.005026698E-03
+96.152000E-06,+201.005026698E-03
+96.160000E-06,+201.005026698E-03
+96.168000E-06,+201.005026698E-03
+96.176000E-06,+201.005026698E-03
+96.184000E-06,+201.005026698E-03
+96.192000E-06,+2.590E-09
+96.200000E-06,+0.0E+00
+96.208000E-06,+201.005024108E-03
+96.216000E-06,+201.005026698E-03
+96.224000E-06,+201.005026698E-03
+96.232000E-06,+201.005026698E-03
+96.240000E-06,+201.005026698E-03
+96.248000E-06,+201.005026698E-03
+96.256000E-06,+201.005026698E-03
+96.264000E-06,+201.005026698E-03
+96.272000E-06,+201.005026698E-03
+96.280000E-06,+2.589E-09
+96.288000E-06,+201.005024109E-03
+96.296000E-06,+201.005026698E-03
+96.304000E-06,+2.589E-09
+96.312000E-06,+0.0E+00
+96.320000E-06,+201.005024109E-03
+96.328000E-06,+2.589E-09
+96.336000E-06,+201.005024109E-03
+96.344000E-06,+201.005026698E-03
+96.352000E-06,+201.005026698E-03
+96.360000E-06,+201.005026698E-03
+96.368000E-06,+201.005026698E-03
+96.376000E-06,+201.005026698E-03
+96.384000E-06,+201.005026698E-03
+96.392000E-06,+2.589E-09
+96.400000E-06,+201.005024109E-03
+96.408000E-06,+2.589E-09
+96.416000E-06,+201.005024109E-03
+96.424000E-06,+2.587E-09
+96.432000E-06,+201.005024111E-03
+96.440000E-06,+2.587E-09
+96.448000E-06,+0.0E+00
+96.456000E-06,+201.005024111E-03
+96.464000E-06,+201.005026698E-03
+96.472000E-06,+201.005026698E-03
+96.480000E-06,+201.005026698E-03
+96.488000E-06,+2.587E-09
+96.496000E-06,+201.005024111E-03
+96.504000E-06,+2.587E-09
+96.512000E-06,+201.005024112E-03
+96.520000E-06,+201.005026698E-03
+96.528000E-06,+2.586E-09
+96.536000E-06,+201.005024112E-03
+96.544000E-06,+201.005026698E-03
+96.552000E-06,+2.586E-09
+96.560000E-06,+201.005024112E-03
+96.568000E-06,+201.005026698E-03
+96.576000E-06,+2.586E-09
+96.584000E-06,+201.005024112E-03
+96.592000E-06,+201.005026698E-03
+96.600000E-06,+201.005026698E-03
+96.608000E-06,+201.005026698E-03
+96.616000E-06,+201.005026698E-03
+96.624000E-06,+201.005026698E-03
+96.632000E-06,+2.586E-09
+96.640000E-06,+201.005024112E-03
+96.648000E-06,+201.005026698E-03
+96.656000E-06,+201.005026698E-03
+96.664000E-06,+201.005026698E-03
+96.672000E-06,+2.584E-09
+96.680000E-06,+0.0E+00
+96.688000E-06,+201.005024114E-03
+96.696000E-06,+201.005026698E-03
+96.704000E-06,+201.005026698E-03
+96.712000E-06,+201.005026698E-03
+96.720000E-06,+201.005026698E-03
+96.728000E-06,+201.005026698E-03
+96.736000E-06,+2.584E-09
+96.744000E-06,+201.005024115E-03
+96.752000E-06,+201.005026698E-03
+96.760000E-06,+201.005026698E-03
+96.768000E-06,+201.005026698E-03
+96.776000E-06,+2.583E-09
+96.784000E-06,+0.0E+00
+96.792000E-06,+201.005024115E-03
+96.800000E-06,+201.005026698E-03
+96.808000E-06,+2.583E-09
+96.816000E-06,+201.005024115E-03
+96.824000E-06,+201.005026698E-03
+96.832000E-06,+201.005026698E-03
+96.840000E-06,+201.005026698E-03
+96.848000E-06,+201.005026698E-03
+96.856000E-06,+2.583E-09
+96.864000E-06,+201.005024115E-03
+96.872000E-06,+201.005026698E-03
+96.880000E-06,+201.005026698E-03
+96.888000E-06,+201.005026698E-03
+96.896000E-06,+2.581E-09
+96.904000E-06,+0.0E+00
+96.912000E-06,+201.005024117E-03
+96.920000E-06,+201.005026698E-03
+96.928000E-06,+2.581E-09
+96.936000E-06,+201.005024117E-03
+96.944000E-06,+201.005026698E-03
+96.952000E-06,+201.005026698E-03
+96.960000E-06,+201.005026698E-03
+96.968000E-06,+2.581E-09
+96.976000E-06,+201.005024118E-03
+96.984000E-06,+201.005026698E-03
+96.992000E-06,+201.005026698E-03
+97.000000E-06,+201.005026698E-03
+97.008000E-06,+201.005026698E-03
+97.016000E-06,+2.580E-09
+97.024000E-06,+0.0E+00
+97.032000E-06,+201.005024118E-03
+97.040000E-06,+201.005026698E-03
+97.048000E-06,+201.005026698E-03
+97.056000E-06,+201.005026698E-03
+97.064000E-06,+201.005026698E-03
+97.072000E-06,+201.005026698E-03
+97.080000E-06,+201.005026698E-03
+97.088000E-06,+2.580E-09
+97.096000E-06,+0.0E+00
+97.104000E-06,+0.0E+00
+97.112000E-06,+201.005024118E-03
+97.120000E-06,+2.578E-09
+97.128000E-06,+0.0E+00
+97.136000E-06,+0.0E+00
+97.144000E-06,+0.0E+00
+97.152000E-06,+201.005024120E-03
+97.160000E-06,+2.578E-09
+97.168000E-06,+201.005024120E-03
+97.176000E-06,+201.005026698E-03
+97.184000E-06,+201.005026698E-03
+97.192000E-06,+201.005026698E-03
+97.200000E-06,+201.005026698E-03
+97.208000E-06,+2.577E-09
+97.216000E-06,+201.005024121E-03
+97.224000E-06,+201.005026698E-03
+97.232000E-06,+2.577E-09
+97.240000E-06,+0.0E+00
+97.248000E-06,+201.005024121E-03
+97.256000E-06,+2.577E-09
+97.264000E-06,+0.0E+00
+97.272000E-06,+201.005024121E-03
+97.280000E-06,+2.577E-09
+97.288000E-06,+201.005024121E-03
+97.296000E-06,+201.005026698E-03
+97.304000E-06,+201.005026698E-03
+97.312000E-06,+2.577E-09
+97.320000E-06,+0.0E+00
+97.328000E-06,+201.005024121E-03
+97.336000E-06,+201.005026698E-03
+97.344000E-06,+2.577E-09
+97.352000E-06,+201.005024123E-03
+97.360000E-06,+201.005026698E-03
+97.368000E-06,+2.575E-09
+97.376000E-06,+201.005024123E-03
+97.384000E-06,+201.005026698E-03
+97.392000E-06,+2.575E-09
+97.400000E-06,+0.0E+00
+97.408000E-06,+201.005024123E-03
+97.416000E-06,+201.005026698E-03
+97.424000E-06,+201.005026698E-03
+97.432000E-06,+201.005026698E-03
+97.440000E-06,+2.574E-09
+97.448000E-06,+0.0E+00
+97.456000E-06,+201.005024124E-03
+97.464000E-06,+2.574E-09
+97.472000E-06,+0.0E+00
+97.480000E-06,+0.0E+00
+97.488000E-06,+201.005024124E-03
+97.496000E-06,+201.005026698E-03
+97.504000E-06,+201.005026698E-03
+97.512000E-06,+2.574E-09
+97.520000E-06,+0.0E+00
+97.528000E-06,+0.0E+00
+97.536000E-06,+201.005024124E-03
+97.544000E-06,+2.574E-09
+97.552000E-06,+201.005024124E-03
+97.560000E-06,+201.005026698E-03
+97.568000E-06,+2.574E-09
+97.576000E-06,+201.005024124E-03
+97.584000E-06,+2.574E-09
+97.592000E-06,+0.0E+00
+97.600000E-06,+201.005024126E-03
+97.608000E-06,+201.005026698E-03
+97.616000E-06,+2.573E-09
+97.624000E-06,+201.005024126E-03
+97.632000E-06,+201.005026698E-03
+97.640000E-06,+2.573E-09
+97.648000E-06,+201.005024126E-03
+97.656000E-06,+2.573E-09
+97.664000E-06,+201.005024126E-03
+97.672000E-06,+201.005026698E-03
+97.680000E-06,+201.005026698E-03
+97.688000E-06,+2.571E-09
+97.696000E-06,+201.005024127E-03
+97.704000E-06,+201.005026698E-03
+97.712000E-06,+2.571E-09
+97.720000E-06,+201.005024127E-03
+97.728000E-06,+201.005026698E-03
+97.736000E-06,+201.005026698E-03
+97.744000E-06,+201.005026698E-03
+97.752000E-06,+2.571E-09
+97.760000E-06,+0.0E+00
+97.768000E-06,+201.005024127E-03
+97.776000E-06,+2.571E-09
+97.784000E-06,+201.005024127E-03
+97.792000E-06,+2.571E-09
+97.800000E-06,+0.0E+00
+97.808000E-06,+0.0E+00
+97.816000E-06,+0.0E+00
+97.824000E-06,+0.0E+00
+97.832000E-06,+0.0E+00
+97.840000E-06,+0.0E+00
+97.848000E-06,+0.0E+00
+97.856000E-06,+0.0E+00
+97.864000E-06,+201.005024128E-03
+97.872000E-06,+2.570E-09
+97.880000E-06,+0.0E+00
+97.888000E-06,+0.0E+00
+97.896000E-06,+0.0E+00
+97.904000E-06,+201.005024128E-03
+97.912000E-06,+201.005026698E-03
+97.920000E-06,+201.005026698E-03
+97.928000E-06,+201.005026698E-03
+97.936000E-06,+201.005026698E-03
+97.944000E-06,+2.568E-09
+97.952000E-06,+0.0E+00
+97.960000E-06,+201.005024130E-03
+97.968000E-06,+201.005026698E-03
+97.976000E-06,+2.568E-09
+97.984000E-06,+0.0E+00
+97.992000E-06,+0.0E+00
+98.000000E-06,+0.0E+00
+98.008000E-06,+0.0E+00
+98.016000E-06,+0.0E+00
+98.024000E-06,+0.0E+00
+98.032000E-06,+201.005024130E-03
+98.040000E-06,+2.568E-09
+98.048000E-06,+0.0E+00
+98.056000E-06,+201.005024131E-03
+98.064000E-06,+2.567E-09
+98.072000E-06,+201.005024131E-03
+98.080000E-06,+201.005026698E-03
+98.088000E-06,+2.567E-09
+98.096000E-06,+0.0E+00
+98.104000E-06,+0.0E+00
+98.112000E-06,+0.0E+00
+98.120000E-06,+0.0E+00
+98.128000E-06,+0.0E+00
+98.136000E-06,+0.0E+00
+98.144000E-06,+0.0E+00
+98.152000E-06,+201.005024133E-03
+98.160000E-06,+2.565E-09
+98.168000E-06,+0.0E+00
+98.176000E-06,+0.0E+00
+98.184000E-06,+0.0E+00
+98.192000E-06,+201.005024133E-03
+98.200000E-06,+2.565E-09
+98.208000E-06,+201.005024133E-03
+98.216000E-06,+2.565E-09
+98.224000E-06,+0.0E+00
+98.232000E-06,+0.0E+00
+98.240000E-06,+0.0E+00
+98.248000E-06,+0.0E+00
+98.256000E-06,+201.005024133E-03
+98.264000E-06,+201.005026698E-03
+98.272000E-06,+2.565E-09
+98.280000E-06,+0.0E+00
+98.288000E-06,+0.0E+00
+98.296000E-06,+0.0E+00
+98.304000E-06,+0.0E+00
+98.312000E-06,+0.0E+00
+98.320000E-06,+0.0E+00
+98.328000E-06,+201.005024134E-03
+98.336000E-06,+2.564E-09
+98.344000E-06,+0.0E+00
+98.352000E-06,+0.0E+00
+98.360000E-06,+0.0E+00
+98.368000E-06,+0.0E+00
+98.376000E-06,+0.0E+00
+98.384000E-06,+0.0E+00
+98.392000E-06,+0.0E+00
+98.400000E-06,+0.0E+00
+98.408000E-06,+0.0E+00
+98.416000E-06,+0.0E+00
+98.424000E-06,+0.0E+00
+98.432000E-06,+201.005024136E-03
+98.440000E-06,+2.562E-09
+98.448000E-06,+0.0E+00
+98.456000E-06,+0.0E+00
+98.464000E-06,+0.0E+00
+98.472000E-06,+0.0E+00
+98.480000E-06,+0.0E+00
+98.488000E-06,+0.0E+00
+98.496000E-06,+0.0E+00
+98.504000E-06,+0.0E+00
+98.512000E-06,+201.005024136E-03
+98.520000E-06,+2.561E-09
+98.528000E-06,+0.0E+00
+98.536000E-06,+0.0E+00
+98.544000E-06,+0.0E+00
+98.552000E-06,-201.005024137E-03
+98.560000E-06,-2.561E-09
+98.568000E-06,+201.005024137E-03
+98.576000E-06,+2.561E-09
+98.584000E-06,+0.0E+00
+98.592000E-06,+0.0E+00
+98.600000E-06,+0.0E+00
+98.608000E-06,+0.0E+00
+98.616000E-06,+0.0E+00
+98.624000E-06,+0.0E+00
+98.632000E-06,+0.0E+00
+98.640000E-06,+0.0E+00
+98.648000E-06,+201.005024139E-03
+98.656000E-06,+2.559E-09
+98.664000E-06,+0.0E+00
+98.672000E-06,+0.0E+00
+98.680000E-06,+0.0E+00
+98.688000E-06,+0.0E+00
+98.696000E-06,+0.0E+00
+98.704000E-06,+0.0E+00
+98.712000E-06,+201.005024139E-03
+98.720000E-06,+201.005026698E-03
+98.728000E-06,+201.005026698E-03
+98.736000E-06,+2.559E-09
+98.744000E-06,+201.005024139E-03
+98.752000E-06,+2.559E-09
+98.760000E-06,+201.005024140E-03
+98.768000E-06,+2.558E-09
+98.776000E-06,+201.005024140E-03
+98.784000E-06,+2.558E-09
+98.792000E-06,+0.0E+00
+98.800000E-06,+0.0E+00
+98.808000E-06,+0.0E+00
+98.816000E-06,+0.0E+00
+98.824000E-06,+0.0E+00
+98.832000E-06,+0.0E+00
+98.840000E-06,+0.0E+00
+98.848000E-06,+0.0E+00
+98.856000E-06,+0.0E+00
+98.864000E-06,+0.0E+00
+98.872000E-06,+0.0E+00
+98.880000E-06,+0.0E+00
+98.888000E-06,+0.0E+00
+98.896000E-06,-201.005024142E-03
+98.904000E-06,-2.556E-09
+98.912000E-06,+0.0E+00
+98.920000E-06,+0.0E+00
+98.928000E-06,+201.005024142E-03
+98.936000E-06,+2.556E-09
+98.944000E-06,+0.0E+00
+98.952000E-06,+201.005024142E-03
+98.960000E-06,+2.556E-09
+98.968000E-06,+0.0E+00
+98.976000E-06,+0.0E+00
+98.984000E-06,+0.0E+00
+98.992000E-06,+0.0E+00
+99.000000E-06,+0.0E+00
+99.008000E-06,+0.0E+00
+99.016000E-06,+0.0E+00
+99.024000E-06,+0.0E+00
+99.032000E-06,+0.0E+00
+99.040000E-06,+0.0E+00
+99.048000E-06,+0.0E+00
+99.056000E-06,+0.0E+00
+99.064000E-06,+0.0E+00
+99.072000E-06,+0.0E+00
+99.080000E-06,+0.0E+00
+99.088000E-06,+0.0E+00
+99.096000E-06,+0.0E+00
+99.104000E-06,+0.0E+00
+99.112000E-06,+0.0E+00
+99.120000E-06,+0.0E+00
+99.128000E-06,+0.0E+00
+99.136000E-06,+0.0E+00
+99.144000E-06,+0.0E+00
+99.152000E-06,+0.0E+00
+99.160000E-06,+0.0E+00
+99.168000E-06,+0.0E+00
+99.176000E-06,+0.0E+00
+99.184000E-06,+0.0E+00
+99.192000E-06,+201.005024145E-03
+99.200000E-06,+2.554E-09
+99.208000E-06,+0.0E+00
+99.216000E-06,+0.0E+00
+99.224000E-06,+0.0E+00
+99.232000E-06,+0.0E+00
+99.240000E-06,+0.0E+00
+99.248000E-06,+0.0E+00
+99.256000E-06,-201.005024146E-03
+99.264000E-06,-2.552E-09
+99.272000E-06,+0.0E+00
+99.280000E-06,+0.0E+00
+99.288000E-06,+0.0E+00
+99.296000E-06,+0.0E+00
+99.304000E-06,+0.0E+00
+99.312000E-06,+0.0E+00
+99.320000E-06,+0.0E+00
+99.328000E-06,+0.0E+00
+99.336000E-06,-201.005024148E-03
+99.344000E-06,-2.551E-09
+99.352000E-06,+0.0E+00
+99.360000E-06,+0.0E+00
+99.368000E-06,+0.0E+00
+99.376000E-06,+0.0E+00
+99.384000E-06,+0.0E+00
+99.392000E-06,+0.0E+00
+99.400000E-06,+0.0E+00
+99.408000E-06,+0.0E+00
+99.416000E-06,+0.0E+00
+99.424000E-06,+0.0E+00
+99.432000E-06,+0.0E+00
+99.440000E-06,+0.0E+00
+99.448000E-06,+0.0E+00
+99.456000E-06,+0.0E+00
+99.464000E-06,+0.0E+00
+99.472000E-06,+0.0E+00
+99.480000E-06,-201.005024149E-03
+99.488000E-06,-201.005026698E-03
+99.496000E-06,-2.549E-09
+99.504000E-06,+0.0E+00
+99.512000E-06,+0.0E+00
+99.520000E-06,+0.0E+00
+99.528000E-06,+0.0E+00
+99.536000E-06,+0.0E+00
+99.544000E-06,+0.0E+00
+99.552000E-06,+0.0E+00
+99.560000E-06,+0.0E+00
+99.568000E-06,+0.0E+00
+99.576000E-06,+0.0E+00
+99.584000E-06,-201.005024150E-03
+99.592000E-06,-201.005026698E-03
+99.600000E-06,-2.548E-09
+99.608000E-06,-201.005024150E-03
+99.616000E-06,-2.548E-09
+99.624000E-06,+0.0E+00
+99.632000E-06,+0.0E+00
+99.640000E-06,+0.0E+00
+99.648000E-06,+0.0E+00
+99.656000E-06,-201.005024150E-03
+99.664000E-06,-201.005026698E-03
+99.672000E-06,-2.548E-09
+99.680000E-06,+0.0E+00
+99.688000E-06,+0.0E+00
+99.696000E-06,-201.005024152E-03
+99.704000E-06,-2.546E-09
+99.712000E-06,-201.005024152E-03
+99.720000E-06,-2.546E-09
+99.728000E-06,-201.005024152E-03
+99.736000E-06,-2.546E-09
+99.744000E-06,-201.005024152E-03
+99.752000E-06,-201.005026698E-03
+99.760000E-06,-201.005026698E-03
+99.768000E-06,+201.005021606E-03
+99.776000E-06,+2.545E-09
+99.784000E-06,+0.0E+00
+99.792000E-06,-201.005024153E-03
+99.800000E-06,-2.545E-09
+99.808000E-06,-201.005024153E-03
+99.816000E-06,-201.005026698E-03
+99.824000E-06,-2.545E-09
+99.832000E-06,+0.0E+00
+99.840000E-06,-201.005024153E-03
+99.848000E-06,-2.545E-09
+99.856000E-06,-201.005024153E-03
+99.864000E-06,-2.545E-09
+99.872000E-06,+0.0E+00
+99.880000E-06,+0.0E+00
+99.888000E-06,-201.005024153E-03
+99.896000E-06,-2.545E-09
+99.904000E-06,+0.0E+00
+99.912000E-06,-201.005024153E-03
+99.920000E-06,-2.543E-09
+99.928000E-06,-201.005024155E-03
+99.936000E-06,-2.543E-09
+99.944000E-06,+0.0E+00
+99.952000E-06,+0.0E+00
+99.960000E-06,-201.005024155E-03
+99.968000E-06,-2.543E-09
+99.976000E-06,-201.005024155E-03
+99.984000E-06,-2.543E-09
+99.992000E-06,+0.0E+00
+100.000000E-06,+0.0E+00
+100.008000E-06,+0.0E+00
+100.016000E-06,-201.005024156E-03
+100.024000E-06,-201.005026698E-03
+100.032000E-06,-201.005026698E-03
+100.040000E-06,-2.542E-09
+100.048000E-06,+0.0E+00
+100.056000E-06,-201.005024156E-03
+100.064000E-06,-201.005026698E-03
+100.072000E-06,-2.542E-09
+100.080000E-06,+0.0E+00
+100.088000E-06,+0.0E+00
+100.096000E-06,+0.0E+00
+100.104000E-06,+0.0E+00
+100.112000E-06,+0.0E+00
+100.120000E-06,+0.0E+00
+100.128000E-06,+0.0E+00
+100.136000E-06,-201.005024156E-03
+100.144000E-06,-201.005026698E-03
+100.152000E-06,-2.542E-09
+100.160000E-06,+0.0E+00
+100.168000E-06,+0.0E+00
+100.176000E-06,+0.0E+00
+100.184000E-06,-201.005024158E-03
+100.192000E-06,-2.540E-09
+100.200000E-06,-201.005024158E-03
+100.208000E-06,-201.005026698E-03
+100.216000E-06,-2.540E-09
+100.224000E-06,+0.0E+00
+100.232000E-06,+0.0E+00
+100.240000E-06,-201.005024159E-03
+100.248000E-06,-2.539E-09
+100.256000E-06,-201.005024159E-03
+100.264000E-06,-2.539E-09
+100.272000E-06,+0.0E+00
+100.280000E-06,+0.0E+00
+100.288000E-06,-201.005024159E-03
+100.296000E-06,-201.005026698E-03
+100.304000E-06,-2.539E-09
+100.312000E-06,+0.0E+00
+100.320000E-06,+0.0E+00
+100.328000E-06,+0.0E+00
+100.336000E-06,-201.005024159E-03
+100.344000E-06,-2.539E-09
+100.352000E-06,-201.005024159E-03
+100.360000E-06,-201.005026698E-03
+100.368000E-06,-201.005026698E-03
+100.376000E-06,-2.539E-09
+100.384000E-06,+0.0E+00
+100.392000E-06,-201.005024161E-03
+100.400000E-06,-201.005026698E-03
+100.408000E-06,-2.537E-09
+100.416000E-06,-201.005024161E-03
+100.424000E-06,-201.005026698E-03
+100.432000E-06,-2.537E-09
+100.440000E-06,-201.005024161E-03
+100.448000E-06,-2.537E-09
+100.456000E-06,-201.005024161E-03
+100.464000E-06,-201.005026698E-03
+100.472000E-06,-201.005026698E-03
+100.480000E-06,-201.005026698E-03
+100.488000E-06,-201.005026698E-03
+100.496000E-06,-201.005026698E-03
+100.504000E-06,-2.536E-09
+100.512000E-06,-201.005024162E-03
+100.520000E-06,-201.005026698E-03
+100.528000E-06,-201.005026698E-03
+100.536000E-06,-2.536E-09
+100.544000E-06,-201.005024162E-03
+100.552000E-06,-2.536E-09
+100.560000E-06,+0.0E+00
+100.568000E-06,-201.005024162E-03
+100.576000E-06,-2.536E-09
+100.584000E-06,-201.005024162E-03
+100.592000E-06,-201.005026698E-03
+100.600000E-06,-201.005026698E-03
+100.608000E-06,-2.536E-09
+100.616000E-06,-201.005024162E-03
+100.624000E-06,-201.005026698E-03
+100.632000E-06,-201.005026698E-03
+100.640000E-06,-201.005026698E-03
+100.648000E-06,-2.535E-09
+100.656000E-06,+0.0E+00
+100.664000E-06,-201.005024164E-03
+100.672000E-06,-2.535E-09
+100.680000E-06,-201.005024164E-03
+100.688000E-06,-201.005026698E-03
+100.696000E-06,-201.005026698E-03
+100.704000E-06,-201.005026698E-03
+100.712000E-06,-2.533E-09
+100.720000E-06,-201.005024165E-03
+100.728000E-06,-2.533E-09
+100.736000E-06,-201.005024165E-03
+100.744000E-06,-201.005026698E-03
+100.752000E-06,-201.005026698E-03
+100.760000E-06,-2.533E-09
+100.768000E-06,-201.005024165E-03
+100.776000E-06,-201.005026698E-03
+100.784000E-06,-201.005026698E-03
+100.792000E-06,-201.005026698E-03
+100.800000E-06,-201.005026698E-03
+100.808000E-06,-201.005026698E-03
+100.816000E-06,-2.533E-09
+100.824000E-06,-201.005024165E-03
+100.832000E-06,-201.005026698E-03
+100.840000E-06,-201.005026698E-03
+100.848000E-06,-201.005026698E-03
+100.856000E-06,-201.005026698E-03
+100.864000E-06,-201.005026698E-03
+100.872000E-06,-201.005026698E-03
+100.880000E-06,-2.532E-09
+100.888000E-06,-201.005024167E-03
+100.896000E-06,-2.532E-09
+100.904000E-06,-201.005024167E-03
+100.912000E-06,-201.005026698E-03
+100.920000E-06,-201.005026698E-03
+100.928000E-06,-201.005026698E-03
+100.936000E-06,-201.005026698E-03
+100.944000E-06,-201.005026698E-03
+100.952000E-06,-201.005026698E-03
+100.960000E-06,-201.005026698E-03
+100.968000E-06,-201.005026698E-03
+100.976000E-06,-2.530E-09
+100.984000E-06,+0.0E+00
+100.992000E-06,-201.005024168E-03
+101.000000E-06,-201.005026698E-03
+101.008000E-06,-201.005026698E-03
+101.016000E-06,-201.005026698E-03
+101.024000E-06,-201.005026698E-03
+101.032000E-06,-201.005026698E-03
+101.040000E-06,-201.005026698E-03
+101.048000E-06,-201.005026698E-03
+101.056000E-06,-2.530E-09
+101.064000E-06,-201.005024168E-03
+101.072000E-06,-201.005026698E-03
+101.080000E-06,-201.005026698E-03
+101.088000E-06,-201.005026698E-03
+101.096000E-06,-2.529E-09
+101.104000E-06,-201.005024169E-03
+101.112000E-06,-2.529E-09
+101.120000E-06,-201.005024169E-03
+101.128000E-06,-201.005026698E-03
+101.136000E-06,-201.005026698E-03
+101.144000E-06,-201.005026698E-03
+101.152000E-06,-201.005026698E-03
+101.160000E-06,-201.005026698E-03
+101.168000E-06,-201.005026698E-03
+101.176000E-06,-201.005026698E-03
+101.184000E-06,-201.005026698E-03
+101.192000E-06,-201.005026698E-03
+101.200000E-06,-201.005026698E-03
+101.208000E-06,-201.005026698E-03
+101.216000E-06,-201.005026698E-03
+101.224000E-06,-2.527E-09
+101.232000E-06,+0.0E+00
+101.240000E-06,-201.005024171E-03
+101.248000E-06,-201.005026698E-03
+101.256000E-06,-201.005026698E-03
+101.264000E-06,-402.010050869E-03
+101.272000E-06,-201.005029225E-03
+101.280000E-06,-201.005026698E-03
+101.288000E-06,-201.005026698E-03
+101.296000E-06,-201.005026698E-03
+101.304000E-06,-201.005026698E-03
+101.312000E-06,-201.005026698E-03
+101.320000E-06,-201.005026698E-03
+101.328000E-06,-201.005026698E-03
+101.336000E-06,-201.005026698E-03
+101.344000E-06,-201.005026698E-03
+101.352000E-06,-201.005026698E-03
+101.360000E-06,-201.005026698E-03
+101.368000E-06,-201.005026698E-03
+101.376000E-06,-201.005026698E-03
+101.384000E-06,-201.005026698E-03
+101.392000E-06,-201.005026698E-03
+101.400000E-06,-201.005026698E-03
+101.408000E-06,-201.005026698E-03
+101.416000E-06,-201.005026698E-03
+101.424000E-06,-201.005026698E-03
+101.432000E-06,-201.005026698E-03
+101.440000E-06,-201.005026698E-03
+101.448000E-06,-2.524E-09
+101.456000E-06,-201.005024174E-03
+101.464000E-06,-201.005026698E-03
+101.472000E-06,-201.005026698E-03
+101.480000E-06,-201.005026698E-03
+101.488000E-06,-201.005026698E-03
+101.496000E-06,-201.005026698E-03
+101.504000E-06,-201.005026698E-03
+101.512000E-06,-201.005026698E-03
+101.520000E-06,-201.005026698E-03
+101.528000E-06,-201.005026698E-03
+101.536000E-06,-201.005026698E-03
+101.544000E-06,-201.005026698E-03
+101.552000E-06,-2.524E-09
+101.560000E-06,-201.005024175E-03
+101.568000E-06,-201.005026698E-03
+101.576000E-06,-201.005026698E-03
+101.584000E-06,-201.005026698E-03
+101.592000E-06,-201.005026698E-03
+101.600000E-06,-201.005026698E-03
+101.608000E-06,-201.005026698E-03
+101.616000E-06,-201.005026698E-03
+101.624000E-06,-201.005026698E-03
+101.632000E-06,-201.005026698E-03
+101.640000E-06,-201.005026698E-03
+101.648000E-06,-201.005026698E-03
+101.656000E-06,-201.005026698E-03
+101.664000E-06,-201.005026698E-03
+101.672000E-06,-201.005026698E-03
+101.680000E-06,-201.005026698E-03
+101.688000E-06,-201.005026698E-03
+101.696000E-06,-201.005026698E-03
+101.704000E-06,-201.005026698E-03
+101.712000E-06,-402.010050875E-03
+101.720000E-06,-201.005029219E-03
+101.728000E-06,-201.005026698E-03
+101.736000E-06,-201.005026698E-03
+101.744000E-06,-201.005026698E-03
+101.752000E-06,-201.005026698E-03
+101.760000E-06,-201.005026698E-03
+101.768000E-06,-201.005026698E-03
+101.776000E-06,-201.005026698E-03
+101.784000E-06,-201.005026698E-03
+101.792000E-06,-201.005026698E-03
+101.800000E-06,-201.005026698E-03
+101.808000E-06,-201.005026698E-03
+101.816000E-06,-201.005026698E-03
+101.824000E-06,-201.005026698E-03
+101.832000E-06,-201.005026698E-03
+101.840000E-06,-201.005026698E-03
+101.848000E-06,-201.005026698E-03
+101.856000E-06,-201.005026698E-03
+101.864000E-06,-201.005026698E-03
+101.872000E-06,-201.005026698E-03
+101.880000E-06,-201.005026698E-03
+101.888000E-06,-201.005026698E-03
+101.896000E-06,-201.005026698E-03
+101.904000E-06,-201.005026698E-03
+101.912000E-06,-201.005026698E-03
+101.920000E-06,-201.005026698E-03
+101.928000E-06,-201.005026698E-03
+101.936000E-06,-201.005026698E-03
+101.944000E-06,-201.005026698E-03
+101.952000E-06,-201.005026698E-03
+101.960000E-06,-201.005026698E-03
+101.968000E-06,-402.010050878E-03
+101.976000E-06,-201.005029217E-03
+101.984000E-06,-402.010050878E-03
+101.992000E-06,-201.005029217E-03
+102.000000E-06,-201.005026698E-03
+102.008000E-06,-201.005026698E-03
+102.016000E-06,-201.005026698E-03
+102.024000E-06,-201.005026698E-03
+102.032000E-06,-201.005026698E-03
+102.040000E-06,-201.005026698E-03
+102.048000E-06,-201.005026698E-03
+102.056000E-06,-201.005026698E-03
+102.064000E-06,-201.005026698E-03
+102.072000E-06,-402.010050879E-03
+102.080000E-06,-201.005029215E-03
+102.088000E-06,-201.005026698E-03
+102.096000E-06,-201.005026698E-03
+102.104000E-06,-201.005026698E-03
+102.112000E-06,-402.010050881E-03
+102.120000E-06,-201.005029214E-03
+102.128000E-06,-201.005026698E-03
+102.136000E-06,-201.005026698E-03
+102.144000E-06,-201.005026698E-03
+102.152000E-06,-201.005026698E-03
+102.160000E-06,-201.005026698E-03
+102.168000E-06,-201.005026698E-03
+102.176000E-06,-201.005026698E-03
+102.184000E-06,-201.005026698E-03
+102.192000E-06,-201.005026698E-03
+102.200000E-06,-201.005026698E-03
+102.208000E-06,-201.005026698E-03
+102.216000E-06,-201.005026698E-03
+102.224000E-06,-201.005026698E-03
+102.232000E-06,-201.005026698E-03
+102.240000E-06,-201.005026698E-03
+102.248000E-06,-201.005026698E-03
+102.256000E-06,-201.005026698E-03
+102.264000E-06,-201.005026698E-03
+102.272000E-06,-201.005026698E-03
+102.280000E-06,-201.005026698E-03
+102.288000E-06,-201.005026698E-03
+102.296000E-06,-201.005026698E-03
+102.304000E-06,-201.005026698E-03
+102.312000E-06,-201.005026698E-03
+102.320000E-06,-201.005026698E-03
+102.328000E-06,-201.005026698E-03
+102.336000E-06,-201.005026698E-03
+102.344000E-06,-201.005026698E-03
+102.352000E-06,-201.005026698E-03
+102.360000E-06,-201.005026698E-03
+102.368000E-06,-201.005026698E-03
+102.376000E-06,-201.005026698E-03
+102.384000E-06,-201.005026698E-03
+102.392000E-06,-201.005026698E-03
+102.400000E-06,-201.005026698E-03
+102.408000E-06,-201.005026698E-03
+102.416000E-06,-201.005026698E-03
+102.424000E-06,-201.005026698E-03
+102.432000E-06,-201.005026698E-03
+102.440000E-06,-201.005026698E-03
+102.448000E-06,-201.005026698E-03
+102.456000E-06,-201.005026698E-03
+102.464000E-06,-2.513E-09
+102.472000E-06,-201.005024186E-03
+102.480000E-06,-201.005026698E-03
+102.488000E-06,-201.005026698E-03
+102.496000E-06,-201.005026698E-03
+102.504000E-06,-201.005026698E-03
+102.512000E-06,-201.005026698E-03
+102.520000E-06,-201.005026698E-03
+102.528000E-06,-201.005026698E-03
+102.536000E-06,-201.005026698E-03
+102.544000E-06,-402.010050885E-03
+102.552000E-06,-201.005029209E-03
+102.560000E-06,-201.005026698E-03
+102.568000E-06,-201.005026698E-03
+102.576000E-06,-201.005026698E-03
+102.584000E-06,-201.005026698E-03
+102.592000E-06,-201.005026698E-03
+102.600000E-06,-201.005026698E-03
+102.608000E-06,-201.005026698E-03
+102.616000E-06,-201.005026698E-03
+102.624000E-06,-201.005026698E-03
+102.632000E-06,-201.005026698E-03
+102.640000E-06,-201.005026698E-03
+102.648000E-06,-201.005026698E-03
+102.656000E-06,-201.005026698E-03
+102.664000E-06,-201.005026698E-03
+102.672000E-06,-201.005026698E-03
+102.680000E-06,-201.005026698E-03
+102.688000E-06,-201.005026698E-03
+102.696000E-06,-201.005026698E-03
+102.704000E-06,-201.005026698E-03
+102.712000E-06,-201.005026698E-03
+102.720000E-06,-201.005026698E-03
+102.728000E-06,-201.005026698E-03
+102.736000E-06,-201.005026698E-03
+102.744000E-06,-201.005026698E-03
+102.752000E-06,-201.005026698E-03
+102.760000E-06,-201.005026698E-03
+102.768000E-06,-201.005026698E-03
+102.776000E-06,-201.005026698E-03
+102.784000E-06,-201.005026698E-03
+102.792000E-06,-201.005026698E-03
+102.800000E-06,-201.005026698E-03
+102.808000E-06,-201.005026698E-03
+102.816000E-06,-201.005026698E-03
+102.824000E-06,-201.005026698E-03
+102.832000E-06,-201.005026698E-03
+102.840000E-06,-201.005026698E-03
+102.848000E-06,-201.005026698E-03
+102.856000E-06,-201.005026698E-03
+102.864000E-06,-201.005026698E-03
+102.872000E-06,-201.005026698E-03
+102.880000E-06,-201.005026698E-03
+102.888000E-06,-201.005026698E-03
+102.896000E-06,-201.005026698E-03
+102.904000E-06,-201.005026698E-03
+102.912000E-06,-201.005026698E-03
+102.920000E-06,-201.005026698E-03
+102.928000E-06,-201.005026698E-03
+102.936000E-06,-201.005026698E-03
+102.944000E-06,-201.005026698E-03
+102.952000E-06,-201.005026698E-03
+102.960000E-06,-201.005026698E-03
+102.968000E-06,-201.005026698E-03
+102.976000E-06,-201.005026698E-03
+102.984000E-06,-201.005026698E-03
+102.992000E-06,-201.005026698E-03
+103.000000E-06,-2.505E-09
+103.008000E-06,-201.005024193E-03
+103.016000E-06,-2.505E-09
+103.024000E-06,-201.005024193E-03
+103.032000E-06,-201.005026698E-03
+103.040000E-06,-201.005026698E-03
+103.048000E-06,-201.005026698E-03
+103.056000E-06,-201.005026698E-03
+103.064000E-06,-201.005026698E-03
+103.072000E-06,-201.005026698E-03
+103.080000E-06,-201.005026698E-03
+103.088000E-06,-201.005026698E-03
+103.096000E-06,-201.005026698E-03
+103.104000E-06,-201.005026698E-03
+103.112000E-06,-201.005026698E-03
+103.120000E-06,-201.005026698E-03
+103.128000E-06,-201.005026698E-03
+103.136000E-06,-201.005026698E-03
+103.144000E-06,-201.005026698E-03
+103.152000E-06,-201.005026698E-03
+103.160000E-06,-201.005026698E-03
+103.168000E-06,-201.005026698E-03
+103.176000E-06,-201.005026698E-03
+103.184000E-06,-201.005026698E-03
+103.192000E-06,-201.005026698E-03
+103.200000E-06,-201.005026698E-03
+103.208000E-06,-201.005026698E-03
+103.216000E-06,-402.010050894E-03
+103.224000E-06,-201.005029200E-03
+103.232000E-06,-201.005026698E-03
+103.240000E-06,-201.005026698E-03
+103.248000E-06,-201.005026698E-03
+103.256000E-06,-201.005026698E-03
+103.264000E-06,-201.005026698E-03
+103.272000E-06,-201.005026698E-03
+103.280000E-06,-201.005026698E-03
+103.288000E-06,-201.005026698E-03
+103.296000E-06,-402.010050895E-03
+103.304000E-06,-201.005029199E-03
+103.312000E-06,-201.005026698E-03
+103.320000E-06,-201.005026698E-03
+103.328000E-06,-201.005026698E-03
+103.336000E-06,-201.005026698E-03
+103.344000E-06,-201.005026698E-03
+103.352000E-06,-201.005026698E-03
+103.360000E-06,-201.005026698E-03
+103.368000E-06,-201.005026698E-03
+103.376000E-06,-201.005026698E-03
+103.384000E-06,-201.005026698E-03
+103.392000E-06,-201.005026698E-03
+103.400000E-06,-201.005026698E-03
+103.408000E-06,-201.005026698E-03
+103.416000E-06,-201.005026698E-03
+103.424000E-06,-201.005026698E-03
+103.432000E-06,-201.005026698E-03
+103.440000E-06,-201.005026698E-03
+103.448000E-06,-201.005026698E-03
+103.456000E-06,-201.005026698E-03
+103.464000E-06,-402.010050897E-03
+103.472000E-06,-201.005029198E-03
+103.480000E-06,-201.005026698E-03
+103.488000E-06,-201.005026698E-03
+103.496000E-06,-201.005026698E-03
+103.504000E-06,-201.005026698E-03
+103.512000E-06,-201.005026698E-03
+103.520000E-06,-201.005026698E-03
+103.528000E-06,-201.005026698E-03
+103.536000E-06,-201.005026698E-03
+103.544000E-06,-201.005026698E-03
+103.552000E-06,-201.005026698E-03
+103.560000E-06,-201.005026698E-03
+103.568000E-06,-2.498E-09
+103.576000E-06,-201.005024200E-03
+103.584000E-06,-201.005026698E-03
+103.592000E-06,-201.005026698E-03
+103.600000E-06,-201.005026698E-03
+103.608000E-06,-201.005026698E-03
+103.616000E-06,-201.005026698E-03
+103.624000E-06,-201.005026698E-03
+103.632000E-06,-201.005026698E-03
+103.640000E-06,-201.005026698E-03
+103.648000E-06,-201.005026698E-03
+103.656000E-06,-201.005026698E-03
+103.664000E-06,-201.005026698E-03
+103.672000E-06,-201.005026698E-03
+103.680000E-06,-201.005026698E-03
+103.688000E-06,-201.005026698E-03
+103.696000E-06,-201.005026698E-03
+103.704000E-06,-201.005026698E-03
+103.712000E-06,-201.005026698E-03
+103.720000E-06,-2.496E-09
+103.728000E-06,-201.005024202E-03
+103.736000E-06,-201.005026698E-03
+103.744000E-06,-201.005026698E-03
+103.752000E-06,-201.005026698E-03
+103.760000E-06,-201.005026698E-03
+103.768000E-06,-201.005026698E-03
+103.776000E-06,-201.005026698E-03
+103.784000E-06,-2.495E-09
+103.792000E-06,-201.005024203E-03
+103.800000E-06,-201.005026698E-03
+103.808000E-06,-201.005026698E-03
+103.816000E-06,-201.005026698E-03
+103.824000E-06,-201.005026698E-03
+103.832000E-06,-201.005026698E-03
+103.840000E-06,-201.005026698E-03
+103.848000E-06,-201.005026698E-03
+103.856000E-06,-201.005026698E-03
+103.864000E-06,-201.005026698E-03
+103.872000E-06,-201.005026698E-03
+103.880000E-06,-201.005026698E-03
+103.888000E-06,-2.494E-09
+103.896000E-06,-201.005024205E-03
+103.904000E-06,-201.005026698E-03
+103.912000E-06,-201.005026698E-03
+103.920000E-06,-201.005026698E-03
+103.928000E-06,-201.005026698E-03
+103.936000E-06,-2.494E-09
+103.944000E-06,-201.005024205E-03
+103.952000E-06,-2.494E-09
+103.960000E-06,-201.005024205E-03
+103.968000E-06,-201.005026698E-03
+103.976000E-06,-201.005026698E-03
+103.984000E-06,-201.005026698E-03
+103.992000E-06,-2.492E-09
+104.000000E-06,-201.005024206E-03
+104.008000E-06,-201.005026698E-03
+104.016000E-06,-201.005026698E-03
+104.024000E-06,-2.492E-09
+104.032000E-06,-201.005024206E-03
+104.040000E-06,-201.005026698E-03
+104.048000E-06,-2.492E-09
+104.056000E-06,-201.005024206E-03
+104.064000E-06,-201.005026698E-03
+104.072000E-06,-201.005026698E-03
+104.080000E-06,-201.005026698E-03
+104.088000E-06,-201.005026698E-03
+104.096000E-06,-201.005026698E-03
+104.104000E-06,-201.005026698E-03
+104.112000E-06,-201.005026698E-03
+104.120000E-06,-201.005026698E-03
+104.128000E-06,-201.005026698E-03
+104.136000E-06,-2.491E-09
+104.144000E-06,-201.005024207E-03
+104.152000E-06,-201.005026698E-03
+104.160000E-06,-201.005026698E-03
+104.168000E-06,-201.005026698E-03
+104.176000E-06,-201.005026698E-03
+104.184000E-06,-201.005026698E-03
+104.192000E-06,-201.005026698E-03
+104.200000E-06,-201.005026698E-03
+104.208000E-06,-201.005026698E-03
+104.216000E-06,-2.489E-09
+104.224000E-06,+0.0E+00
+104.232000E-06,-201.005024209E-03
+104.240000E-06,-201.005026698E-03
+104.248000E-06,-201.005026698E-03
+104.256000E-06,-2.489E-09
+104.264000E-06,-201.005024209E-03
+104.272000E-06,-201.005026698E-03
+104.280000E-06,-201.005026698E-03
+104.288000E-06,-201.005026698E-03
+104.296000E-06,-201.005026698E-03
+104.304000E-06,-201.005026698E-03
+104.312000E-06,-201.005026698E-03
+104.320000E-06,-201.005026698E-03
+104.328000E-06,-2.489E-09
+104.336000E-06,-201.005024209E-03
+104.344000E-06,-201.005026698E-03
+104.352000E-06,-201.005026698E-03
+104.360000E-06,-2.488E-09
+104.368000E-06,-201.005024210E-03
+104.376000E-06,-201.005026698E-03
+104.384000E-06,-201.005026698E-03
+104.392000E-06,-201.005026698E-03
+104.400000E-06,-201.005026698E-03
+104.408000E-06,-201.005026698E-03
+104.416000E-06,-201.005026698E-03
+104.424000E-06,-201.005026698E-03
+104.432000E-06,-201.005026698E-03
+104.440000E-06,-201.005026698E-03
+104.448000E-06,-201.005026698E-03
+104.456000E-06,-201.005026698E-03
+104.464000E-06,-2.486E-09
+104.472000E-06,+0.0E+00
+104.480000E-06,-201.005024212E-03
+104.488000E-06,-201.005026698E-03
+104.496000E-06,-2.486E-09
+104.504000E-06,-201.005024212E-03
+104.512000E-06,-201.005026698E-03
+104.520000E-06,-201.005026698E-03
+104.528000E-06,-201.005026698E-03
+104.536000E-06,-201.005026698E-03
+104.544000E-06,-201.005026698E-03
+104.552000E-06,-201.005026698E-03
+104.560000E-06,-201.005026698E-03
+104.568000E-06,-201.005026698E-03
+104.576000E-06,-2.486E-09
+104.584000E-06,-201.005024212E-03
+104.592000E-06,-201.005026698E-03
+104.600000E-06,-201.005026698E-03
+104.608000E-06,-2.485E-09
+104.616000E-06,-201.005024213E-03
+104.624000E-06,-2.485E-09
+104.632000E-06,-201.005024213E-03
+104.640000E-06,-201.005026698E-03
+104.648000E-06,-201.005026698E-03
+104.656000E-06,-201.005026698E-03
+104.664000E-06,-201.005026698E-03
+104.672000E-06,-201.005026698E-03
+104.680000E-06,-201.005026698E-03
+104.688000E-06,-201.005026698E-03
+104.696000E-06,-201.005026698E-03
+104.704000E-06,-2.483E-09
+104.712000E-06,-201.005024215E-03
+104.720000E-06,-2.483E-09
+104.728000E-06,+0.0E+00
+104.736000E-06,+0.0E+00
+104.744000E-06,-201.005024215E-03
+104.752000E-06,-2.483E-09
+104.760000E-06,+0.0E+00
+104.768000E-06,+0.0E+00
+104.776000E-06,-201.005024215E-03
+104.784000E-06,-2.483E-09
+104.792000E-06,+0.0E+00
+104.800000E-06,+0.0E+00
+104.808000E-06,-201.005024215E-03
+104.816000E-06,-2.483E-09
+104.824000E-06,-201.005024216E-03
+104.832000E-06,-201.005026698E-03
+104.840000E-06,-2.482E-09
+104.848000E-06,+0.0E+00
+104.856000E-06,-201.005024216E-03
+104.864000E-06,-2.482E-09
+104.872000E-06,-201.005024216E-03
+104.880000E-06,-201.005026698E-03
+104.888000E-06,-201.005026698E-03
+104.896000E-06,-201.005026698E-03
+104.904000E-06,-2.482E-09
+104.912000E-06,+0.0E+00
+104.920000E-06,+0.0E+00
+104.928000E-06,-201.005024218E-03
+104.936000E-06,-201.005026698E-03
+104.944000E-06,-201.005026698E-03
+104.952000E-06,-201.005026698E-03
+104.960000E-06,-201.005026698E-03
+104.968000E-06,-2.480E-09
+104.976000E-06,+0.0E+00
+104.984000E-06,-201.005024218E-03
+104.992000E-06,-201.005026698E-03
+105.000000E-06,-201.005026698E-03
+105.008000E-06,-201.005026698E-03
+105.016000E-06,-201.005026698E-03
+105.024000E-06,-201.005026698E-03
+105.032000E-06,-2.480E-09
+105.040000E-06,+0.0E+00
+105.048000E-06,+0.0E+00
+105.056000E-06,-201.005024219E-03
+105.064000E-06,-201.005026698E-03
+105.072000E-06,-201.005026698E-03
+105.080000E-06,-2.479E-09
+105.088000E-06,-201.005024219E-03
+105.096000E-06,-2.479E-09
+105.104000E-06,+0.0E+00
+105.112000E-06,+0.0E+00
+105.120000E-06,-201.005024219E-03
+105.128000E-06,-2.479E-09
+105.136000E-06,+0.0E+00
+105.144000E-06,+0.0E+00
+105.152000E-06,+0.0E+00
+105.160000E-06,-201.005024221E-03
+105.168000E-06,-201.005026698E-03
+105.176000E-06,-201.005026698E-03
+105.184000E-06,-2.477E-09
+105.192000E-06,+0.0E+00
+105.200000E-06,+0.0E+00
+105.208000E-06,+0.0E+00
+105.216000E-06,+0.0E+00
+105.224000E-06,+0.0E+00
+105.232000E-06,+0.0E+00
+105.240000E-06,-201.005024221E-03
+105.248000E-06,-2.477E-09
+105.256000E-06,+0.0E+00
+105.264000E-06,-201.005024221E-03
+105.272000E-06,-2.477E-09
+105.280000E-06,+0.0E+00
+105.288000E-06,+0.0E+00
+105.296000E-06,-201.005024222E-03
+105.304000E-06,-2.476E-09
+105.312000E-06,+0.0E+00
+105.320000E-06,-201.005024222E-03
+105.328000E-06,-2.476E-09
+105.336000E-06,+0.0E+00
+105.344000E-06,+0.0E+00
+105.352000E-06,+0.0E+00
+105.360000E-06,+0.0E+00
+105.368000E-06,+0.0E+00
+105.376000E-06,+0.0E+00
+105.384000E-06,+0.0E+00
+105.392000E-06,+0.0E+00
+105.400000E-06,+0.0E+00
+105.408000E-06,+0.0E+00
+105.416000E-06,+0.0E+00
+105.424000E-06,+0.0E+00
+105.432000E-06,+0.0E+00
+105.440000E-06,-201.005024224E-03
+105.448000E-06,-2.475E-09
+105.456000E-06,-201.005024224E-03
+105.464000E-06,-2.475E-09
+105.472000E-06,+0.0E+00
+105.480000E-06,-201.005024224E-03
+105.488000E-06,-2.475E-09
+105.496000E-06,+0.0E+00
+105.504000E-06,+0.0E+00
+105.512000E-06,+0.0E+00
+105.520000E-06,+0.0E+00
+105.528000E-06,+0.0E+00
+105.536000E-06,+0.0E+00
+105.544000E-06,+0.0E+00
+105.552000E-06,+0.0E+00
+105.560000E-06,+0.0E+00
+105.568000E-06,+0.0E+00
+105.576000E-06,+0.0E+00
+105.584000E-06,+0.0E+00
+105.592000E-06,+0.0E+00
+105.600000E-06,+0.0E+00
+105.608000E-06,+0.0E+00
+105.616000E-06,+0.0E+00
+105.624000E-06,+0.0E+00
+105.632000E-06,-201.005024226E-03
+105.640000E-06,-2.472E-09
+105.648000E-06,+0.0E+00
+105.656000E-06,-201.005024226E-03
+105.664000E-06,-2.472E-09
+105.672000E-06,+0.0E+00
+105.680000E-06,+0.0E+00
+105.688000E-06,-201.005024226E-03
+105.696000E-06,-2.472E-09
+105.704000E-06,+0.0E+00
+105.712000E-06,+0.0E+00
+105.720000E-06,+0.0E+00
+105.728000E-06,-201.005024226E-03
+105.736000E-06,-2.472E-09
+105.744000E-06,+0.0E+00
+105.752000E-06,+0.0E+00
+105.760000E-06,+0.0E+00
+105.768000E-06,+0.0E+00
+105.776000E-06,+0.0E+00
+105.784000E-06,+0.0E+00
+105.792000E-06,+0.0E+00
+105.800000E-06,+0.0E+00
+105.808000E-06,+0.0E+00
+105.816000E-06,+0.0E+00
+105.824000E-06,+0.0E+00
+105.832000E-06,+0.0E+00
+105.840000E-06,+0.0E+00
+105.848000E-06,+0.0E+00
+105.856000E-06,+0.0E+00
+105.864000E-06,+0.0E+00
+105.872000E-06,+0.0E+00
+105.880000E-06,+0.0E+00
+105.888000E-06,+0.0E+00
+105.896000E-06,+0.0E+00
+105.904000E-06,+0.0E+00
+105.912000E-06,+0.0E+00
+105.920000E-06,+0.0E+00
+105.928000E-06,+0.0E+00
+105.936000E-06,+0.0E+00
+105.944000E-06,+0.0E+00
+105.952000E-06,+0.0E+00
+105.960000E-06,+0.0E+00
+105.968000E-06,-201.005024229E-03
+105.976000E-06,-2.469E-09
+105.984000E-06,+0.0E+00
+105.992000E-06,+0.0E+00
+106.000000E-06,+201.005024231E-03
+106.008000E-06,-201.005021764E-03
+106.016000E-06,-2.467E-09
+106.024000E-06,+201.005024231E-03
+106.032000E-06,+2.467E-09
+106.040000E-06,+0.0E+00
+106.048000E-06,+0.0E+00
+106.056000E-06,+0.0E+00
+106.064000E-06,+0.0E+00
+106.072000E-06,+0.0E+00
+106.080000E-06,+201.005024232E-03
+106.088000E-06,+2.466E-09
+106.096000E-06,+0.0E+00
+106.104000E-06,+0.0E+00
+106.112000E-06,+201.005024232E-03
+106.120000E-06,+2.466E-09
+106.128000E-06,+0.0E+00
+106.136000E-06,+0.0E+00
+106.144000E-06,+201.005024232E-03
+106.152000E-06,+2.466E-09
+106.160000E-06,+0.0E+00
+106.168000E-06,+0.0E+00
+106.176000E-06,+0.0E+00
+106.184000E-06,+201.005024232E-03
+106.192000E-06,+201.005026698E-03
+106.200000E-06,+201.005026698E-03
+106.208000E-06,+2.466E-09
+106.216000E-06,+0.0E+00
+106.224000E-06,+201.005024234E-03
+106.232000E-06,+2.464E-09
+106.240000E-06,+201.005024234E-03
+106.248000E-06,+2.464E-09
+106.256000E-06,+0.0E+00
+106.264000E-06,+0.0E+00
+106.272000E-06,+201.005024234E-03
+106.280000E-06,+2.464E-09
+106.288000E-06,+201.005024234E-03
+106.296000E-06,+2.464E-09
+106.304000E-06,+0.0E+00
+106.312000E-06,+201.005024235E-03
+106.320000E-06,+2.463E-09
+106.328000E-06,+0.0E+00
+106.336000E-06,+0.0E+00
+106.344000E-06,+201.005024235E-03
+106.352000E-06,+2.463E-09
+106.360000E-06,+201.005024235E-03
+106.368000E-06,+201.005026698E-03
+106.376000E-06,+201.005026698E-03
+106.384000E-06,+2.463E-09
+106.392000E-06,+201.005024235E-03
+106.400000E-06,+2.463E-09
+106.408000E-06,+0.0E+00
+106.416000E-06,+0.0E+00
+106.424000E-06,+201.005024235E-03
+106.432000E-06,+201.005026698E-03
+106.440000E-06,+201.005026698E-03
+106.448000E-06,+2.463E-09
+106.456000E-06,+201.005024237E-03
+106.464000E-06,+2.461E-09
+106.472000E-06,+201.005024237E-03
+106.480000E-06,+201.005026698E-03
+106.488000E-06,+2.461E-09
+106.496000E-06,+0.0E+00
+106.504000E-06,+201.005024237E-03
+106.512000E-06,+201.005026698E-03
+106.520000E-06,+2.461E-09
+106.528000E-06,+201.005024237E-03
+106.536000E-06,+201.005026698E-03
+106.544000E-06,+201.005026698E-03
+106.552000E-06,+201.005026698E-03
+106.560000E-06,+201.005026698E-03
+106.568000E-06,+201.005026698E-03
+106.576000E-06,+201.005026698E-03
+106.584000E-06,+2.460E-09
+106.592000E-06,+0.0E+00
+106.600000E-06,+0.0E+00
+106.608000E-06,+0.0E+00
+106.616000E-06,+201.005024238E-03
+106.624000E-06,+2.460E-09
+106.632000E-06,+201.005024238E-03
+106.640000E-06,+2.460E-09
+106.648000E-06,+201.005024238E-03
+106.656000E-06,+201.005026698E-03
+106.664000E-06,+201.005026698E-03
+106.672000E-06,+201.005026698E-03
+106.680000E-06,+201.005026698E-03
+106.688000E-06,+201.005026698E-03
+106.696000E-06,+201.005026698E-03
+106.704000E-06,+201.005026698E-03
+106.712000E-06,+201.005026698E-03
+106.720000E-06,+2.458E-09
+106.728000E-06,+201.005024240E-03
+106.736000E-06,+201.005026698E-03
+106.744000E-06,+2.458E-09
+106.752000E-06,+201.005024240E-03
+106.760000E-06,+201.005026698E-03
+106.768000E-06,+201.005026698E-03
+106.776000E-06,+201.005026698E-03
+106.784000E-06,+201.005026698E-03
+106.792000E-06,+201.005026698E-03
+106.800000E-06,+201.005026698E-03
+106.808000E-06,+201.005026698E-03
+106.816000E-06,+2.457E-09
+106.824000E-06,+201.005024241E-03
+106.832000E-06,+201.005026698E-03
+106.840000E-06,+201.005026698E-03
+106.848000E-06,+201.005026698E-03
+106.856000E-06,+201.005026698E-03
+106.864000E-06,+201.005026698E-03
+106.872000E-06,+201.005026698E-03
+106.880000E-06,+201.005026698E-03
+106.888000E-06,+2.457E-09
+106.896000E-06,+0.0E+00
+106.904000E-06,+201.005024241E-03
+106.912000E-06,+201.005026698E-03
+106.920000E-06,+201.005026698E-03
+106.928000E-06,+201.005026698E-03
+106.936000E-06,+201.005026698E-03
+106.944000E-06,+2.456E-09
+106.952000E-06,+201.005024243E-03
+106.960000E-06,+2.456E-09
+106.968000E-06,+201.005024243E-03
+106.976000E-06,+201.005026698E-03
+106.984000E-06,+201.005026698E-03
+106.992000E-06,+2.456E-09
+107.000000E-06,+201.005024243E-03
+107.008000E-06,+201.005026698E-03
+107.016000E-06,+201.005026698E-03
+107.024000E-06,+201.005026698E-03
+107.032000E-06,+201.005026698E-03
+107.040000E-06,+201.005026698E-03
+107.048000E-06,+201.005026698E-03
+107.056000E-06,+201.005026698E-03
+107.064000E-06,+402.010050942E-03
+107.072000E-06,+201.005029152E-03
+107.080000E-06,+201.005026698E-03
+107.088000E-06,+2.454E-09
+107.096000E-06,+201.005024244E-03
+107.104000E-06,+201.005026698E-03
+107.112000E-06,+201.005026698E-03
+107.120000E-06,+402.010050942E-03
+107.128000E-06,+4.908E-09
+107.136000E-06,+201.005024244E-03
+107.144000E-06,+201.005026698E-03
+107.152000E-06,+2.454E-09
+107.160000E-06,+201.005024245E-03
+107.168000E-06,+201.005026698E-03
+107.176000E-06,+201.005026698E-03
+107.184000E-06,+201.005026698E-03
+107.192000E-06,+201.005026698E-03
+107.200000E-06,+201.005026698E-03
+107.208000E-06,+402.010050944E-03
+107.216000E-06,+201.005029151E-03
+107.224000E-06,+201.005026698E-03
+107.232000E-06,+201.005026698E-03
+107.240000E-06,+201.005026698E-03
+107.248000E-06,+201.005026698E-03
+107.256000E-06,+201.005026698E-03
+107.264000E-06,+201.005026698E-03
+107.272000E-06,+201.005026698E-03
+107.280000E-06,+201.005026698E-03
+107.288000E-06,+201.005026698E-03
+107.296000E-06,+2.451E-09
+107.304000E-06,+201.005024247E-03
+107.312000E-06,+201.005026698E-03
+107.320000E-06,+201.005026698E-03
+107.328000E-06,+201.005026698E-03
+107.336000E-06,+201.005026698E-03
+107.344000E-06,+201.005026698E-03
+107.352000E-06,+201.005026698E-03
+107.360000E-06,+201.005026698E-03
+107.368000E-06,+201.005026698E-03
+107.376000E-06,+201.005026698E-03
+107.384000E-06,+201.005026698E-03
+107.392000E-06,+201.005026698E-03
+107.400000E-06,+2.450E-09
+107.408000E-06,+402.010048497E-03
+107.416000E-06,+201.005029148E-03
+107.424000E-06,+201.005026698E-03
+107.432000E-06,+201.005026698E-03
+107.440000E-06,+201.005026698E-03
+107.448000E-06,+201.005026698E-03
+107.456000E-06,+201.005026698E-03
+107.464000E-06,+201.005026698E-03
+107.472000E-06,+201.005026698E-03
+107.480000E-06,+201.005026698E-03
+107.488000E-06,+201.005026698E-03
+107.496000E-06,+201.005026698E-03
+107.504000E-06,+201.005026698E-03
+107.512000E-06,+402.010050948E-03
+107.520000E-06,+201.005029146E-03
+107.528000E-06,+201.005026698E-03
+107.536000E-06,+201.005026698E-03
+107.544000E-06,+201.005026698E-03
+107.552000E-06,+201.005026698E-03
+107.560000E-06,+402.010050948E-03
+107.568000E-06,+201.005029146E-03
+107.576000E-06,+402.010050948E-03
+107.584000E-06,+201.005029146E-03
+107.592000E-06,+201.005026698E-03
+107.600000E-06,+201.005026698E-03
+107.608000E-06,+201.005026698E-03
+107.616000E-06,+201.005026698E-03
+107.624000E-06,+201.005026698E-03
+107.632000E-06,+201.005026698E-03
+107.640000E-06,+201.005026698E-03
+107.648000E-06,+201.005026698E-03
+107.656000E-06,+201.005026698E-03
+107.664000E-06,+201.005026698E-03
+107.672000E-06,+201.005026698E-03
+107.680000E-06,+201.005026698E-03
+107.688000E-06,+201.005026698E-03
+107.696000E-06,+201.005026698E-03
+107.704000E-06,+201.005026698E-03
+107.712000E-06,+201.005026698E-03
+107.720000E-06,+201.005026698E-03
+107.728000E-06,+201.005026698E-03
+107.736000E-06,+201.005026698E-03
+107.744000E-06,+201.005026698E-03
+107.752000E-06,+201.005026698E-03
+107.760000E-06,+201.005026698E-03
+107.768000E-06,+402.010050951E-03
+107.776000E-06,+201.005029143E-03
+107.784000E-06,+201.005026698E-03
+107.792000E-06,+201.005026698E-03
+107.800000E-06,+201.005026698E-03
+107.808000E-06,+201.005026698E-03
+107.816000E-06,+402.010050951E-03
+107.824000E-06,+402.010053396E-03
+107.832000E-06,+201.005029143E-03
+107.840000E-06,+201.005026698E-03
+107.848000E-06,+201.005026698E-03
+107.856000E-06,+201.005026698E-03
+107.864000E-06,+201.005026698E-03
+107.872000E-06,+402.010050952E-03
+107.880000E-06,+201.005029142E-03
+107.888000E-06,+402.010050952E-03
+107.896000E-06,+201.005029142E-03
+107.904000E-06,+402.010050952E-03
+107.912000E-06,+201.005029142E-03
+107.920000E-06,+402.010050952E-03
+107.928000E-06,+402.010053396E-03
+107.936000E-06,+402.010053396E-03
+107.944000E-06,+402.010053396E-03
+107.952000E-06,+201.005029140E-03
+107.960000E-06,+201.005026698E-03
+107.968000E-06,+201.005026698E-03
+107.976000E-06,+201.005026698E-03
+107.984000E-06,+402.010050954E-03
+107.992000E-06,+201.005029140E-03
+108.000000E-06,+201.005026698E-03
+108.008000E-06,+201.005026698E-03
+108.016000E-06,+402.010050954E-03
+108.024000E-06,+402.010053396E-03
+108.032000E-06,+201.005029140E-03
+108.040000E-06,+201.005026698E-03
+108.048000E-06,+402.010050954E-03
+108.056000E-06,+402.010053396E-03
+108.064000E-06,+201.005029140E-03
+108.072000E-06,+402.010050954E-03
+108.080000E-06,+402.010053396E-03
+108.088000E-06,+201.005029139E-03
+108.096000E-06,+201.005026698E-03
+108.104000E-06,+201.005026698E-03
+108.112000E-06,+402.010050955E-03
+108.120000E-06,+201.005029139E-03
+108.128000E-06,+201.005026698E-03
+108.136000E-06,+402.010050955E-03
+108.144000E-06,+402.010053396E-03
+108.152000E-06,+402.010053396E-03
+108.160000E-06,+402.010053396E-03
+108.168000E-06,+201.005029139E-03
+108.176000E-06,+201.005026698E-03
+108.184000E-06,+402.010050957E-03
+108.192000E-06,+402.010053396E-03
+108.200000E-06,+201.005029138E-03
+108.208000E-06,+402.010050957E-03
+108.216000E-06,+402.010053396E-03
+108.224000E-06,+402.010053396E-03
+108.232000E-06,+201.005029138E-03
+108.240000E-06,+402.010050957E-03
+108.248000E-06,+402.010053396E-03
+108.256000E-06,+201.005029138E-03
+108.264000E-06,+201.005026698E-03
+108.272000E-06,+402.010050957E-03
+108.280000E-06,+402.010053396E-03
+108.288000E-06,+201.005029138E-03
+108.296000E-06,+201.005026698E-03
+108.304000E-06,+201.005026698E-03
+108.312000E-06,+402.010050957E-03
+108.320000E-06,+201.005029138E-03
+108.328000E-06,+402.010050958E-03
+108.336000E-06,+201.005029136E-03
+108.344000E-06,+402.010050958E-03
+108.352000E-06,+201.005029136E-03
+108.360000E-06,+201.005026698E-03
+108.368000E-06,+201.005026698E-03
+108.376000E-06,+402.010050958E-03
+108.384000E-06,+402.010053396E-03
+108.392000E-06,+201.005029136E-03
+108.400000E-06,+201.005026698E-03
+108.408000E-06,+402.010050958E-03
+108.416000E-06,+201.005029135E-03
+108.424000E-06,+201.005026698E-03
+108.432000E-06,+402.010050960E-03
+108.440000E-06,+402.010053396E-03
+108.448000E-06,+402.010053396E-03
+108.456000E-06,+402.010053396E-03
+108.464000E-06,+402.010053396E-03
+108.472000E-06,+402.010053396E-03
+108.480000E-06,+402.010053396E-03
+108.488000E-06,+201.005029135E-03
+108.496000E-06,+201.005026698E-03
+108.504000E-06,+201.005026698E-03
+108.512000E-06,+402.010050960E-03
+108.520000E-06,+402.010053396E-03
+108.528000E-06,+402.010053396E-03
+108.536000E-06,+402.010053396E-03
+108.544000E-06,+402.010053396E-03
+108.552000E-06,+402.010053396E-03
+108.560000E-06,+402.010053396E-03
+108.568000E-06,+402.010053396E-03
+108.576000E-06,+402.010053396E-03
+108.584000E-06,+402.010053396E-03
+108.592000E-06,+201.005029133E-03
+108.600000E-06,+201.005026698E-03
+108.608000E-06,+402.010050961E-03
+108.616000E-06,+402.010053396E-03
+108.624000E-06,+402.010053396E-03
+108.632000E-06,+402.010053396E-03
+108.640000E-06,+402.010053396E-03
+108.648000E-06,+201.005029132E-03
+108.656000E-06,+402.010050963E-03
+108.664000E-06,+402.010053396E-03
+108.672000E-06,+402.010053396E-03
+108.680000E-06,+201.005029132E-03
+108.688000E-06,+402.010050963E-03
+108.696000E-06,+201.005029132E-03
+108.704000E-06,+402.010050963E-03
+108.712000E-06,+201.005029132E-03
+108.720000E-06,+402.010050963E-03
+108.728000E-06,+402.010053396E-03
+108.736000E-06,+402.010053396E-03
+108.744000E-06,+201.005029132E-03
+108.752000E-06,+402.010050963E-03
+108.760000E-06,+201.005029132E-03
+108.768000E-06,+402.010050963E-03
+108.776000E-06,+402.010053396E-03
+108.784000E-06,+402.010053396E-03
+108.792000E-06,+402.010053396E-03
+108.800000E-06,+402.010053396E-03
+108.808000E-06,+402.010053396E-03
+108.816000E-06,+402.010053396E-03
+108.824000E-06,+402.010053396E-03
+108.832000E-06,+201.005029130E-03
+108.840000E-06,+402.010050964E-03
+108.848000E-06,+201.005029130E-03
+108.856000E-06,+201.005026698E-03
+108.864000E-06,+402.010050964E-03
+108.872000E-06,+402.010053396E-03
+108.880000E-06,+402.010053396E-03
+108.888000E-06,+402.010053396E-03
+108.896000E-06,+402.010053396E-03
+108.904000E-06,+402.010053396E-03
+108.912000E-06,+402.010053396E-03
+108.920000E-06,+402.010053396E-03
+108.928000E-06,+201.005029129E-03
+108.936000E-06,+402.010050966E-03
+108.944000E-06,+402.010053396E-03
+108.952000E-06,+402.010053396E-03
+108.960000E-06,+402.010053396E-03
+108.968000E-06,+402.010053396E-03
+108.976000E-06,+402.010053396E-03
+108.984000E-06,+402.010053396E-03
+108.992000E-06,+402.010053396E-03
+109.000000E-06,+402.010053396E-03
+109.008000E-06,+402.010053396E-03
+109.016000E-06,+402.010053396E-03
+109.024000E-06,+402.010053396E-03
+109.032000E-06,+402.010053396E-03
+109.040000E-06,+402.010053396E-03
+109.048000E-06,+402.010053396E-03
+109.056000E-06,+402.010053396E-03
+109.064000E-06,+402.010053396E-03
+109.072000E-06,+402.010053396E-03
+109.080000E-06,+402.010053396E-03
+109.088000E-06,+402.010053396E-03
+109.096000E-06,+402.010053396E-03
+109.104000E-06,+402.010053396E-03
+109.112000E-06,+402.010053396E-03
+109.120000E-06,+402.010053396E-03
+109.128000E-06,+402.010053396E-03
+109.136000E-06,+402.010053396E-03
+109.144000E-06,+201.005029126E-03
+109.152000E-06,+402.010050968E-03
+109.160000E-06,+402.010053396E-03
+109.168000E-06,+402.010053396E-03
+109.176000E-06,+402.010053396E-03
+109.184000E-06,+402.010053396E-03
+109.192000E-06,+402.010053396E-03
+109.200000E-06,+402.010053396E-03
+109.208000E-06,+402.010053396E-03
+109.216000E-06,+402.010053396E-03
+109.224000E-06,+201.005029126E-03
+109.232000E-06,+402.010050968E-03
+109.240000E-06,+402.010053396E-03
+109.248000E-06,+402.010053396E-03
+109.256000E-06,+402.010053396E-03
+109.264000E-06,+402.010053396E-03
+109.272000E-06,+402.010053396E-03
+109.280000E-06,+402.010053396E-03
+109.288000E-06,+201.005029124E-03
+109.296000E-06,+402.010050970E-03
+109.304000E-06,+402.010053396E-03
+109.312000E-06,+201.005029124E-03
+109.320000E-06,+402.010050970E-03
+109.328000E-06,+402.010053396E-03
+109.336000E-06,+402.010053396E-03
+109.344000E-06,+402.010053396E-03
+109.352000E-06,+402.010053396E-03
+109.360000E-06,+402.010053396E-03
+109.368000E-06,+402.010053396E-03
+109.376000E-06,+402.010053396E-03
+109.384000E-06,+402.010053396E-03
+109.392000E-06,+402.010053396E-03
+109.400000E-06,+402.010053396E-03
+109.408000E-06,+402.010053396E-03
+109.416000E-06,+402.010053396E-03
+109.424000E-06,+402.010053396E-03
+109.432000E-06,+402.010053396E-03
+109.440000E-06,+402.010053396E-03
+109.448000E-06,+402.010053396E-03
+109.456000E-06,+402.010053396E-03
+109.464000E-06,+402.010053396E-03
+109.472000E-06,+201.005029123E-03
+109.480000E-06,+402.010050971E-03
+109.488000E-06,+402.010053396E-03
+109.496000E-06,+402.010053396E-03
+109.504000E-06,+402.010053396E-03
+109.512000E-06,+402.010053396E-03
+109.520000E-06,+402.010053396E-03
+109.528000E-06,+402.010053396E-03
+109.536000E-06,+402.010053396E-03
+109.544000E-06,+402.010053396E-03
+109.552000E-06,+402.010053396E-03
+109.560000E-06,+402.010053396E-03
+109.568000E-06,+402.010053396E-03
+109.576000E-06,+402.010053396E-03
+109.584000E-06,+402.010053396E-03
+109.592000E-06,+402.010053396E-03
+109.600000E-06,+402.010053396E-03
+109.608000E-06,+402.010053396E-03
+109.616000E-06,+402.010053396E-03
+109.624000E-06,+402.010053396E-03
+109.632000E-06,+402.010053396E-03
+109.640000E-06,+402.010053396E-03
+109.648000E-06,+402.010053396E-03
+109.656000E-06,+402.010053396E-03
+109.664000E-06,+402.010053396E-03
+109.672000E-06,+603.015077672E-03
+109.680000E-06,+402.010055818E-03
+109.688000E-06,+402.010053396E-03
+109.696000E-06,+402.010053396E-03
+109.704000E-06,+402.010053396E-03
+109.712000E-06,+402.010053396E-03
+109.720000E-06,+402.010053396E-03
+109.728000E-06,+603.015077674E-03
+109.736000E-06,+402.010055817E-03
+109.744000E-06,+402.010053396E-03
+109.752000E-06,+402.010053396E-03
+109.760000E-06,+603.015077674E-03
+109.768000E-06,+402.010055817E-03
+109.776000E-06,+402.010053396E-03
+109.784000E-06,+603.015077674E-03
+109.792000E-06,+402.010055817E-03
+109.800000E-06,+603.015077674E-03
+109.808000E-06,+402.010055817E-03
+109.816000E-06,+603.015077675E-03
+109.824000E-06,+402.010055815E-03
+109.832000E-06,+402.010053396E-03
+109.840000E-06,+402.010053396E-03
+109.848000E-06,+402.010053396E-03
+109.856000E-06,+402.010053396E-03
+109.864000E-06,+402.010053396E-03
+109.872000E-06,+402.010053396E-03
+109.880000E-06,+402.010053396E-03
+109.888000E-06,+402.010053396E-03
+109.896000E-06,+402.010053396E-03
+109.904000E-06,+402.010053396E-03
+109.912000E-06,+402.010053396E-03
+109.920000E-06,+402.010053396E-03
+109.928000E-06,+402.010053396E-03
+109.936000E-06,+402.010053396E-03
+109.944000E-06,+402.010053396E-03
+109.952000E-06,+402.010053396E-03
+109.960000E-06,+402.010053396E-03
+109.968000E-06,+402.010053396E-03
+109.976000E-06,+402.010053396E-03
+109.984000E-06,+402.010053396E-03
+109.992000E-06,+402.010053396E-03
+110.000000E-06,+402.010053396E-03
+110.008000E-06,+603.015077677E-03
+110.016000E-06,+402.010055814E-03
+110.024000E-06,+402.010053396E-03
+110.032000E-06,+402.010053396E-03
+110.040000E-06,+603.015077677E-03
+110.048000E-06,+402.010055812E-03
+110.056000E-06,+402.010053396E-03
+110.064000E-06,+603.015077678E-03
+110.072000E-06,+402.010055812E-03
+110.080000E-06,+402.010053396E-03
+110.088000E-06,+603.015077678E-03
+110.096000E-06,+402.010055812E-03
+110.104000E-06,+603.015077678E-03
+110.112000E-06,+603.015080094E-03
+110.120000E-06,+402.010055812E-03
+110.128000E-06,+402.010053396E-03
+110.136000E-06,+402.010053396E-03
+110.144000E-06,+603.015077678E-03
+110.152000E-06,+402.010055812E-03
+110.160000E-06,+402.010053396E-03
+110.168000E-06,+402.010053396E-03
+110.176000E-06,+402.010053396E-03
+110.184000E-06,+402.010053396E-03
+110.192000E-06,+402.010053396E-03
+110.200000E-06,+603.015077680E-03
+110.208000E-06,+603.015080094E-03
+110.216000E-06,+402.010055811E-03
+110.224000E-06,+603.015077680E-03
+110.232000E-06,+402.010055811E-03
+110.240000E-06,+402.010053396E-03
+110.248000E-06,+603.015077680E-03
+110.256000E-06,+603.015080094E-03
+110.264000E-06,+603.015080094E-03
+110.272000E-06,+402.010055811E-03
+110.280000E-06,+603.015077681E-03
+110.288000E-06,+603.015080094E-03
+110.296000E-06,+402.010055809E-03
+110.304000E-06,+402.010053396E-03
+110.312000E-06,+402.010053396E-03
+110.320000E-06,+402.010053396E-03
+110.328000E-06,+402.010053396E-03
+110.336000E-06,+402.010053396E-03
+110.344000E-06,+402.010053396E-03
+110.352000E-06,+402.010053396E-03
+110.360000E-06,+402.010053396E-03
+110.368000E-06,+402.010053396E-03
+110.376000E-06,+402.010053396E-03
+110.384000E-06,+402.010053396E-03
+110.392000E-06,+402.010053396E-03
+110.400000E-06,+402.010053396E-03
+110.408000E-06,+603.015077681E-03
+110.416000E-06,+603.015080094E-03
+110.424000E-06,+402.010055808E-03
+110.432000E-06,+603.015077683E-03
+110.440000E-06,+603.015080094E-03
+110.448000E-06,+402.010055808E-03
+110.456000E-06,+402.010053396E-03
+110.464000E-06,+402.010053396E-03
+110.472000E-06,+402.010053396E-03
+110.480000E-06,+402.010053396E-03
+110.488000E-06,+402.010053396E-03
+110.496000E-06,+603.015077683E-03
+110.504000E-06,+402.010055808E-03
+110.512000E-06,+402.010053396E-03
+110.520000E-06,+402.010053396E-03
+110.528000E-06,+603.015077684E-03
+110.536000E-06,+603.015080094E-03
+110.544000E-06,+402.010055806E-03
+110.552000E-06,+402.010053396E-03
+110.560000E-06,+402.010053396E-03
+110.568000E-06,+603.015077684E-03
+110.576000E-06,+402.010055806E-03
+110.584000E-06,+402.010053396E-03
+110.592000E-06,+402.010053396E-03
+110.600000E-06,+402.010053396E-03
+110.608000E-06,+402.010053396E-03
+110.616000E-06,+603.015077684E-03
+110.624000E-06,+402.010055806E-03
+110.632000E-06,+402.010053396E-03
+110.640000E-06,+402.010053396E-03
+110.648000E-06,+402.010053396E-03
+110.656000E-06,+402.010053396E-03
+110.664000E-06,+402.010053396E-03
+110.672000E-06,+402.010053396E-03
+110.680000E-06,+402.010053396E-03
+110.688000E-06,+402.010053396E-03
+110.696000E-06,+603.015077686E-03
+110.704000E-06,+402.010055805E-03
+110.712000E-06,+402.010053396E-03
+110.720000E-06,+402.010053396E-03
+110.728000E-06,+603.015077686E-03
+110.736000E-06,+402.010055805E-03
+110.744000E-06,+402.010053396E-03
+110.752000E-06,+402.010053396E-03
+110.760000E-06,+402.010053396E-03
+110.768000E-06,+603.015077687E-03
+110.776000E-06,+603.015080094E-03
+110.784000E-06,+402.010055804E-03
+110.792000E-06,+402.010053396E-03
+110.800000E-06,+603.015077687E-03
+110.808000E-06,+603.015080094E-03
+110.816000E-06,+402.010055804E-03
+110.824000E-06,+402.010053396E-03
+110.832000E-06,+402.010053396E-03
+110.840000E-06,+402.010053396E-03
+110.848000E-06,+402.010053396E-03
+110.856000E-06,+402.010053396E-03
+110.864000E-06,+402.010053396E-03
+110.872000E-06,+603.015077687E-03
+110.880000E-06,+402.010055804E-03
+110.888000E-06,+603.015077687E-03
+110.896000E-06,+603.015080094E-03
+110.904000E-06,+402.010055802E-03
+110.912000E-06,+603.015077689E-03
+110.920000E-06,+603.015080094E-03
+110.928000E-06,+402.010055802E-03
+110.936000E-06,+402.010053396E-03
+110.944000E-06,+402.010053396E-03
+110.952000E-06,+402.010053396E-03
+110.960000E-06,+402.010053396E-03
+110.968000E-06,+402.010053396E-03
+110.976000E-06,+603.015077689E-03
+110.984000E-06,+603.015080094E-03
+110.992000E-06,+402.010055801E-03
+111.000000E-06,+402.010053396E-03
+111.008000E-06,+402.010053396E-03
+111.016000E-06,+402.010053396E-03
+111.024000E-06,+402.010053396E-03
+111.032000E-06,+402.010053396E-03
+111.040000E-06,+603.015077690E-03
+111.048000E-06,+402.010055801E-03
+111.056000E-06,+603.015077690E-03
+111.064000E-06,+402.010055801E-03
+111.072000E-06,+402.010053396E-03
+111.080000E-06,+402.010053396E-03
+111.088000E-06,+402.010053396E-03
+111.096000E-06,+402.010053396E-03
+111.104000E-06,+402.010053396E-03
+111.112000E-06,+603.015077690E-03
+111.120000E-06,+402.010055801E-03
+111.128000E-06,+402.010053396E-03
+111.136000E-06,+402.010053396E-03
+111.144000E-06,+402.010053396E-03
+111.152000E-06,+402.010053396E-03
+111.160000E-06,+402.010053396E-03
+111.168000E-06,+402.010053396E-03
+111.176000E-06,+603.015077691E-03
+111.184000E-06,+402.010055799E-03
+111.192000E-06,+402.010053396E-03
+111.200000E-06,+402.010053396E-03
+111.208000E-06,+402.010053396E-03
+111.216000E-06,+402.010053396E-03
+111.224000E-06,+603.015077693E-03
+111.232000E-06,+402.010055798E-03
+111.240000E-06,+402.010053396E-03
+111.248000E-06,+603.015077693E-03
+111.256000E-06,+402.010055798E-03
+111.264000E-06,+603.015077693E-03
+111.272000E-06,+402.010055798E-03
+111.280000E-06,+402.010053396E-03
+111.288000E-06,+603.015077693E-03
+111.296000E-06,+402.010055798E-03
+111.304000E-06,+402.010053396E-03
+111.312000E-06,+603.015077693E-03
+111.320000E-06,+402.010055798E-03
+111.328000E-06,+603.015077693E-03
+111.336000E-06,+603.015080094E-03
+111.344000E-06,+603.015080094E-03
+111.352000E-06,+402.010055798E-03
+111.360000E-06,+402.010053396E-03
+111.368000E-06,+603.015077694E-03
+111.376000E-06,+402.010055796E-03
+111.384000E-06,+402.010053396E-03
+111.392000E-06,+402.010053396E-03
+111.400000E-06,+402.010053396E-03
+111.408000E-06,+402.010053396E-03
+111.416000E-06,+603.015077694E-03
+111.424000E-06,+402.010055796E-03
+111.432000E-06,+402.010053396E-03
+111.440000E-06,+402.010053396E-03
+111.448000E-06,+603.015077696E-03
+111.456000E-06,+402.010055795E-03
+111.464000E-06,+402.010053396E-03
+111.472000E-06,+402.010053396E-03
+111.480000E-06,+603.015077696E-03
+111.488000E-06,+402.010055795E-03
+111.496000E-06,+402.010053396E-03
+111.504000E-06,+402.010053396E-03
+111.512000E-06,+402.010053396E-03
+111.520000E-06,+603.015077696E-03
+111.528000E-06,+402.010055795E-03
+111.536000E-06,+402.010053396E-03
+111.544000E-06,+402.010053396E-03
+111.552000E-06,+603.015077696E-03
+111.560000E-06,+402.010055795E-03
+111.568000E-06,+603.015077696E-03
+111.576000E-06,+402.010055795E-03
+111.584000E-06,+402.010053396E-03
+111.592000E-06,+603.015077697E-03
+111.600000E-06,+402.010055793E-03
+111.608000E-06,+603.015077697E-03
+111.616000E-06,+402.010055793E-03
+111.624000E-06,+402.010053396E-03
+111.632000E-06,+603.015077697E-03
+111.640000E-06,+402.010055793E-03
+111.648000E-06,+402.010053396E-03
+111.656000E-06,+402.010053396E-03
+111.664000E-06,+603.015077697E-03
+111.672000E-06,+402.010055793E-03
+111.680000E-06,+402.010053396E-03
+111.688000E-06,+402.010053396E-03
+111.696000E-06,+603.015077699E-03
+111.704000E-06,+402.010055792E-03
+111.712000E-06,+402.010053396E-03
+111.720000E-06,+402.010053396E-03
+111.728000E-06,+402.010053396E-03
+111.736000E-06,+402.010053396E-03
+111.744000E-06,+603.015077699E-03
+111.752000E-06,+402.010055792E-03
+111.760000E-06,+402.010053396E-03
+111.768000E-06,+402.010053396E-03
+111.776000E-06,+402.010053396E-03
+111.784000E-06,+402.010053396E-03
+111.792000E-06,+402.010053396E-03
+111.800000E-06,+402.010053396E-03
+111.808000E-06,+402.010053396E-03
+111.816000E-06,+603.015077699E-03
+111.824000E-06,+402.010055790E-03
+111.832000E-06,+402.010053396E-03
+111.840000E-06,+402.010053396E-03
+111.848000E-06,+603.015077700E-03
+111.856000E-06,+402.010055790E-03
+111.864000E-06,+402.010053396E-03
+111.872000E-06,+603.015077700E-03
+111.880000E-06,+402.010055790E-03
+111.888000E-06,+603.015077700E-03
+111.896000E-06,+402.010055790E-03
+111.904000E-06,+402.010053396E-03
+111.912000E-06,+402.010053396E-03
+111.920000E-06,+603.015077702E-03
+111.928000E-06,+402.010055789E-03
+111.936000E-06,+402.010053396E-03
+111.944000E-06,+402.010053396E-03
+111.952000E-06,+402.010053396E-03
+111.960000E-06,+402.010053396E-03
+111.968000E-06,+402.010053396E-03
+111.976000E-06,+402.010053396E-03
+111.984000E-06,+402.010053396E-03
+111.992000E-06,+402.010053396E-03
+112.000000E-06,+402.010053396E-03
+112.008000E-06,+402.010053396E-03
+112.016000E-06,+402.010053396E-03
+112.024000E-06,+402.010053396E-03
+112.032000E-06,+603.015077702E-03
+112.040000E-06,+402.010055789E-03
+112.048000E-06,+402.010053396E-03
+112.056000E-06,+402.010053396E-03
+112.064000E-06,+402.010053396E-03
+112.072000E-06,+402.010053396E-03
+112.080000E-06,+402.010053396E-03
+112.088000E-06,+402.010053396E-03
+112.096000E-06,+402.010053396E-03
+112.104000E-06,+402.010053396E-03
+112.112000E-06,+402.010053396E-03
+112.120000E-06,+402.010053396E-03
+112.128000E-06,+402.010053396E-03
+112.136000E-06,+402.010053396E-03
+112.144000E-06,+402.010053396E-03
+112.152000E-06,+402.010053396E-03
+112.160000E-06,+402.010053396E-03
+112.168000E-06,+402.010053396E-03
+112.176000E-06,+402.010053396E-03
+112.184000E-06,+402.010053396E-03
+112.192000E-06,+402.010053396E-03
+112.200000E-06,+402.010053396E-03
+112.208000E-06,+402.010053396E-03
+112.216000E-06,+402.010053396E-03
+112.224000E-06,+402.010053396E-03
+112.232000E-06,+402.010053396E-03
+112.240000E-06,+402.010053396E-03
+112.248000E-06,+402.010053396E-03
+112.256000E-06,+402.010053396E-03
+112.264000E-06,+402.010053396E-03
+112.272000E-06,+402.010053396E-03
+112.280000E-06,+402.010053396E-03
+112.288000E-06,+402.010053396E-03
+112.296000E-06,+402.010053396E-03
+112.304000E-06,+402.010053396E-03
+112.312000E-06,+402.010053396E-03
+112.320000E-06,+402.010053396E-03
+112.328000E-06,+402.010053396E-03
+112.336000E-06,+402.010053396E-03
+112.344000E-06,+402.010053396E-03
+112.352000E-06,+402.010053396E-03
+112.360000E-06,+402.010053396E-03
+112.368000E-06,+402.010053396E-03
+112.376000E-06,+402.010053396E-03
+112.384000E-06,+402.010053396E-03
+112.392000E-06,+402.010053396E-03
+112.400000E-06,+402.010053396E-03
+112.408000E-06,+402.010053396E-03
+112.416000E-06,+402.010053396E-03
+112.424000E-06,+402.010053396E-03
+112.432000E-06,+603.015077708E-03
+112.440000E-06,+402.010055783E-03
+112.448000E-06,+402.010053396E-03
+112.456000E-06,+402.010053396E-03
+112.464000E-06,+402.010053396E-03
+112.472000E-06,+402.010053396E-03
+112.480000E-06,+402.010053396E-03
+112.488000E-06,+402.010053396E-03
+112.496000E-06,+201.005029085E-03
+112.504000E-06,+402.010051009E-03
+112.512000E-06,+402.010053396E-03
+112.520000E-06,+402.010053396E-03
+112.528000E-06,+402.010053396E-03
+112.536000E-06,+402.010053396E-03
+112.544000E-06,+402.010053396E-03
+112.552000E-06,+402.010053396E-03
+112.560000E-06,+201.005029083E-03
+112.568000E-06,+402.010051011E-03
+112.576000E-06,+402.010053396E-03
+112.584000E-06,+402.010053396E-03
+112.592000E-06,+402.010053396E-03
+112.600000E-06,+402.010053396E-03
+112.608000E-06,+402.010053396E-03
+112.616000E-06,+402.010053396E-03
+112.624000E-06,+402.010053396E-03
+112.632000E-06,+402.010053396E-03
+112.640000E-06,+402.010053396E-03
+112.648000E-06,+402.010053396E-03
+112.656000E-06,+402.010053396E-03
+112.664000E-06,+402.010053396E-03
+112.672000E-06,+201.005029082E-03
+112.680000E-06,+603.015075327E-03
+112.688000E-06,+402.010055780E-03
+112.696000E-06,+402.010053396E-03
+112.704000E-06,+402.010053396E-03
+112.712000E-06,+402.010053396E-03
+112.720000E-06,+402.010053396E-03
+112.728000E-06,+402.010053396E-03
+112.736000E-06,+402.010053396E-03
+112.744000E-06,+402.010053396E-03
+112.752000E-06,+402.010053396E-03
+112.760000E-06,+402.010053396E-03
+112.768000E-06,+402.010053396E-03
+112.776000E-06,+402.010053396E-03
+112.784000E-06,+402.010053396E-03
+112.792000E-06,+402.010053396E-03
+112.800000E-06,+402.010053396E-03
+112.808000E-06,+402.010053396E-03
+112.816000E-06,+402.010053396E-03
+112.824000E-06,+201.005029081E-03
+112.832000E-06,+402.010051014E-03
+112.840000E-06,+402.010053396E-03
+112.848000E-06,+402.010053396E-03
+112.856000E-06,+402.010053396E-03
+112.864000E-06,+402.010053396E-03
+112.872000E-06,+402.010053396E-03
+112.880000E-06,+402.010053396E-03
+112.888000E-06,+201.005029079E-03
+112.896000E-06,+402.010051015E-03
+112.904000E-06,+402.010053396E-03
+112.912000E-06,+402.010053396E-03
+112.920000E-06,+402.010053396E-03
+112.928000E-06,+402.010053396E-03
+112.936000E-06,+402.010053396E-03
+112.944000E-06,+402.010053396E-03
+112.952000E-06,+402.010053396E-03
+112.960000E-06,+402.010053396E-03
+112.968000E-06,+402.010053396E-03
+112.976000E-06,+402.010053396E-03
+112.984000E-06,+402.010053396E-03
+112.992000E-06,+402.010053396E-03
+113.000000E-06,+402.010053396E-03
+113.008000E-06,+402.010053396E-03
+113.016000E-06,+402.010053396E-03
+113.024000E-06,+402.010053396E-03
+113.032000E-06,+402.010053396E-03
+113.040000E-06,+402.010053396E-03
+113.048000E-06,+402.010053396E-03
+113.056000E-06,+402.010053396E-03
+113.064000E-06,+402.010053396E-03
+113.072000E-06,+402.010053396E-03
+113.080000E-06,+402.010053396E-03
+113.088000E-06,+402.010053396E-03
+113.096000E-06,+402.010053396E-03
+113.104000E-06,+402.010053396E-03
+113.112000E-06,+402.010053396E-03
+113.120000E-06,+201.005029076E-03
+113.128000E-06,+402.010051018E-03
+113.136000E-06,+402.010053396E-03
+113.144000E-06,+402.010053396E-03
+113.152000E-06,+402.010053396E-03
+113.160000E-06,+201.005029076E-03
+113.168000E-06,+402.010051018E-03
+113.176000E-06,+402.010053396E-03
+113.184000E-06,+402.010053396E-03
+113.192000E-06,+402.010053396E-03
+113.200000E-06,+402.010053396E-03
+113.208000E-06,+402.010053396E-03
+113.216000E-06,+402.010053396E-03
+113.224000E-06,+402.010053396E-03
+113.232000E-06,+402.010053396E-03
+113.240000E-06,+402.010053396E-03
+113.248000E-06,+402.010053396E-03
+113.256000E-06,+402.010053396E-03
+113.264000E-06,+402.010053396E-03
+113.272000E-06,+402.010053396E-03
+113.280000E-06,+402.010053396E-03
+113.288000E-06,+402.010053396E-03
+113.296000E-06,+402.010053396E-03
+113.304000E-06,+402.010053396E-03
+113.312000E-06,+402.010053396E-03
+113.320000E-06,+201.005029073E-03
+113.328000E-06,+402.010051021E-03
+113.336000E-06,+402.010053396E-03
+113.344000E-06,+402.010053396E-03
+113.352000E-06,+402.010053396E-03
+113.360000E-06,+402.010053396E-03
+113.368000E-06,+402.010053396E-03
+113.376000E-06,+402.010053396E-03
+113.384000E-06,+402.010053396E-03
+113.392000E-06,+402.010053396E-03
+113.400000E-06,+402.010053396E-03
+113.408000E-06,+402.010053396E-03
+113.416000E-06,+402.010053396E-03
+113.424000E-06,+402.010053396E-03
+113.432000E-06,+402.010053396E-03
+113.440000E-06,+402.010053396E-03
+113.448000E-06,+402.010053396E-03
+113.456000E-06,+402.010053396E-03
+113.464000E-06,+402.010053396E-03
+113.472000E-06,+201.005029072E-03
+113.480000E-06,+402.010051023E-03
+113.488000E-06,+201.005029072E-03
+113.496000E-06,+402.010051023E-03
+113.504000E-06,+402.010053396E-03
+113.512000E-06,+402.010053396E-03
+113.520000E-06,+402.010053396E-03
+113.528000E-06,+201.005029072E-03
+113.536000E-06,+201.005026698E-03
+113.544000E-06,+201.005026698E-03
+113.552000E-06,+402.010051024E-03
+113.560000E-06,+402.010053396E-03
+113.568000E-06,+402.010053396E-03
+113.576000E-06,+402.010053396E-03
+113.584000E-06,+402.010053396E-03
+113.592000E-06,+402.010053396E-03
+113.600000E-06,+201.005029070E-03
+113.608000E-06,+201.005026698E-03
+113.616000E-06,+402.010051024E-03
+113.624000E-06,+201.005029070E-03
+113.632000E-06,+402.010051024E-03
+113.640000E-06,+402.010053396E-03
+113.648000E-06,+201.005029070E-03
+113.656000E-06,+402.010051024E-03
+113.664000E-06,+201.005029070E-03
+113.672000E-06,+402.010051024E-03
+113.680000E-06,+201.005029070E-03
+113.688000E-06,+402.010051024E-03
+113.696000E-06,+201.005029069E-03
+113.704000E-06,+402.010051026E-03
+113.712000E-06,+402.010053396E-03
+113.720000E-06,+201.005029069E-03
+113.728000E-06,+201.005026698E-03
+113.736000E-06,+201.005026698E-03
+113.744000E-06,+402.010051026E-03
+113.752000E-06,+402.010053396E-03
+113.760000E-06,+201.005029069E-03
+113.768000E-06,+402.010051026E-03
+113.776000E-06,+201.005029069E-03
+113.784000E-06,+402.010051027E-03
+113.792000E-06,+402.010053396E-03
+113.800000E-06,+201.005029067E-03
+113.808000E-06,+201.005026698E-03
+113.816000E-06,+201.005026698E-03
+113.824000E-06,+201.005026698E-03
+113.832000E-06,+201.005026698E-03
+113.840000E-06,+201.005026698E-03
+113.848000E-06,+402.010051027E-03
+113.856000E-06,+201.005029067E-03
+113.864000E-06,+402.010051027E-03
+113.872000E-06,+201.005029067E-03
+113.880000E-06,+201.005026698E-03
+113.888000E-06,+201.005026698E-03
+113.896000E-06,+402.010051027E-03
+113.904000E-06,+201.005029067E-03
+113.912000E-06,+402.010051027E-03
+113.920000E-06,+402.010053396E-03
+113.928000E-06,+402.010053396E-03
+113.936000E-06,+201.005029066E-03
+113.944000E-06,+201.005026698E-03
+113.952000E-06,+201.005026698E-03
+113.960000E-06,+201.005026698E-03
+113.968000E-06,+201.005026698E-03
+113.976000E-06,+402.010051028E-03
+113.984000E-06,+402.010053396E-03
+113.992000E-06,+402.010053396E-03
+114.000000E-06,+402.010053396E-03
+114.008000E-06,+201.005029066E-03
+114.016000E-06,+402.010051030E-03
+114.024000E-06,+201.005029064E-03
+114.032000E-06,+201.005026698E-03
+114.040000E-06,+402.010051030E-03
+114.048000E-06,+201.005029064E-03
+114.056000E-06,+402.010051030E-03
+114.064000E-06,+402.010053396E-03
+114.072000E-06,+402.010053396E-03
+114.080000E-06,+201.005029064E-03
+114.088000E-06,+201.005026698E-03
+114.096000E-06,+402.010051030E-03
+114.104000E-06,+402.010053396E-03
+114.112000E-06,+402.010053396E-03
+114.120000E-06,+402.010053396E-03
+114.128000E-06,+201.005029064E-03
+114.136000E-06,+402.010051030E-03
+114.144000E-06,+402.010053396E-03
+114.152000E-06,+402.010053396E-03
+114.160000E-06,+402.010053396E-03
+114.168000E-06,+201.005029063E-03
+114.176000E-06,+201.005026698E-03
+114.184000E-06,+402.010051031E-03
+114.192000E-06,+201.005029063E-03
+114.200000E-06,+201.005026698E-03
+114.208000E-06,+201.005026698E-03
+114.216000E-06,+402.010051031E-03
+114.224000E-06,+402.010053396E-03
+114.232000E-06,+201.005029063E-03
+114.240000E-06,+402.010051031E-03
+114.248000E-06,+402.010053396E-03
+114.256000E-06,+201.005029062E-03
+114.264000E-06,+201.005026698E-03
+114.272000E-06,+201.005026698E-03
+114.280000E-06,+402.010051033E-03
+114.288000E-06,+402.010053396E-03
+114.296000E-06,+402.010053396E-03
+114.304000E-06,+201.005029062E-03
+114.312000E-06,+201.005026698E-03
+114.320000E-06,+402.010051033E-03
+114.328000E-06,+201.005029062E-03
+114.336000E-06,+201.005026698E-03
+114.344000E-06,+201.005026698E-03
+114.352000E-06,+402.010051033E-03
+114.360000E-06,+201.005029062E-03
+114.368000E-06,+201.005026698E-03
+114.376000E-06,+201.005026698E-03
+114.384000E-06,+402.010051033E-03
+114.392000E-06,+201.005029060E-03
+114.400000E-06,+201.005026698E-03
+114.408000E-06,+201.005026698E-03
+114.416000E-06,+402.010051034E-03
+114.424000E-06,+201.005029060E-03
+114.432000E-06,+201.005026698E-03
+114.440000E-06,+201.005026698E-03
+114.448000E-06,+201.005026698E-03
+114.456000E-06,+201.005026698E-03
+114.464000E-06,+402.010051034E-03
+114.472000E-06,+201.005029060E-03
+114.480000E-06,+402.010051036E-03
+114.488000E-06,+201.005029059E-03
+114.496000E-06,+201.005026698E-03
+114.504000E-06,+201.005026698E-03
+114.512000E-06,+201.005026698E-03
+114.520000E-06,+201.005026698E-03
+114.528000E-06,+201.005026698E-03
+114.536000E-06,+201.005026698E-03
+114.544000E-06,+201.005026698E-03
+114.552000E-06,+201.005026698E-03
+114.560000E-06,+402.010051036E-03
+114.568000E-06,+402.010053396E-03
+114.576000E-06,+201.005029059E-03
+114.584000E-06,+201.005026698E-03
+114.592000E-06,+201.005026698E-03
+114.600000E-06,+201.005026698E-03
+114.608000E-06,+201.005026698E-03
+114.616000E-06,+201.005026698E-03
+114.624000E-06,+201.005026698E-03
+114.632000E-06,+201.005026698E-03
+114.640000E-06,+402.010051037E-03
+114.648000E-06,+201.005029057E-03
+114.656000E-06,+402.010051037E-03
+114.664000E-06,+201.005029057E-03
+114.672000E-06,+201.005026698E-03
+114.680000E-06,+201.005026698E-03
+114.688000E-06,+201.005026698E-03
+114.696000E-06,+201.005026698E-03
+114.704000E-06,+402.010051037E-03
+114.712000E-06,+201.005029056E-03
+114.720000E-06,+201.005026698E-03
+114.728000E-06,+402.010051039E-03
+114.736000E-06,+402.010053396E-03
+114.744000E-06,+201.005029056E-03
+114.752000E-06,+2.358E-09
+114.760000E-06,+0.0E+00
+114.768000E-06,+201.005024341E-03
+114.776000E-06,+201.005026698E-03
+114.784000E-06,+201.005026698E-03
+114.792000E-06,+201.005026698E-03
+114.800000E-06,+201.005026698E-03
+114.808000E-06,+201.005026698E-03
+114.816000E-06,+402.010051039E-03
+114.824000E-06,+201.005029056E-03
+114.832000E-06,+201.005026698E-03
+114.840000E-06,+2.358E-09
+114.848000E-06,+201.005024341E-03
+114.856000E-06,+201.005026698E-03
+114.864000E-06,+201.005026698E-03
+114.872000E-06,+201.005026698E-03
+114.880000E-06,+2.356E-09
+114.888000E-06,+201.005024342E-03
+114.896000E-06,+201.005026698E-03
+114.904000E-06,+201.005026698E-03
+114.912000E-06,+201.005026698E-03
+114.920000E-06,+201.005026698E-03
+114.928000E-06,+201.005026698E-03
+114.936000E-06,+201.005026698E-03
+114.944000E-06,+201.005026698E-03
+114.952000E-06,+201.005026698E-03
+114.960000E-06,+201.005026698E-03
+114.968000E-06,+201.005026698E-03
+114.976000E-06,+201.005026698E-03
+114.984000E-06,+201.005026698E-03
+114.992000E-06,+201.005026698E-03
+115.000000E-06,+201.005026698E-03
+115.008000E-06,+201.005026698E-03
+115.016000E-06,+201.005026698E-03
+115.024000E-06,+201.005026698E-03
+115.032000E-06,+201.005026698E-03
+115.040000E-06,+201.005026698E-03
+115.048000E-06,+201.005026698E-03
+115.056000E-06,+201.005026698E-03
+115.064000E-06,+201.005026698E-03
+115.072000E-06,+201.005026698E-03
+115.080000E-06,+201.005026698E-03
+115.088000E-06,+201.005026698E-03
+115.096000E-06,+2.353E-09
+115.104000E-06,+201.005024345E-03
+115.112000E-06,+201.005026698E-03
+115.120000E-06,+201.005026698E-03
+115.128000E-06,+201.005026698E-03
+115.136000E-06,+201.005026698E-03
+115.144000E-06,+201.005026698E-03
+115.152000E-06,+201.005026698E-03
+115.160000E-06,+201.005026698E-03
+115.168000E-06,+201.005026698E-03
+115.176000E-06,+201.005026698E-03
+115.184000E-06,+201.005026698E-03
+115.192000E-06,+201.005026698E-03
+115.200000E-06,+402.010051045E-03
+115.208000E-06,+201.005029050E-03
+115.216000E-06,+201.005026698E-03
+115.224000E-06,+201.005026698E-03
+115.232000E-06,+201.005026698E-03
+115.240000E-06,+201.005026698E-03
+115.248000E-06,+201.005026698E-03
+115.256000E-06,+201.005026698E-03
+115.264000E-06,+201.005026698E-03
+115.272000E-06,+201.005026698E-03
+115.280000E-06,+201.005026698E-03
+115.288000E-06,+201.005026698E-03
+115.296000E-06,+201.005026698E-03
+115.304000E-06,+201.005026698E-03
+115.312000E-06,+201.005026698E-03
+115.320000E-06,+201.005026698E-03
+115.328000E-06,+201.005026698E-03
+115.336000E-06,+201.005026698E-03
+115.344000E-06,+201.005026698E-03
+115.352000E-06,+201.005026698E-03
+115.360000E-06,+201.005026698E-03
+115.368000E-06,+201.005026698E-03
+115.376000E-06,+2.350E-09
+115.384000E-06,+402.010048696E-03
+115.392000E-06,+201.005029048E-03
+115.400000E-06,+201.005026698E-03
+115.408000E-06,+2.350E-09
+115.416000E-06,+0.0E+00
+115.424000E-06,+0.0E+00
+115.432000E-06,+201.005024349E-03
+115.440000E-06,+201.005026698E-03
+115.448000E-06,+2.349E-09
+115.456000E-06,+201.005024349E-03
+115.464000E-06,+201.005026698E-03
+115.472000E-06,+201.005026698E-03
+115.480000E-06,+201.005026698E-03
+115.488000E-06,+201.005026698E-03
+115.496000E-06,+201.005026698E-03
+115.504000E-06,+201.005026698E-03
+115.512000E-06,+201.005026698E-03
+115.520000E-06,+201.005026698E-03
+115.528000E-06,+201.005026698E-03
+115.536000E-06,+201.005026698E-03
+115.544000E-06,+201.005026698E-03
+115.552000E-06,+201.005026698E-03
+115.560000E-06,+201.005026698E-03
+115.568000E-06,+2.347E-09
+115.576000E-06,+201.005024351E-03
+115.584000E-06,+2.347E-09
+115.592000E-06,+201.005024351E-03
+115.600000E-06,+201.005026698E-03
+115.608000E-06,+201.005026698E-03
+115.616000E-06,+201.005026698E-03
+115.624000E-06,+201.005026698E-03
+115.632000E-06,+2.347E-09
+115.640000E-06,+201.005024351E-03
+115.648000E-06,+2.346E-09
+115.656000E-06,+201.005024352E-03
+115.664000E-06,+201.005026698E-03
+115.672000E-06,+201.005026698E-03
+115.680000E-06,+201.005026698E-03
+115.688000E-06,+201.005026698E-03
+115.696000E-06,+2.346E-09
+115.704000E-06,+201.005024352E-03
+115.712000E-06,+201.005026698E-03
+115.720000E-06,+201.005026698E-03
+115.728000E-06,+201.005026698E-03
+115.736000E-06,+201.005026698E-03
+115.744000E-06,+201.005026698E-03
+115.752000E-06,+2.346E-09
+115.760000E-06,+201.005024352E-03
+115.768000E-06,+2.346E-09
+115.776000E-06,+201.005024352E-03
+115.784000E-06,+201.005026698E-03
+115.792000E-06,+2.344E-09
+115.800000E-06,+201.005024354E-03
+115.808000E-06,+2.344E-09
+115.816000E-06,+201.005024354E-03
+115.824000E-06,+201.005026698E-03
+115.832000E-06,+2.344E-09
+115.840000E-06,+0.0E+00
+115.848000E-06,+0.0E+00
+115.856000E-06,+201.005024354E-03
+115.864000E-06,+201.005026698E-03
+115.872000E-06,+201.005026698E-03
+115.880000E-06,+201.005026698E-03
+115.888000E-06,+201.005026698E-03
+115.896000E-06,+2.343E-09
+115.904000E-06,+201.005024355E-03
+115.912000E-06,+2.343E-09
+115.920000E-06,+201.005024355E-03
+115.928000E-06,+201.005026698E-03
+115.936000E-06,+201.005026698E-03
+115.944000E-06,+201.005026698E-03
+115.952000E-06,+2.343E-09
+115.960000E-06,+201.005024355E-03
+115.968000E-06,+201.005026698E-03
+115.976000E-06,+201.005026698E-03
+115.984000E-06,+201.005026698E-03
+115.992000E-06,+201.005026698E-03
+116.000000E-06,+2.343E-09
+116.008000E-06,+0.0E+00
+116.016000E-06,+0.0E+00
+116.024000E-06,+201.005024357E-03
+116.032000E-06,+201.005026698E-03
+116.040000E-06,+201.005026698E-03
+116.048000E-06,+201.005026698E-03
+116.056000E-06,+201.005026698E-03
+116.064000E-06,+201.005026698E-03
+116.072000E-06,+201.005026698E-03
+116.080000E-06,+2.341E-09
+116.088000E-06,+201.005024357E-03
+116.096000E-06,+2.341E-09
+116.104000E-06,+0.0E+00
+116.112000E-06,+201.005024358E-03
+116.120000E-06,+2.340E-09
+116.128000E-06,+201.005024358E-03
+116.136000E-06,+201.005026698E-03
+116.144000E-06,+2.340E-09
+116.152000E-06,+201.005024358E-03
+116.160000E-06,+201.005026698E-03
+116.168000E-06,+201.005026698E-03
+116.176000E-06,+2.340E-09
+116.184000E-06,+0.0E+00
+116.192000E-06,+201.005024358E-03
+116.200000E-06,+2.340E-09
+116.208000E-06,+201.005024358E-03
+116.216000E-06,+201.005026698E-03
+116.224000E-06,+201.005026698E-03
+116.232000E-06,+2.340E-09
+116.240000E-06,+0.0E+00
+116.248000E-06,+0.0E+00
+116.256000E-06,+201.005024358E-03
+116.264000E-06,+2.339E-09
+116.272000E-06,+201.005024360E-03
+116.280000E-06,+201.005026698E-03
+116.288000E-06,+201.005026698E-03
+116.296000E-06,+201.005026698E-03
+116.304000E-06,+2.339E-09
+116.312000E-06,+0.0E+00
+116.320000E-06,+0.0E+00
+116.328000E-06,+0.0E+00
+116.336000E-06,+0.0E+00
+116.344000E-06,+0.0E+00
+116.352000E-06,+0.0E+00
+116.360000E-06,+201.005024361E-03
+116.368000E-06,+201.005026698E-03
+116.376000E-06,+201.005026698E-03
+116.384000E-06,+2.337E-09
+116.392000E-06,+201.005024361E-03
+116.400000E-06,+2.337E-09
+116.408000E-06,+0.0E+00
+116.416000E-06,+0.0E+00
+116.424000E-06,+0.0E+00
+116.432000E-06,+201.005024361E-03
+116.440000E-06,+2.337E-09
+116.448000E-06,+201.005024361E-03
+116.456000E-06,+2.337E-09
+116.464000E-06,+0.0E+00
+116.472000E-06,+201.005024361E-03
+116.480000E-06,+201.005026698E-03
+116.488000E-06,+201.005026698E-03
+116.496000E-06,+2.336E-09
+116.504000E-06,+0.0E+00
+116.512000E-06,+201.005024362E-03
+116.520000E-06,-201.005022027E-03
+116.528000E-06,+201.005022027E-03
+116.536000E-06,+2.336E-09
+116.544000E-06,+0.0E+00
+116.552000E-06,+0.0E+00
+116.560000E-06,+201.005024362E-03
+116.568000E-06,+201.005026698E-03
+116.576000E-06,+2.336E-09
+116.584000E-06,+0.0E+00
+116.592000E-06,+201.005024364E-03
+116.600000E-06,+201.005026698E-03
+116.608000E-06,+201.005026698E-03
+116.616000E-06,+201.005026698E-03
+116.624000E-06,+2.334E-09
+116.632000E-06,+0.0E+00
+116.640000E-06,+0.0E+00
+116.648000E-06,+0.0E+00
+116.656000E-06,+0.0E+00
+116.664000E-06,+0.0E+00
+116.672000E-06,+0.0E+00
+116.680000E-06,+0.0E+00
+116.688000E-06,+0.0E+00
+116.696000E-06,+0.0E+00
+116.704000E-06,+201.005024364E-03
+116.712000E-06,+201.005026698E-03
+116.720000E-06,+2.334E-09
+116.728000E-06,+0.0E+00
+116.736000E-06,+0.0E+00
+116.744000E-06,+0.0E+00
+116.752000E-06,+0.0E+00
+116.760000E-06,+0.0E+00
+116.768000E-06,+201.005024365E-03
+116.776000E-06,+2.333E-09
+116.784000E-06,+0.0E+00
+116.792000E-06,+201.005024365E-03
+116.800000E-06,+2.333E-09
+116.808000E-06,+0.0E+00
+116.816000E-06,+0.0E+00
+116.824000E-06,+0.0E+00
+116.832000E-06,+201.005024367E-03
+116.840000E-06,+2.331E-09
+116.848000E-06,+0.0E+00
+116.856000E-06,+0.0E+00
+116.864000E-06,+0.0E+00
+116.872000E-06,+0.0E+00
+116.880000E-06,+0.0E+00
+116.888000E-06,+0.0E+00
+116.896000E-06,+201.005024367E-03
+116.904000E-06,+2.331E-09
+116.912000E-06,+0.0E+00
+116.920000E-06,+0.0E+00
+116.928000E-06,+0.0E+00
+116.936000E-06,+0.0E+00
+116.944000E-06,+0.0E+00
+116.952000E-06,+0.0E+00
+116.960000E-06,+0.0E+00
+116.968000E-06,+0.0E+00
+116.976000E-06,+0.0E+00
+116.984000E-06,+0.0E+00
+116.992000E-06,+201.005024368E-03
+117.000000E-06,+2.330E-09
+117.008000E-06,+0.0E+00
+117.016000E-06,+0.0E+00
+117.024000E-06,+201.005024368E-03
+117.032000E-06,+2.330E-09
+117.040000E-06,+0.0E+00
+117.048000E-06,+0.0E+00
+117.056000E-06,+0.0E+00
+117.064000E-06,+0.0E+00
+117.072000E-06,+0.0E+00
+117.080000E-06,+0.0E+00
+117.088000E-06,+0.0E+00
+117.096000E-06,+201.005024370E-03
+117.104000E-06,+2.328E-09
+117.112000E-06,+0.0E+00
+117.120000E-06,+201.005024370E-03
+117.128000E-06,+2.328E-09
+117.136000E-06,+201.005024370E-03
+117.144000E-06,+201.005026698E-03
+117.152000E-06,+2.328E-09
+117.160000E-06,+0.0E+00
+117.168000E-06,+0.0E+00
+117.176000E-06,-201.005024370E-03
+117.184000E-06,-2.328E-09
+117.192000E-06,+0.0E+00
+117.200000E-06,+201.005024371E-03
+117.208000E-06,+201.005026698E-03
+117.216000E-06,+2.327E-09
+117.224000E-06,+0.0E+00
+117.232000E-06,+201.005024371E-03
+117.240000E-06,+201.005026698E-03
+117.248000E-06,+201.005026698E-03
+117.256000E-06,+2.327E-09
+117.264000E-06,+0.0E+00
+117.272000E-06,+0.0E+00
+117.280000E-06,+0.0E+00
+117.288000E-06,+0.0E+00
+117.296000E-06,+0.0E+00
+117.304000E-06,+0.0E+00
+117.312000E-06,+0.0E+00
+117.320000E-06,+0.0E+00
+117.328000E-06,+0.0E+00
+117.336000E-06,+0.0E+00
+117.344000E-06,+0.0E+00
+117.352000E-06,+0.0E+00
+117.360000E-06,+201.005024373E-03
+117.368000E-06,+2.325E-09
+117.376000E-06,+0.0E+00
+117.384000E-06,+201.005024373E-03
+117.392000E-06,+2.325E-09
+117.400000E-06,+0.0E+00
+117.408000E-06,+0.0E+00
+117.416000E-06,-201.005024373E-03
+117.424000E-06,-2.324E-09
+117.432000E-06,+0.0E+00
+117.440000E-06,+0.0E+00
+117.448000E-06,+0.0E+00
+117.456000E-06,+0.0E+00
+117.464000E-06,+201.005024374E-03
+117.472000E-06,+2.324E-09
+117.480000E-06,+0.0E+00
+117.488000E-06,+0.0E+00
+117.496000E-06,+0.0E+00
+117.504000E-06,+0.0E+00
+117.512000E-06,+0.0E+00
+117.520000E-06,+0.0E+00
+117.528000E-06,+0.0E+00
+117.536000E-06,+0.0E+00
+117.544000E-06,+0.0E+00
+117.552000E-06,+0.0E+00
+117.560000E-06,+0.0E+00
+117.568000E-06,+0.0E+00
+117.576000E-06,-201.005024376E-03
+117.584000E-06,-2.322E-09
+117.592000E-06,+0.0E+00
+117.600000E-06,+0.0E+00
+117.608000E-06,+0.0E+00
+117.616000E-06,+0.0E+00
+117.624000E-06,+0.0E+00
+117.632000E-06,+201.005024376E-03
+117.640000E-06,+2.322E-09
+117.648000E-06,+0.0E+00
+117.656000E-06,+0.0E+00
+117.664000E-06,+0.0E+00
+117.672000E-06,+0.0E+00
+117.680000E-06,+0.0E+00
+117.688000E-06,+201.005024377E-03
+117.696000E-06,+2.321E-09
+117.704000E-06,+0.0E+00
+117.712000E-06,+0.0E+00
+117.720000E-06,+0.0E+00
+117.728000E-06,+0.0E+00
+117.736000E-06,+0.0E+00
+117.744000E-06,+0.0E+00
+117.752000E-06,+0.0E+00
+117.760000E-06,+0.0E+00
+117.768000E-06,+0.0E+00
+117.776000E-06,+0.0E+00
+117.784000E-06,+0.0E+00
+117.792000E-06,+0.0E+00
+117.800000E-06,+0.0E+00
+117.808000E-06,+0.0E+00
+117.816000E-06,+0.0E+00
+117.824000E-06,+0.0E+00
+117.832000E-06,+0.0E+00
+117.840000E-06,+0.0E+00
+117.848000E-06,+0.0E+00
+117.856000E-06,+0.0E+00
+117.864000E-06,+201.005024379E-03
+117.872000E-06,+2.320E-09
+117.880000E-06,+0.0E+00
+117.888000E-06,+0.0E+00
+117.896000E-06,+0.0E+00
+117.904000E-06,+201.005024380E-03
+117.912000E-06,+201.005026698E-03
+117.920000E-06,+2.318E-09
+117.928000E-06,+0.0E+00
+117.936000E-06,+0.0E+00
+117.944000E-06,+201.005024380E-03
+117.952000E-06,+2.318E-09
+117.960000E-06,+0.0E+00
+117.968000E-06,+0.0E+00
+117.976000E-06,+0.0E+00
+117.984000E-06,+0.0E+00
+117.992000E-06,+0.0E+00
+118.000000E-06,+0.0E+00
+118.008000E-06,+0.0E+00
+118.016000E-06,+0.0E+00
+118.024000E-06,+0.0E+00
+118.032000E-06,-201.005024382E-03
+118.040000E-06,-2.317E-09
+118.048000E-06,+0.0E+00
+118.056000E-06,+0.0E+00
+118.064000E-06,+0.0E+00
+118.072000E-06,+0.0E+00
+118.080000E-06,-201.005024382E-03
+118.088000E-06,-2.317E-09
+118.096000E-06,+0.0E+00
+118.104000E-06,+0.0E+00
+118.112000E-06,+0.0E+00
+118.120000E-06,+0.0E+00
+118.128000E-06,+0.0E+00
+118.136000E-06,+0.0E+00
+118.144000E-06,+0.0E+00
+118.152000E-06,+0.0E+00
+118.160000E-06,+201.005024383E-03
+118.168000E-06,+2.315E-09
+118.176000E-06,+0.0E+00
+118.184000E-06,+0.0E+00
+118.192000E-06,+0.0E+00
+118.200000E-06,+201.005024383E-03
+118.208000E-06,+201.005026698E-03
+118.216000E-06,+2.314E-09
+118.224000E-06,+0.0E+00
+118.232000E-06,+0.0E+00
+118.240000E-06,+0.0E+00
+118.248000E-06,+0.0E+00
+118.256000E-06,+0.0E+00
+118.264000E-06,+201.005024384E-03
+118.272000E-06,+2.314E-09
+118.280000E-06,+0.0E+00
+118.288000E-06,+0.0E+00
+118.296000E-06,-201.005024384E-03
+118.304000E-06,-2.314E-09
+118.312000E-06,+201.005024384E-03
+118.320000E-06,+2.314E-09
+118.328000E-06,+0.0E+00
+118.336000E-06,+0.0E+00
+118.344000E-06,+0.0E+00
+118.352000E-06,+201.005024384E-03
+118.360000E-06,+2.312E-09
+118.368000E-06,+0.0E+00
+118.376000E-06,+0.0E+00
+118.384000E-06,+0.0E+00
+118.392000E-06,+0.0E+00
+118.400000E-06,+0.0E+00
+118.408000E-06,+0.0E+00
+118.416000E-06,+0.0E+00
+118.424000E-06,+0.0E+00
+118.432000E-06,+0.0E+00
+118.440000E-06,+0.0E+00
+118.448000E-06,+0.0E+00
+118.456000E-06,+0.0E+00
+118.464000E-06,+0.0E+00
+118.472000E-06,+201.005024387E-03
+118.480000E-06,+2.311E-09
+118.488000E-06,+0.0E+00
+118.496000E-06,+0.0E+00
+118.504000E-06,+0.0E+00
+118.512000E-06,+0.0E+00
+118.520000E-06,+0.0E+00
+118.528000E-06,+0.0E+00
+118.536000E-06,+0.0E+00
+118.544000E-06,+0.0E+00
+118.552000E-06,+0.0E+00
+118.560000E-06,+0.0E+00
+118.568000E-06,+201.005024387E-03
+118.576000E-06,+2.311E-09
+118.584000E-06,+0.0E+00
+118.592000E-06,+0.0E+00
+118.600000E-06,+201.005024389E-03
+118.608000E-06,+2.309E-09
+118.616000E-06,-201.005024389E-03
+118.624000E-06,-2.309E-09
+118.632000E-06,+0.0E+00
+118.640000E-06,+0.0E+00
+118.648000E-06,+0.0E+00
+118.656000E-06,+0.0E+00
+118.664000E-06,+0.0E+00
+118.672000E-06,+0.0E+00
+118.680000E-06,+0.0E+00
+118.688000E-06,+0.0E+00
+118.696000E-06,+0.0E+00
+118.704000E-06,+201.005024390E-03
+118.712000E-06,+2.308E-09
+118.720000E-06,+0.0E+00
+118.728000E-06,+201.005024390E-03
+118.736000E-06,+2.308E-09
+118.744000E-06,+0.0E+00
+118.752000E-06,+0.0E+00
+118.760000E-06,+0.0E+00
+118.768000E-06,-201.005024390E-03
+118.776000E-06,-2.308E-09
+118.784000E-06,+0.0E+00
+118.792000E-06,+0.0E+00
+118.800000E-06,+0.0E+00
+118.808000E-06,+0.0E+00
+118.816000E-06,+0.0E+00
+118.824000E-06,+0.0E+00
+118.832000E-06,+0.0E+00
+118.840000E-06,+201.005024392E-03
+118.848000E-06,+2.306E-09
+118.856000E-06,+0.0E+00
+118.864000E-06,+0.0E+00
+118.872000E-06,+0.0E+00
+118.880000E-06,+0.0E+00
+118.888000E-06,+0.0E+00
+118.896000E-06,+0.0E+00
+118.904000E-06,+0.0E+00
+118.912000E-06,+0.0E+00
+118.920000E-06,+0.0E+00
+118.928000E-06,-201.005024393E-03
+118.936000E-06,-2.305E-09
+118.944000E-06,+0.0E+00
+118.952000E-06,+0.0E+00
+118.960000E-06,+0.0E+00
+118.968000E-06,+0.0E+00
+118.976000E-06,+0.0E+00
+118.984000E-06,+0.0E+00
+118.992000E-06,+0.0E+00
+119.000000E-06,+0.0E+00
+119.008000E-06,+0.0E+00
+119.016000E-06,+0.0E+00
+119.024000E-06,+201.005024393E-03
+119.032000E-06,+2.305E-09
+119.040000E-06,+0.0E+00
+119.048000E-06,+0.0E+00
+119.056000E-06,+0.0E+00
+119.064000E-06,+0.0E+00
+119.072000E-06,+201.005024395E-03
+119.080000E-06,+2.303E-09
+119.088000E-06,+0.0E+00
+119.096000E-06,+0.0E+00
+119.104000E-06,+0.0E+00
+119.112000E-06,+201.005024395E-03
+119.120000E-06,+2.303E-09
+119.128000E-06,+0.0E+00
+119.136000E-06,+0.0E+00
+119.144000E-06,+0.0E+00
+119.152000E-06,+0.0E+00
+119.160000E-06,+0.0E+00
+119.168000E-06,+0.0E+00
+119.176000E-06,+0.0E+00
+119.184000E-06,+0.0E+00
+119.192000E-06,+0.0E+00
+119.200000E-06,+0.0E+00
+119.208000E-06,+0.0E+00
+119.216000E-06,+0.0E+00
+119.224000E-06,+0.0E+00
+119.232000E-06,+0.0E+00
+119.240000E-06,+0.0E+00
+119.248000E-06,+0.0E+00
+119.256000E-06,+0.0E+00
+119.264000E-06,+0.0E+00
+119.272000E-06,+0.0E+00
+119.280000E-06,+0.0E+00
+119.288000E-06,+0.0E+00
+119.296000E-06,+0.0E+00
+119.304000E-06,+0.0E+00
+119.312000E-06,+0.0E+00
+119.320000E-06,+0.0E+00
+119.328000E-06,+0.0E+00
+119.336000E-06,+0.0E+00
+119.344000E-06,+0.0E+00
+119.352000E-06,+0.0E+00
+119.360000E-06,-201.005024398E-03
+119.368000E-06,-2.301E-09
+119.376000E-06,+0.0E+00
+119.384000E-06,+0.0E+00
+119.392000E-06,+0.0E+00
+119.400000E-06,+0.0E+00
+119.408000E-06,+0.0E+00
+119.416000E-06,+0.0E+00
+119.424000E-06,+0.0E+00
+119.432000E-06,+0.0E+00
+119.440000E-06,+0.0E+00
+119.448000E-06,+0.0E+00
+119.456000E-06,+0.0E+00
+119.464000E-06,+0.0E+00
+119.472000E-06,+0.0E+00
+119.480000E-06,+0.0E+00
+119.488000E-06,+0.0E+00
+119.496000E-06,+0.0E+00
+119.504000E-06,+0.0E+00
+119.512000E-06,+0.0E+00
+119.520000E-06,+0.0E+00
+119.528000E-06,+0.0E+00
+119.536000E-06,+0.0E+00
+119.544000E-06,+0.0E+00
+119.552000E-06,+0.0E+00
+119.560000E-06,+0.0E+00
+119.568000E-06,+0.0E+00
+119.576000E-06,+0.0E+00
+119.584000E-06,+0.0E+00
+119.592000E-06,+0.0E+00
+119.600000E-06,-201.005024401E-03
+119.608000E-06,-2.298E-09
+119.616000E-06,+0.0E+00
+119.624000E-06,+0.0E+00
+119.632000E-06,+0.0E+00
+119.640000E-06,+0.0E+00
+119.648000E-06,+0.0E+00
+119.656000E-06,+0.0E+00
+119.664000E-06,+0.0E+00
+119.672000E-06,+0.0E+00
+119.680000E-06,+201.005024402E-03
+119.688000E-06,+201.005026698E-03
+119.696000E-06,+2.296E-09
+119.704000E-06,+0.0E+00
+119.712000E-06,+0.0E+00
+119.720000E-06,+0.0E+00
+119.728000E-06,+0.0E+00
+119.736000E-06,+0.0E+00
+119.744000E-06,+0.0E+00
+119.752000E-06,+0.0E+00
+119.760000E-06,+0.0E+00
+119.768000E-06,+0.0E+00
+119.776000E-06,+0.0E+00
+119.784000E-06,+0.0E+00
+119.792000E-06,+0.0E+00
+119.800000E-06,+201.005024403E-03
+119.808000E-06,+201.005026698E-03
+119.816000E-06,+2.295E-09
+119.824000E-06,+0.0E+00
+119.832000E-06,+0.0E+00
+119.840000E-06,+0.0E+00
+119.848000E-06,+0.0E+00
+119.856000E-06,+0.0E+00
+119.864000E-06,+0.0E+00
+119.872000E-06,+201.005024405E-03
+119.880000E-06,+201.005026698E-03
+119.888000E-06,+2.293E-09
+119.896000E-06,+0.0E+00
+119.904000E-06,+0.0E+00
+119.912000E-06,+0.0E+00
+119.920000E-06,+0.0E+00
+119.928000E-06,+0.0E+00
+119.936000E-06,+0.0E+00
+119.944000E-06,+0.0E+00
+119.952000E-06,+0.0E+00
+119.960000E-06,+0.0E+00
+119.968000E-06,+0.0E+00
+119.976000E-06,+0.0E+00
+119.984000E-06,+0.0E+00
+119.992000E-06,+0.0E+00
+120.000000E-06,+0.0E+00
+120.008000E-06,+0.0E+00
+120.016000E-06,+0.0E+00
+120.024000E-06,+0.0E+00
+120.032000E-06,+0.0E+00
+120.040000E-06,+0.0E+00
+120.048000E-06,+0.0E+00
+120.056000E-06,+0.0E+00
+120.064000E-06,+0.0E+00
+120.072000E-06,+201.005024406E-03
+120.080000E-06,+2.290E-09
+120.088000E-06,+201.005024408E-03
+120.096000E-06,+2.290E-09
+120.104000E-06,+0.0E+00
+120.112000E-06,+201.005024408E-03
+120.120000E-06,+201.005026698E-03
+120.128000E-06,+201.005026698E-03
+120.136000E-06,+201.005026698E-03
+120.144000E-06,+2.290E-09
+120.152000E-06,+0.0E+00
+120.160000E-06,+0.0E+00
+120.168000E-06,+0.0E+00
+120.176000E-06,+0.0E+00
+120.184000E-06,+201.005024408E-03
+120.192000E-06,+2.290E-09
+120.200000E-06,+0.0E+00
+120.208000E-06,+0.0E+00
+120.216000E-06,+0.0E+00
+120.224000E-06,+201.005024408E-03
+120.232000E-06,+2.289E-09
+120.240000E-06,+201.005024409E-03
+120.248000E-06,+201.005026698E-03
+120.256000E-06,+2.289E-09
+120.264000E-06,+0.0E+00
+120.272000E-06,+0.0E+00
+120.280000E-06,+0.0E+00
+120.288000E-06,+0.0E+00
+120.296000E-06,+0.0E+00
+120.304000E-06,+0.0E+00
+120.312000E-06,+0.0E+00
+120.320000E-06,+0.0E+00
+120.328000E-06,+201.005024411E-03
+120.336000E-06,+2.287E-09
+120.344000E-06,+0.0E+00
+120.352000E-06,+0.0E+00
+120.360000E-06,+0.0E+00
+120.368000E-06,+0.0E+00
+120.376000E-06,+0.0E+00
+120.384000E-06,+0.0E+00
+120.392000E-06,+201.005024411E-03
+120.400000E-06,+2.287E-09
+120.408000E-06,+0.0E+00
+120.416000E-06,+0.0E+00
+120.424000E-06,+0.0E+00
+120.432000E-06,+201.005024411E-03
+120.440000E-06,+2.287E-09
+120.448000E-06,+0.0E+00
+120.456000E-06,+201.005024411E-03
+120.464000E-06,+2.286E-09
+120.472000E-06,+0.0E+00
+120.480000E-06,+0.0E+00
+120.488000E-06,+0.0E+00
+120.496000E-06,+0.0E+00
+120.504000E-06,+201.005024412E-03
+120.512000E-06,+2.286E-09
+120.520000E-06,+201.005024412E-03
+120.528000E-06,+2.286E-09
+120.536000E-06,+0.0E+00
+120.544000E-06,+0.0E+00
+120.552000E-06,+0.0E+00
+120.560000E-06,+0.0E+00
+120.568000E-06,+201.005024414E-03
+120.576000E-06,+2.284E-09
+120.584000E-06,+0.0E+00
+120.592000E-06,+0.0E+00
+120.600000E-06,+0.0E+00
+120.608000E-06,+201.005024414E-03
+120.616000E-06,+2.284E-09
+120.624000E-06,+0.0E+00
+120.632000E-06,+0.0E+00
+120.640000E-06,+201.005024414E-03
+120.648000E-06,+201.005026698E-03
+120.656000E-06,+2.284E-09
+120.664000E-06,+0.0E+00
+120.672000E-06,+0.0E+00
+120.680000E-06,+0.0E+00
+120.688000E-06,+0.0E+00
+120.696000E-06,+0.0E+00
+120.704000E-06,+0.0E+00
+120.712000E-06,+0.0E+00
+120.720000E-06,+0.0E+00
+120.728000E-06,+0.0E+00
+120.736000E-06,+201.005024415E-03
+120.744000E-06,+2.283E-09
+120.752000E-06,+0.0E+00
+120.760000E-06,+0.0E+00
+120.768000E-06,+201.005024415E-03
+120.776000E-06,+2.283E-09
+120.784000E-06,+0.0E+00
+120.792000E-06,+201.005024417E-03
+120.800000E-06,+2.282E-09
+120.808000E-06,+0.0E+00
+120.816000E-06,+0.0E+00
+120.824000E-06,+201.005024417E-03
+120.832000E-06,+2.282E-09
+120.840000E-06,+201.005024417E-03
+120.848000E-06,+2.282E-09
+120.856000E-06,+0.0E+00
+120.864000E-06,+0.0E+00
+120.872000E-06,+0.0E+00
+120.880000E-06,+0.0E+00
+120.888000E-06,+0.0E+00
+120.896000E-06,+201.005024417E-03
+120.904000E-06,+2.282E-09
+120.912000E-06,+201.005024417E-03
+120.920000E-06,+201.005026698E-03
+120.928000E-06,+201.005026698E-03
+120.936000E-06,+201.005026698E-03
+120.944000E-06,+201.005026698E-03
+120.952000E-06,+2.280E-09
+120.960000E-06,+0.0E+00
+120.968000E-06,+201.005024418E-03
+120.976000E-06,+201.005026698E-03
+120.984000E-06,+2.280E-09
+120.992000E-06,+0.0E+00
+121.000000E-06,+0.0E+00
+121.008000E-06,+201.005024418E-03
+121.016000E-06,+201.005026698E-03
+121.024000E-06,+2.279E-09
+121.032000E-06,+201.005024420E-03
+121.040000E-06,+201.005026698E-03
+121.048000E-06,+201.005026698E-03
+121.056000E-06,+2.279E-09
+121.064000E-06,+201.005024420E-03
+121.072000E-06,+2.279E-09
+121.080000E-06,+0.0E+00
+121.088000E-06,+0.0E+00
+121.096000E-06,+0.0E+00
+121.104000E-06,+201.005024420E-03
+121.112000E-06,+2.279E-09
+121.120000E-06,+0.0E+00
+121.128000E-06,+0.0E+00
+121.136000E-06,+201.005024420E-03
+121.144000E-06,+201.005026698E-03
+121.152000E-06,+2.279E-09
+121.160000E-06,+0.0E+00
+121.168000E-06,+201.005024421E-03
+121.176000E-06,+2.277E-09
+121.184000E-06,+0.0E+00
+121.192000E-06,+0.0E+00
+121.200000E-06,+0.0E+00
+121.208000E-06,+201.005024421E-03
+121.216000E-06,+201.005026698E-03
+121.224000E-06,+201.005026698E-03
+121.232000E-06,+2.277E-09
+121.240000E-06,+0.0E+00
+121.248000E-06,+201.005024422E-03
+121.256000E-06,+201.005026698E-03
+121.264000E-06,+2.276E-09
+121.272000E-06,+0.0E+00
+121.280000E-06,+201.005024422E-03
+121.288000E-06,+2.276E-09
+121.296000E-06,+0.0E+00
+121.304000E-06,+0.0E+00
+121.312000E-06,+0.0E+00
+121.320000E-06,+0.0E+00
+121.328000E-06,+0.0E+00
+121.336000E-06,+0.0E+00
+121.344000E-06,+0.0E+00
+121.352000E-06,+201.005024422E-03
+121.360000E-06,+201.005026698E-03
+121.368000E-06,+201.005026698E-03
+121.376000E-06,+201.005026698E-03
+121.384000E-06,+2.276E-09
+121.392000E-06,+0.0E+00
+121.400000E-06,+0.0E+00
+121.408000E-06,+0.0E+00
+121.416000E-06,+0.0E+00
+121.424000E-06,+201.005024424E-03
+121.432000E-06,+2.274E-09
+121.440000E-06,+0.0E+00
+121.448000E-06,+0.0E+00
+121.456000E-06,+201.005024424E-03
+121.464000E-06,+2.274E-09
+121.472000E-06,+0.0E+00
+121.480000E-06,+0.0E+00
+121.488000E-06,+0.0E+00
+121.496000E-06,+201.005024425E-03
+121.504000E-06,+201.005026698E-03
+121.512000E-06,+2.273E-09
+121.520000E-06,+201.005024425E-03
+121.528000E-06,+2.273E-09
+121.536000E-06,+201.005024425E-03
+121.544000E-06,+2.273E-09
+121.552000E-06,+201.005024425E-03
+121.560000E-06,+2.273E-09
+121.568000E-06,+201.005024425E-03
+121.576000E-06,+201.005026698E-03
+121.584000E-06,+201.005026698E-03
+121.592000E-06,+2.273E-09
+121.600000E-06,+0.0E+00
+121.608000E-06,+201.005024425E-03
+121.616000E-06,+201.005026698E-03
+121.624000E-06,+201.005026698E-03
+121.632000E-06,+201.005026698E-03
+121.640000E-06,+2.271E-09
+121.648000E-06,+201.005024427E-03
+121.656000E-06,+201.005026698E-03
+121.664000E-06,+201.005026698E-03
+121.672000E-06,+201.005026698E-03
+121.680000E-06,+2.271E-09
+121.688000E-06,+201.005024427E-03
+121.696000E-06,+201.005026698E-03
+121.704000E-06,+201.005026698E-03
+121.712000E-06,+201.005026698E-03
+121.720000E-06,+2.270E-09
+121.728000E-06,+201.005024428E-03
+121.736000E-06,+201.005026698E-03
+121.744000E-06,+201.005026698E-03
+121.752000E-06,+2.270E-09
+121.760000E-06,+201.005024428E-03
+121.768000E-06,+2.270E-09
+121.776000E-06,+201.005024428E-03
+121.784000E-06,+2.270E-09
+121.792000E-06,+201.005024428E-03
+121.800000E-06,+201.005026698E-03
+121.808000E-06,+201.005026698E-03
+121.816000E-06,+201.005026698E-03
+121.824000E-06,+201.005026698E-03
+121.832000E-06,+201.005026698E-03
+121.840000E-06,+201.005026698E-03
+121.848000E-06,+201.005026698E-03
+121.856000E-06,+2.270E-09
+121.864000E-06,+201.005024430E-03
+121.872000E-06,+2.268E-09
+121.880000E-06,+201.005024430E-03
+121.888000E-06,+2.268E-09
+121.896000E-06,+0.0E+00
+121.904000E-06,+201.005024430E-03
+121.912000E-06,+201.005026698E-03
+121.920000E-06,+201.005026698E-03
+121.928000E-06,+201.005026698E-03
+121.936000E-06,+2.268E-09
+121.944000E-06,+0.0E+00
+121.952000E-06,+201.005024431E-03
+121.960000E-06,+2.267E-09
+121.968000E-06,+201.005024431E-03
+121.976000E-06,+201.005026698E-03
+121.984000E-06,+201.005026698E-03
+121.992000E-06,+201.005026698E-03
+122.000000E-06,+2.267E-09
+122.008000E-06,+0.0E+00
+122.016000E-06,+0.0E+00
+122.024000E-06,+201.005024431E-03
+122.032000E-06,+2.267E-09
+122.040000E-06,+201.005024431E-03
+122.048000E-06,+201.005026698E-03
+122.056000E-06,+2.267E-09
+122.064000E-06,+0.0E+00
+122.072000E-06,+0.0E+00
+122.080000E-06,+201.005024431E-03
+122.088000E-06,+201.005026698E-03
+122.096000E-06,+201.005026698E-03
+122.104000E-06,+201.005026698E-03
+122.112000E-06,+201.005026698E-03
+122.120000E-06,+201.005026698E-03
+122.128000E-06,+201.005026698E-03
+122.136000E-06,+201.005026698E-03
+122.144000E-06,+2.268E-09
+122.152000E-06,+201.005024428E-03
+122.160000E-06,+2.270E-09
+122.168000E-06,+201.005024428E-03
+122.176000E-06,+2.270E-09
+122.184000E-06,+0.0E+00
+122.192000E-06,+201.005024428E-03
+122.200000E-06,+201.005026698E-03
+122.208000E-06,+201.005026698E-03
+122.216000E-06,+201.005026698E-03
+122.224000E-06,+201.005026698E-03
+122.232000E-06,+201.005026698E-03
+122.240000E-06,+2.271E-09
+122.248000E-06,+0.0E+00
+122.256000E-06,+201.005024425E-03
+122.264000E-06,+201.005026698E-03
+122.272000E-06,+201.005026698E-03
+122.280000E-06,+201.005026698E-03
+122.288000E-06,+201.005026698E-03
+122.296000E-06,+201.005026698E-03
+122.304000E-06,+201.005026698E-03
+122.312000E-06,+2.274E-09
+122.320000E-06,+201.005024424E-03
+122.328000E-06,+201.005026698E-03
+122.336000E-06,+2.274E-09
+122.344000E-06,+201.005024424E-03
+122.352000E-06,+201.005026698E-03
+122.360000E-06,+201.005026698E-03
+122.368000E-06,+201.005026698E-03
+122.376000E-06,+2.276E-09
+122.384000E-06,+0.0E+00
+122.392000E-06,+201.005024422E-03
+122.400000E-06,+201.005026698E-03
+122.408000E-06,+201.005026698E-03
+122.416000E-06,+201.005026698E-03
+122.424000E-06,+201.005026698E-03
+122.432000E-06,+201.005026698E-03
+122.440000E-06,+201.005026698E-03
+122.448000E-06,+201.005026698E-03
+122.456000E-06,+201.005026698E-03
+122.464000E-06,+201.005026698E-03
+122.472000E-06,+201.005026698E-03
+122.480000E-06,+201.005026698E-03
+122.488000E-06,+201.005026698E-03
+122.496000E-06,+2.279E-09
+122.504000E-06,+201.005024418E-03
+122.512000E-06,+201.005026698E-03
+122.520000E-06,+201.005026698E-03
+122.528000E-06,+201.005026698E-03
+122.536000E-06,+2.280E-09
+122.544000E-06,+201.005024417E-03
+122.552000E-06,+2.282E-09
+122.560000E-06,+201.005024417E-03
+122.568000E-06,+201.005026698E-03
+122.576000E-06,+201.005026698E-03
+122.584000E-06,+201.005026698E-03
+122.592000E-06,+201.005026698E-03
+122.600000E-06,+201.005026698E-03
+122.608000E-06,+2.283E-09
+122.616000E-06,+201.005024415E-03
+122.624000E-06,+201.005026698E-03
+122.632000E-06,+201.005026698E-03
+122.640000E-06,+201.005026698E-03
+122.648000E-06,+201.005026698E-03
+122.656000E-06,+201.005026698E-03
+122.664000E-06,+2.284E-09
+122.672000E-06,+201.005024414E-03
+122.680000E-06,+201.005026698E-03
+122.688000E-06,+2.284E-09
+122.696000E-06,+201.005024414E-03
+122.704000E-06,+201.005026698E-03
+122.712000E-06,+2.286E-09
+122.720000E-06,+201.005024412E-03
+122.728000E-06,+201.005026698E-03
+122.736000E-06,+201.005026698E-03
+122.744000E-06,+2.287E-09
+122.752000E-06,+201.005024411E-03
+122.760000E-06,+201.005026698E-03
+122.768000E-06,+201.005026698E-03
+122.776000E-06,+201.005026698E-03
+122.784000E-06,+201.005026698E-03
+122.792000E-06,+201.005026698E-03
+122.800000E-06,+201.005026698E-03
+122.808000E-06,+201.005026698E-03
+122.816000E-06,+201.005026698E-03
+122.824000E-06,+201.005026698E-03
+122.832000E-06,+201.005026698E-03
+122.840000E-06,+2.290E-09
+122.848000E-06,+201.005024408E-03
+122.856000E-06,+201.005026698E-03
+122.864000E-06,+201.005026698E-03
+122.872000E-06,+201.005026698E-03
+122.880000E-06,+201.005026698E-03
+122.888000E-06,+201.005026698E-03
+122.896000E-06,+2.292E-09
+122.904000E-06,+201.005024406E-03
+122.912000E-06,+201.005026698E-03
+122.920000E-06,+201.005026698E-03
+122.928000E-06,+201.005026698E-03
+122.936000E-06,+201.005026698E-03
+122.944000E-06,+201.005026698E-03
+122.952000E-06,+201.005026698E-03
+122.960000E-06,+201.005026698E-03
+122.968000E-06,+402.010051103E-03
+122.976000E-06,+201.005028991E-03
+122.984000E-06,+201.005026698E-03
+122.992000E-06,+201.005026698E-03
+123.000000E-06,+201.005026698E-03
+123.008000E-06,+201.005026698E-03
+123.016000E-06,+201.005026698E-03
+123.024000E-06,+201.005026698E-03
+123.032000E-06,+201.005026698E-03
+123.040000E-06,+201.005026698E-03
+123.048000E-06,+201.005026698E-03
+123.056000E-06,+201.005026698E-03
+123.064000E-06,+201.005026698E-03
+123.072000E-06,+2.296E-09
+123.080000E-06,+201.005024402E-03
+123.088000E-06,+402.010051099E-03
+123.096000E-06,+201.005028996E-03
+123.104000E-06,+201.005026698E-03
+123.112000E-06,+201.005026698E-03
+123.120000E-06,+201.005026698E-03
+123.128000E-06,+201.005026698E-03
+123.136000E-06,+201.005026698E-03
+123.144000E-06,+201.005026698E-03
+123.152000E-06,+201.005026698E-03
+123.160000E-06,+201.005026698E-03
+123.168000E-06,+2.299E-09
+123.176000E-06,+201.005024399E-03
+123.184000E-06,+201.005026698E-03
+123.192000E-06,+201.005026698E-03
+123.200000E-06,+201.005026698E-03
+123.208000E-06,+2.301E-09
+123.216000E-06,+201.005024398E-03
+123.224000E-06,+201.005026698E-03
+123.232000E-06,+201.005026698E-03
+123.240000E-06,+402.010051094E-03
+123.248000E-06,+201.005029000E-03
+123.256000E-06,+201.005026698E-03
+123.264000E-06,+201.005026698E-03
+123.272000E-06,+201.005026698E-03
+123.280000E-06,+201.005026698E-03
+123.288000E-06,+201.005026698E-03
+123.296000E-06,+201.005026698E-03
+123.304000E-06,+201.005026698E-03
+123.312000E-06,+201.005026698E-03
+123.320000E-06,+201.005026698E-03
+123.328000E-06,+201.005026698E-03
+123.336000E-06,+201.005026698E-03
+123.344000E-06,+2.305E-09
+123.352000E-06,+201.005024393E-03
+123.360000E-06,+402.010051091E-03
+123.368000E-06,+201.005029003E-03
+123.376000E-06,+201.005026698E-03
+123.384000E-06,+201.005026698E-03
+123.392000E-06,+201.005026698E-03
+123.400000E-06,+201.005026698E-03
+123.408000E-06,+2.306E-09
+123.416000E-06,+201.005024392E-03
+123.424000E-06,+201.005026698E-03
+123.432000E-06,+201.005026698E-03
+123.440000E-06,+201.005026698E-03
+123.448000E-06,+201.005026698E-03
+123.456000E-06,+201.005026698E-03
+123.464000E-06,+2.308E-09
+123.472000E-06,+201.005024390E-03
+123.480000E-06,+402.010051087E-03
+123.488000E-06,+201.005029007E-03
+123.496000E-06,+201.005026698E-03
+123.504000E-06,+201.005026698E-03
+123.512000E-06,+201.005026698E-03
+123.520000E-06,+2.311E-09
+123.528000E-06,+201.005024387E-03
+123.536000E-06,+201.005026698E-03
+123.544000E-06,+2.311E-09
+123.552000E-06,+0.0E+00
+123.560000E-06,+201.005024387E-03
+123.568000E-06,+201.005026698E-03
+123.576000E-06,+201.005026698E-03
+123.584000E-06,+201.005026698E-03
+123.592000E-06,+201.005026698E-03
+123.600000E-06,+201.005026698E-03
+123.608000E-06,+201.005026698E-03
+123.616000E-06,+201.005026698E-03
+123.624000E-06,+201.005026698E-03
+123.632000E-06,+201.005026698E-03
+123.640000E-06,+201.005026698E-03
+123.648000E-06,+402.010051083E-03
+123.656000E-06,+201.005029012E-03
+123.664000E-06,+201.005026698E-03
+123.672000E-06,+201.005026698E-03
+123.680000E-06,+201.005026698E-03
+123.688000E-06,+201.005026698E-03
+123.696000E-06,+201.005026698E-03
+123.704000E-06,+402.010051081E-03
+123.712000E-06,+201.005029015E-03
+123.720000E-06,+201.005026698E-03
+123.728000E-06,+201.005026698E-03
+123.736000E-06,+201.005026698E-03
+123.744000E-06,+201.005026698E-03
+123.752000E-06,+201.005026698E-03
+123.760000E-06,+201.005026698E-03
+123.768000E-06,+201.005026698E-03
+123.776000E-06,+201.005026698E-03
+123.784000E-06,+2.318E-09
+123.792000E-06,+201.005024380E-03
+123.800000E-06,+201.005026698E-03
+123.808000E-06,+201.005026698E-03
+123.816000E-06,+201.005026698E-03
+123.824000E-06,+201.005026698E-03
+123.832000E-06,+201.005026698E-03
+123.840000E-06,+201.005026698E-03
+123.848000E-06,+201.005026698E-03
+123.856000E-06,+201.005026698E-03
+123.864000E-06,+201.005026698E-03
+123.872000E-06,+201.005026698E-03
+123.880000E-06,+201.005026698E-03
+123.888000E-06,+201.005026698E-03
+123.896000E-06,+201.005026698E-03
+123.904000E-06,+201.005026698E-03
+123.912000E-06,+201.005026698E-03
+123.920000E-06,+201.005026698E-03
+123.928000E-06,+201.005026698E-03
+123.936000E-06,+201.005026698E-03
+123.944000E-06,+201.005026698E-03
+123.952000E-06,+201.005026698E-03
+123.960000E-06,+201.005026698E-03
+123.968000E-06,+201.005026698E-03
+123.976000E-06,+201.005026698E-03
+123.984000E-06,+201.005026698E-03
+123.992000E-06,+201.005026698E-03
+124.000000E-06,+201.005026698E-03
+124.008000E-06,+201.005026698E-03
+124.016000E-06,+201.005026698E-03
+124.024000E-06,+201.005026698E-03
+124.032000E-06,+201.005026698E-03
+124.040000E-06,+201.005026698E-03
+124.048000E-06,+201.005026698E-03
+124.056000E-06,+201.005026698E-03
+124.064000E-06,+201.005026698E-03
+124.072000E-06,+201.005026698E-03
+124.080000E-06,+201.005026698E-03
+124.088000E-06,+201.005026698E-03
+124.096000E-06,+201.005026698E-03
+124.104000E-06,+201.005026698E-03
+124.112000E-06,+201.005026698E-03
+124.120000E-06,+201.005026698E-03
+124.128000E-06,+201.005026698E-03
+124.136000E-06,+201.005026698E-03
+124.144000E-06,+402.010051068E-03
+124.152000E-06,+201.005029026E-03
+124.160000E-06,+201.005026698E-03
+124.168000E-06,+201.005026698E-03
+124.176000E-06,+201.005026698E-03
+124.184000E-06,+201.005026698E-03
+124.192000E-06,+402.010051066E-03
+124.200000E-06,+201.005029029E-03
+124.208000E-06,+201.005026698E-03
+124.216000E-06,+201.005026698E-03
+124.224000E-06,+402.010051065E-03
+124.232000E-06,+201.005029029E-03
+124.240000E-06,+201.005026698E-03
+124.248000E-06,+201.005026698E-03
+124.256000E-06,+201.005026698E-03
+124.264000E-06,+402.010051064E-03
+124.272000E-06,+402.010053396E-03
+124.280000E-06,+402.010053396E-03
+124.288000E-06,+201.005029031E-03
+124.296000E-06,+201.005026698E-03
+124.304000E-06,+201.005026698E-03
+124.312000E-06,+201.005026698E-03
+124.320000E-06,+201.005026698E-03
+124.328000E-06,+201.005026698E-03
+124.336000E-06,+201.005026698E-03
+124.344000E-06,+201.005026698E-03
+124.352000E-06,+201.005026698E-03
+124.360000E-06,+201.005026698E-03
+124.368000E-06,+201.005026698E-03
+124.376000E-06,+201.005026698E-03
+124.384000E-06,+2.336E-09
+124.392000E-06,+201.005024361E-03
+124.400000E-06,+201.005026698E-03
+124.408000E-06,+201.005026698E-03
+124.416000E-06,+201.005026698E-03
+124.424000E-06,+201.005026698E-03
+124.432000E-06,+201.005026698E-03
+124.440000E-06,+201.005026698E-03
+124.448000E-06,+402.010051059E-03
+124.456000E-06,+201.005029037E-03
+124.464000E-06,+201.005026698E-03
+124.472000E-06,+402.010051058E-03
+124.480000E-06,+201.005029037E-03
+124.488000E-06,+201.005026698E-03
+124.496000E-06,+201.005026698E-03
+124.504000E-06,+201.005026698E-03
+124.512000E-06,+201.005026698E-03
+124.520000E-06,+201.005026698E-03
+124.528000E-06,+201.005026698E-03
+124.536000E-06,+201.005026698E-03
+124.544000E-06,+201.005026698E-03
+124.552000E-06,+201.005026698E-03
+124.560000E-06,+201.005026698E-03
+124.568000E-06,+201.005026698E-03
+124.576000E-06,+201.005026698E-03
+124.584000E-06,+2.341E-09
+124.592000E-06,+201.005024355E-03
+124.600000E-06,+201.005026698E-03
+124.608000E-06,+201.005026698E-03
+124.616000E-06,+201.005026698E-03
+124.624000E-06,+201.005026698E-03
+124.632000E-06,+201.005026698E-03
+124.640000E-06,+201.005026698E-03
+124.648000E-06,+201.005026698E-03
+124.656000E-06,+402.010051052E-03
+124.664000E-06,+201.005029043E-03
+124.672000E-06,+201.005026698E-03
+124.680000E-06,+201.005026698E-03
+124.688000E-06,+201.005026698E-03
+124.696000E-06,+2.346E-09
+124.704000E-06,+201.005024352E-03
+124.712000E-06,+201.005026698E-03
+124.720000E-06,+201.005026698E-03
+124.728000E-06,+201.005026698E-03
+124.736000E-06,+201.005026698E-03
+124.744000E-06,+201.005026698E-03
+124.752000E-06,+201.005026698E-03
+124.760000E-06,+2.347E-09
+124.768000E-06,+201.005024351E-03
+124.776000E-06,+201.005026698E-03
+124.784000E-06,+402.010051047E-03
+124.792000E-06,+201.005029047E-03
+124.800000E-06,+402.010051047E-03
+124.808000E-06,+201.005029047E-03
+124.816000E-06,+201.005026698E-03
+124.824000E-06,+201.005026698E-03
+124.832000E-06,+402.010051047E-03
+124.840000E-06,+201.005029047E-03
+124.848000E-06,+201.005026698E-03
+124.856000E-06,+201.005026698E-03
+124.864000E-06,+402.010051046E-03
+124.872000E-06,+201.005029048E-03
+124.880000E-06,+201.005026698E-03
+124.888000E-06,+201.005026698E-03
+124.896000E-06,+201.005026698E-03
+124.904000E-06,+201.005026698E-03
+124.912000E-06,+201.005026698E-03
+124.920000E-06,+201.005026698E-03
+124.928000E-06,+201.005026698E-03
+124.936000E-06,+201.005026698E-03
+124.944000E-06,+402.010051043E-03
+124.952000E-06,+201.005029051E-03
+124.960000E-06,+201.005026698E-03
+124.968000E-06,+201.005026698E-03
+124.976000E-06,+201.005026698E-03
+124.984000E-06,+201.005026698E-03
+124.992000E-06,+201.005026698E-03
+125.000000E-06,+201.005026698E-03
+125.008000E-06,+201.005026698E-03
+125.016000E-06,+201.005026698E-03
+125.024000E-06,+201.005026698E-03
+125.032000E-06,+201.005026698E-03
+125.040000E-06,+201.005026698E-03
+125.048000E-06,+201.005026698E-03
+125.056000E-06,+201.005026698E-03
+125.064000E-06,+201.005026698E-03
+125.072000E-06,+201.005026698E-03
+125.080000E-06,+201.005026698E-03
+125.088000E-06,+201.005026698E-03
+125.096000E-06,+201.005026698E-03
+125.104000E-06,+201.005026698E-03
+125.112000E-06,+201.005026698E-03
+125.120000E-06,+201.005026698E-03
+125.128000E-06,+201.005026698E-03
+125.136000E-06,+201.005026698E-03
+125.144000E-06,+201.005026698E-03
+125.152000E-06,+201.005026698E-03
+125.160000E-06,+201.005026698E-03
+125.168000E-06,+201.005026698E-03
+125.176000E-06,+201.005026698E-03
+125.184000E-06,+201.005026698E-03
+125.192000E-06,+201.005026698E-03
+125.200000E-06,+201.005026698E-03
+125.208000E-06,+201.005026698E-03
+125.216000E-06,+402.010051036E-03
+125.224000E-06,+201.005029059E-03
+125.232000E-06,+201.005026698E-03
+125.240000E-06,+201.005026698E-03
+125.248000E-06,+201.005026698E-03
+125.256000E-06,+402.010051034E-03
+125.264000E-06,+201.005029060E-03
+125.272000E-06,+201.005026698E-03
+125.280000E-06,+201.005026698E-03
+125.288000E-06,+402.010051033E-03
+125.296000E-06,+201.005029062E-03
+125.304000E-06,+201.005026698E-03
+125.312000E-06,+402.010051033E-03
+125.320000E-06,+201.005029062E-03
+125.328000E-06,+201.005026698E-03
+125.336000E-06,+201.005026698E-03
+125.344000E-06,+201.005026698E-03
+125.352000E-06,+402.010051031E-03
+125.360000E-06,+201.005029063E-03
+125.368000E-06,+201.005026698E-03
+125.376000E-06,+201.005026698E-03
+125.384000E-06,+201.005026698E-03
+125.392000E-06,+201.005026698E-03
+125.400000E-06,+201.005026698E-03
+125.408000E-06,+201.005026698E-03
+125.416000E-06,+201.005026698E-03
+125.424000E-06,+201.005026698E-03
+125.432000E-06,+402.010051028E-03
+125.440000E-06,+201.005029066E-03
+125.448000E-06,+201.005026698E-03
+125.456000E-06,+201.005026698E-03
+125.464000E-06,+201.005026698E-03
+125.472000E-06,+201.005026698E-03
+125.480000E-06,+201.005026698E-03
+125.488000E-06,+201.005026698E-03
+125.496000E-06,+201.005026698E-03
+125.504000E-06,+201.005026698E-03
+125.512000E-06,+201.005026698E-03
+125.520000E-06,+201.005026698E-03
+125.528000E-06,+201.005026698E-03
+125.536000E-06,+201.005026698E-03
+125.544000E-06,+201.005026698E-03
+125.552000E-06,+201.005026698E-03
+125.560000E-06,+201.005026698E-03
+125.568000E-06,+201.005026698E-03
+125.576000E-06,+201.005026698E-03
+125.584000E-06,+201.005026698E-03
+125.592000E-06,+201.005026698E-03
+125.600000E-06,+402.010051024E-03
+125.608000E-06,+201.005029070E-03
+125.616000E-06,+201.005026698E-03
+125.624000E-06,+201.005026698E-03
+125.632000E-06,+201.005026698E-03
+125.640000E-06,+201.005026698E-03
+125.648000E-06,+201.005026698E-03
+125.656000E-06,+201.005026698E-03
+125.664000E-06,+402.010051021E-03
+125.672000E-06,+201.005029073E-03
+125.680000E-06,+201.005026698E-03
+125.688000E-06,+201.005026698E-03
+125.696000E-06,+201.005026698E-03
+125.704000E-06,+201.005026698E-03
+125.712000E-06,+201.005026698E-03
+125.720000E-06,+201.005026698E-03
+125.728000E-06,+201.005026698E-03
+125.736000E-06,+201.005026698E-03
+125.744000E-06,+201.005026698E-03
+125.752000E-06,+201.005026698E-03
+125.760000E-06,+201.005026698E-03
+125.768000E-06,+201.005026698E-03
+125.776000E-06,+201.005026698E-03
+125.784000E-06,+201.005026698E-03
+125.792000E-06,+201.005026698E-03
+125.800000E-06,+201.005026698E-03
+125.808000E-06,+201.005026698E-03
+125.816000E-06,+201.005026698E-03
+125.824000E-06,+201.005026698E-03
+125.832000E-06,+402.010051017E-03
+125.840000E-06,+201.005029078E-03
+125.848000E-06,+201.005026698E-03
+125.856000E-06,+201.005026698E-03
+125.864000E-06,+201.005026698E-03
+125.872000E-06,+201.005026698E-03
+125.880000E-06,+201.005026698E-03
+125.888000E-06,+201.005026698E-03
+125.896000E-06,+201.005026698E-03
+125.904000E-06,+201.005026698E-03
+125.912000E-06,+201.005026698E-03
+125.920000E-06,+402.010051014E-03
+125.928000E-06,+201.005029081E-03
+125.936000E-06,+201.005026698E-03
+125.944000E-06,+201.005026698E-03
+125.952000E-06,+201.005026698E-03
+125.960000E-06,+201.005026698E-03
+125.968000E-06,+201.005026698E-03
+125.976000E-06,+201.005026698E-03
+125.984000E-06,+201.005026698E-03
+125.992000E-06,+201.005026698E-03
+126.000000E-06,+201.005026698E-03
+126.008000E-06,+201.005026698E-03
+126.016000E-06,+201.005026698E-03
+126.024000E-06,+201.005026698E-03
+126.032000E-06,+201.005026698E-03
+126.040000E-06,+201.005026698E-03
+126.048000E-06,+201.005026698E-03
+126.056000E-06,+201.005026698E-03
+126.064000E-06,+201.005026698E-03
+126.072000E-06,+201.005026698E-03
+126.080000E-06,+201.005026698E-03
+126.088000E-06,+402.010051009E-03
+126.096000E-06,+201.005029085E-03
+126.104000E-06,+201.005026698E-03
+126.112000E-06,+201.005026698E-03
+126.120000E-06,+201.005026698E-03
+126.128000E-06,+201.005026698E-03
+126.136000E-06,+201.005026698E-03
+126.144000E-06,+201.005026698E-03
+126.152000E-06,+201.005026698E-03
+126.160000E-06,+201.005026698E-03
+126.168000E-06,+201.005026698E-03
+126.176000E-06,+201.005026698E-03
+126.184000E-06,+201.005026698E-03
+126.192000E-06,+201.005026698E-03
+126.200000E-06,+201.005026698E-03
+126.208000E-06,+201.005026698E-03
+126.216000E-06,+201.005026698E-03
+126.224000E-06,+402.010051005E-03
+126.232000E-06,+201.005029089E-03
+126.240000E-06,+201.005026698E-03
+126.248000E-06,+201.005026698E-03
+126.256000E-06,+201.005026698E-03
+126.264000E-06,+402.010051004E-03
+126.272000E-06,+201.005029091E-03
+126.280000E-06,+2.393E-09
+126.288000E-06,+201.005024305E-03
+126.296000E-06,+201.005026698E-03
+126.304000E-06,+201.005026698E-03
+126.312000E-06,+201.005026698E-03
+126.320000E-06,+201.005026698E-03
+126.328000E-06,+201.005026698E-03
+126.336000E-06,+201.005026698E-03
+126.344000E-06,+201.005026698E-03
+126.352000E-06,+201.005026698E-03
+126.360000E-06,+201.005026698E-03
+126.368000E-06,+201.005026698E-03
+126.376000E-06,+201.005026698E-03
+126.384000E-06,+201.005026698E-03
+126.392000E-06,+201.005026698E-03
+126.400000E-06,+201.005026698E-03
+126.408000E-06,+201.005026698E-03
+126.416000E-06,+201.005026698E-03
+126.424000E-06,+201.005026698E-03
+126.432000E-06,+2.397E-09
+126.440000E-06,+201.005024300E-03
+126.448000E-06,+201.005026698E-03
+126.456000E-06,+201.005026698E-03
+126.464000E-06,+201.005026698E-03
+126.472000E-06,+201.005026698E-03
+126.480000E-06,+201.005026698E-03
+126.488000E-06,+201.005026698E-03
+126.496000E-06,+201.005026698E-03
+126.504000E-06,+201.005026698E-03
+126.512000E-06,+201.005026698E-03
+126.520000E-06,+201.005026698E-03
+126.528000E-06,+201.005026698E-03
+126.536000E-06,+201.005026698E-03
+126.544000E-06,+201.005026698E-03
+126.552000E-06,+201.005026698E-03
+126.560000E-06,+201.005026698E-03
+126.568000E-06,+201.005026698E-03
+126.576000E-06,+201.005026698E-03
+126.584000E-06,+201.005026698E-03
+126.592000E-06,+201.005026698E-03
+126.600000E-06,+201.005026698E-03
+126.608000E-06,+201.005026698E-03
+126.616000E-06,+201.005026698E-03
+126.624000E-06,+201.005026698E-03
+126.632000E-06,+201.005026698E-03
+126.640000E-06,+201.005026698E-03
+126.648000E-06,+201.005026698E-03
+126.656000E-06,+201.005026698E-03
+126.664000E-06,+201.005026698E-03
+126.672000E-06,+201.005026698E-03
+126.680000E-06,+201.005026698E-03
+126.688000E-06,+201.005026698E-03
+126.696000E-06,+201.005026698E-03
+126.704000E-06,+201.005026698E-03
+126.712000E-06,+201.005026698E-03
+126.720000E-06,+201.005026698E-03
+126.728000E-06,+201.005026698E-03
+126.736000E-06,+201.005026698E-03
+126.744000E-06,+201.005026698E-03
+126.752000E-06,+201.005026698E-03
+126.760000E-06,+201.005026698E-03
+126.768000E-06,+201.005026698E-03
+126.776000E-06,+201.005026698E-03
+126.784000E-06,+201.005026698E-03
+126.792000E-06,+201.005026698E-03
+126.800000E-06,+201.005026698E-03
+126.808000E-06,+201.005026698E-03
+126.816000E-06,+201.005026698E-03
+126.824000E-06,+201.005026698E-03
+126.832000E-06,+201.005026698E-03
+126.840000E-06,+201.005026698E-03
+126.848000E-06,+2.410E-09
+126.856000E-06,+201.005024288E-03
+126.864000E-06,+201.005026698E-03
+126.872000E-06,+201.005026698E-03
+126.880000E-06,+201.005026698E-03
+126.888000E-06,+201.005026698E-03
+126.896000E-06,+201.005026698E-03
+126.904000E-06,+201.005026698E-03
+126.912000E-06,+201.005026698E-03
+126.920000E-06,+402.010050985E-03
+126.928000E-06,+201.005029111E-03
+126.936000E-06,+402.010050983E-03
+126.944000E-06,+201.005029111E-03
+126.952000E-06,+2.413E-09
+126.960000E-06,+201.005024285E-03
+126.968000E-06,+201.005026698E-03
+126.976000E-06,+2.413E-09
+126.984000E-06,+201.005024284E-03
+126.992000E-06,+201.005026698E-03
+127.000000E-06,+201.005026698E-03
+127.008000E-06,+201.005026698E-03
+127.016000E-06,+201.005026698E-03
+127.024000E-06,+201.005026698E-03
+127.032000E-06,+2.416E-09
+127.040000E-06,+201.005024282E-03
+127.048000E-06,+201.005026698E-03
+127.056000E-06,+201.005026698E-03
+127.064000E-06,+201.005026698E-03
+127.072000E-06,+201.005026698E-03
+127.080000E-06,+201.005026698E-03
+127.088000E-06,+201.005026698E-03
+127.096000E-06,+2.418E-09
+127.104000E-06,+201.005024281E-03
+127.112000E-06,+201.005026698E-03
+127.120000E-06,+201.005026698E-03
+127.128000E-06,+201.005026698E-03
+127.136000E-06,+201.005026698E-03
+127.144000E-06,+201.005026698E-03
+127.152000E-06,+201.005026698E-03
+127.160000E-06,+201.005026698E-03
+127.168000E-06,+201.005026698E-03
+127.176000E-06,+201.005026698E-03
+127.184000E-06,+2.420E-09
+127.192000E-06,+201.005024278E-03
+127.200000E-06,+201.005026698E-03
+127.208000E-06,+201.005026698E-03
+127.216000E-06,+201.005026698E-03
+127.224000E-06,+201.005026698E-03
+127.232000E-06,+2.422E-09
+127.240000E-06,+0.0E+00
+127.248000E-06,+201.005024276E-03
+127.256000E-06,+201.005026698E-03
+127.264000E-06,+201.005026698E-03
+127.272000E-06,+201.005026698E-03
+127.280000E-06,+201.005026698E-03
+127.288000E-06,+201.005026698E-03
+127.296000E-06,+201.005026698E-03
+127.304000E-06,+201.005026698E-03
+127.312000E-06,+201.005026698E-03
+127.320000E-06,+201.005026698E-03
+127.328000E-06,+2.425E-09
+127.336000E-06,+201.005024273E-03
+127.344000E-06,+201.005026698E-03
+127.352000E-06,+201.005026698E-03
+127.360000E-06,+2.425E-09
+127.368000E-06,+201.005024273E-03
+127.376000E-06,+201.005026698E-03
+127.384000E-06,+201.005026698E-03
+127.392000E-06,+201.005026698E-03
+127.400000E-06,+201.005026698E-03
+127.408000E-06,+201.005026698E-03
+127.416000E-06,+201.005026698E-03
+127.424000E-06,+201.005026698E-03
+127.432000E-06,+201.005026698E-03
+127.440000E-06,+201.005026698E-03
+127.448000E-06,+2.428E-09
+127.456000E-06,+201.005024270E-03
+127.464000E-06,+201.005026698E-03
+127.472000E-06,+201.005026698E-03
+127.480000E-06,+201.005026698E-03
+127.488000E-06,+201.005026698E-03
+127.496000E-06,+201.005026698E-03
+127.504000E-06,+201.005026698E-03
+127.512000E-06,+201.005026698E-03
+127.520000E-06,+201.005026698E-03
+127.528000E-06,+201.005026698E-03
+127.536000E-06,+201.005026698E-03
+127.544000E-06,+201.005026698E-03
+127.552000E-06,+201.005026698E-03
+127.560000E-06,+201.005026698E-03
+127.568000E-06,+201.005026698E-03
+127.576000E-06,+201.005026698E-03
+127.584000E-06,+201.005026698E-03
+127.592000E-06,+201.005026698E-03
+127.600000E-06,+201.005026698E-03
+127.608000E-06,+201.005026698E-03
+127.616000E-06,+2.434E-09
+127.624000E-06,+0.0E+00
+127.632000E-06,+201.005024265E-03
+127.640000E-06,+2.434E-09
+127.648000E-06,+201.005024265E-03
+127.656000E-06,+201.005026698E-03
+127.664000E-06,+201.005026698E-03
+127.672000E-06,+2.435E-09
+127.680000E-06,+201.005024263E-03
+127.688000E-06,+201.005026698E-03
+127.696000E-06,+201.005026698E-03
+127.704000E-06,+2.437E-09
+127.712000E-06,+201.005024262E-03
+127.720000E-06,+2.437E-09
+127.728000E-06,+201.005024262E-03
+127.736000E-06,+201.005026698E-03
+127.744000E-06,+2.437E-09
+127.752000E-06,+201.005024262E-03
+127.760000E-06,+201.005026698E-03
+127.768000E-06,+201.005026698E-03
+127.776000E-06,+201.005026698E-03
+127.784000E-06,+201.005026698E-03
+127.792000E-06,+201.005026698E-03
+127.800000E-06,+2.439E-09
+127.808000E-06,+201.005024259E-03
+127.816000E-06,+201.005026698E-03
+127.824000E-06,+2.439E-09
+127.832000E-06,+201.005024259E-03
+127.840000E-06,+201.005026698E-03
+127.848000E-06,+2.439E-09
+127.856000E-06,+201.005024259E-03
+127.864000E-06,+2.441E-09
+127.872000E-06,+201.005024257E-03
+127.880000E-06,+201.005026698E-03
+127.888000E-06,+201.005026698E-03
+127.896000E-06,+2.441E-09
+127.904000E-06,+0.0E+00
+127.912000E-06,+201.005024256E-03
+127.920000E-06,+201.005026698E-03
+127.928000E-06,+201.005026698E-03
+127.936000E-06,+201.005026698E-03
+127.944000E-06,+2.442E-09
+127.952000E-06,+201.005024256E-03
+127.960000E-06,+201.005026698E-03
+127.968000E-06,+2.444E-09
+127.976000E-06,+0.0E+00
+127.984000E-06,+201.005024254E-03
+127.992000E-06,+2.444E-09
+128.000000E-06,+0.0E+00
+128.008000E-06,+201.005024253E-03
+128.016000E-06,+201.005026698E-03
+128.024000E-06,+201.005026698E-03
+128.032000E-06,+2.445E-09
+128.040000E-06,+201.005024253E-03
+128.048000E-06,+2.445E-09
+128.056000E-06,+0.0E+00
+128.064000E-06,+201.005024251E-03
+128.072000E-06,+201.005026698E-03
+128.080000E-06,+201.005026698E-03
+128.088000E-06,+201.005026698E-03
+128.096000E-06,+201.005026698E-03
+128.104000E-06,+2.448E-09
+128.112000E-06,+0.0E+00
+128.120000E-06,+201.005024250E-03
+128.128000E-06,+2.448E-09
+128.136000E-06,+201.005024250E-03
+128.144000E-06,+201.005026698E-03
+128.152000E-06,+201.005026698E-03
+128.160000E-06,+201.005026698E-03
+128.168000E-06,+201.005026698E-03
+128.176000E-06,+201.005026698E-03
+128.184000E-06,+201.005026698E-03
+128.192000E-06,+201.005026698E-03
+128.200000E-06,+2.451E-09
+128.208000E-06,+0.0E+00
+128.216000E-06,+201.005024247E-03
+128.224000E-06,+2.451E-09
+128.232000E-06,+0.0E+00
+128.240000E-06,+201.005024247E-03
+128.248000E-06,+201.005026698E-03
+128.256000E-06,+201.005026698E-03
+128.264000E-06,+201.005026698E-03
+128.272000E-06,+201.005026698E-03
+128.280000E-06,+201.005026698E-03
+128.288000E-06,+2.454E-09
+128.296000E-06,+0.0E+00
+128.304000E-06,+201.005024244E-03
+128.312000E-06,+2.454E-09
+128.320000E-06,+201.005024244E-03
+128.328000E-06,+201.005026698E-03
+128.336000E-06,+2.454E-09
+128.344000E-06,+0.0E+00
+128.352000E-06,+0.0E+00
+128.360000E-06,+0.0E+00
+128.368000E-06,+201.005024243E-03
+128.376000E-06,+2.456E-09
+128.384000E-06,+201.005024241E-03
+128.392000E-06,+201.005026698E-03
+128.400000E-06,+201.005026698E-03
+128.408000E-06,+2.457E-09
+128.416000E-06,+0.0E+00
+128.424000E-06,+201.005024241E-03
+128.432000E-06,+201.005026698E-03
+128.440000E-06,+201.005026698E-03
+128.448000E-06,+2.458E-09
+128.456000E-06,+0.0E+00
+128.464000E-06,+201.005024240E-03
+128.472000E-06,+201.005026698E-03
+128.480000E-06,+2.458E-09
+128.488000E-06,+201.005024238E-03
+128.496000E-06,+2.460E-09
+128.504000E-06,+0.0E+00
+128.512000E-06,+201.005024238E-03
+128.520000E-06,+201.005026698E-03
+128.528000E-06,+2.460E-09
+128.536000E-06,+0.0E+00
+128.544000E-06,+0.0E+00
+128.552000E-06,+0.0E+00
+128.560000E-06,+201.005024237E-03
+128.568000E-06,+201.005026698E-03
+128.576000E-06,+2.461E-09
+128.584000E-06,+0.0E+00
+128.592000E-06,+201.005024235E-03
+128.600000E-06,+2.463E-09
+128.608000E-06,+0.0E+00
+128.616000E-06,+201.005024235E-03
+128.624000E-06,+201.005026698E-03
+128.632000E-06,+2.463E-09
+128.640000E-06,+201.005024234E-03
+128.648000E-06,+2.464E-09
+128.656000E-06,+201.005024234E-03
+128.664000E-06,+2.464E-09
+128.672000E-06,+0.0E+00
+128.680000E-06,+201.005024232E-03
+128.688000E-06,+2.466E-09
+128.696000E-06,+201.005024232E-03
+128.704000E-06,+201.005026698E-03
+128.712000E-06,+2.466E-09
+128.720000E-06,+0.0E+00
+128.728000E-06,+201.005024232E-03
+128.736000E-06,+201.005026698E-03
+128.744000E-06,+2.467E-09
+128.752000E-06,+201.005024231E-03
+128.760000E-06,+2.467E-09
+128.768000E-06,+0.0E+00
+128.776000E-06,+0.0E+00
+128.784000E-06,+201.005024229E-03
+128.792000E-06,+2.469E-09
+128.800000E-06,+0.0E+00
+128.808000E-06,+0.0E+00
+128.816000E-06,+0.0E+00
+128.824000E-06,+201.005024229E-03
+128.832000E-06,+201.005026698E-03
+128.840000E-06,+2.470E-09
+128.848000E-06,+0.0E+00
+128.856000E-06,+0.0E+00
+128.864000E-06,+0.0E+00
+128.872000E-06,+0.0E+00
+128.880000E-06,+0.0E+00
+128.888000E-06,+0.0E+00
+128.896000E-06,+0.0E+00
+128.904000E-06,+201.005024226E-03
+128.912000E-06,+2.472E-09
+128.920000E-06,+0.0E+00
+128.928000E-06,+201.005024226E-03
+128.936000E-06,+201.005026698E-03
+128.944000E-06,+2.473E-09
+128.952000E-06,+0.0E+00
+128.960000E-06,+0.0E+00
+128.968000E-06,+201.005024224E-03
+128.976000E-06,+201.005026698E-03
+128.984000E-06,+201.005026698E-03
+128.992000E-06,+2.475E-09
+129.000000E-06,+0.0E+00
+129.008000E-06,+0.0E+00
+129.016000E-06,+0.0E+00
+129.024000E-06,+0.0E+00
+129.032000E-06,+0.0E+00
+129.040000E-06,+0.0E+00
+129.048000E-06,+0.0E+00
+129.056000E-06,+0.0E+00
+129.064000E-06,+0.0E+00
+129.072000E-06,+0.0E+00
+129.080000E-06,+0.0E+00
+129.088000E-06,+0.0E+00
+129.096000E-06,+0.0E+00
+129.104000E-06,+201.005024221E-03
+129.112000E-06,+2.477E-09
+129.120000E-06,+0.0E+00
+129.128000E-06,+0.0E+00
+129.136000E-06,+0.0E+00
+129.144000E-06,+0.0E+00
+129.152000E-06,+201.005024219E-03
+129.160000E-06,+2.479E-09
+129.168000E-06,+201.005024218E-03
+129.176000E-06,-201.005021737E-03
+129.184000E-06,-2.480E-09
+129.192000E-06,+0.0E+00
+129.200000E-06,+0.0E+00
+129.208000E-06,+0.0E+00
+129.216000E-06,+0.0E+00
+129.224000E-06,+201.005024216E-03
+129.232000E-06,+2.482E-09
+129.240000E-06,+0.0E+00
+129.248000E-06,+0.0E+00
+129.256000E-06,+0.0E+00
+129.264000E-06,+0.0E+00
+129.272000E-06,+0.0E+00
+129.280000E-06,-201.005024215E-03
+129.288000E-06,-2.483E-09
+129.296000E-06,+0.0E+00
+129.304000E-06,+0.0E+00
+129.312000E-06,+0.0E+00
+129.320000E-06,+0.0E+00
+129.328000E-06,+0.0E+00
+129.336000E-06,+0.0E+00
+129.344000E-06,+201.005024213E-03
+129.352000E-06,+201.005026698E-03
+129.360000E-06,+2.486E-09
+129.368000E-06,+0.0E+00
+129.376000E-06,+0.0E+00
+129.384000E-06,+0.0E+00
+129.392000E-06,+0.0E+00
+129.400000E-06,+0.0E+00
+129.408000E-06,+0.0E+00
+129.416000E-06,+0.0E+00
+129.424000E-06,+0.0E+00
+129.432000E-06,+0.0E+00
+129.440000E-06,+0.0E+00
+129.448000E-06,+0.0E+00
+129.456000E-06,+0.0E+00
+129.464000E-06,+0.0E+00
+129.472000E-06,+0.0E+00
+129.480000E-06,+0.0E+00
+129.488000E-06,+201.005024209E-03
+129.496000E-06,+2.489E-09
+129.504000E-06,+0.0E+00
+129.512000E-06,+0.0E+00
+129.520000E-06,+0.0E+00
+129.528000E-06,+0.0E+00
+129.536000E-06,+0.0E+00
+129.544000E-06,+0.0E+00
+129.552000E-06,+0.0E+00
+129.560000E-06,+0.0E+00
+129.568000E-06,+0.0E+00
+129.576000E-06,+0.0E+00
+129.584000E-06,-201.005024206E-03
+129.592000E-06,-2.492E-09
+129.600000E-06,+0.0E+00
+129.608000E-06,+0.0E+00
+129.616000E-06,+0.0E+00
+129.624000E-06,+0.0E+00
+129.632000E-06,+0.0E+00
+129.640000E-06,+0.0E+00
+129.648000E-06,+0.0E+00
+129.656000E-06,+0.0E+00
+129.664000E-06,+0.0E+00
+129.672000E-06,+0.0E+00
+129.680000E-06,+0.0E+00
+129.688000E-06,+0.0E+00
+129.696000E-06,+0.0E+00
+129.704000E-06,+0.0E+00
+129.712000E-06,+0.0E+00
+129.720000E-06,+0.0E+00
+129.728000E-06,+0.0E+00
+129.736000E-06,+0.0E+00
+129.744000E-06,+0.0E+00
+129.752000E-06,+0.0E+00
+129.760000E-06,-201.005024200E-03
+129.768000E-06,-2.498E-09
+129.776000E-06,+0.0E+00
+129.784000E-06,+0.0E+00
+129.792000E-06,+0.0E+00
+129.800000E-06,+0.0E+00
+129.808000E-06,+0.0E+00
+129.816000E-06,+0.0E+00
+129.824000E-06,+0.0E+00
+129.832000E-06,+0.0E+00
+129.840000E-06,+0.0E+00
+129.848000E-06,+0.0E+00
+129.856000E-06,+0.0E+00
+129.864000E-06,+201.005024197E-03
+129.872000E-06,+2.501E-09
+129.880000E-06,+0.0E+00
+129.888000E-06,+0.0E+00
+129.896000E-06,+0.0E+00
+129.904000E-06,+0.0E+00
+129.912000E-06,+0.0E+00
+129.920000E-06,+0.0E+00
+129.928000E-06,+0.0E+00
+129.936000E-06,+0.0E+00
+129.944000E-06,+0.0E+00
+129.952000E-06,+0.0E+00
+129.960000E-06,+0.0E+00
+129.968000E-06,+0.0E+00
+129.976000E-06,+0.0E+00
+129.984000E-06,+0.0E+00
+129.992000E-06,+0.0E+00
+130.000000E-06,+0.0E+00
+130.008000E-06,+0.0E+00
+130.016000E-06,-201.005024193E-03
+130.024000E-06,-2.505E-09
+130.032000E-06,+0.0E+00
+130.040000E-06,-201.005024191E-03
+130.048000E-06,-2.507E-09
+130.056000E-06,+0.0E+00
+130.064000E-06,+0.0E+00
+130.072000E-06,+0.0E+00
+130.080000E-06,+0.0E+00
+130.088000E-06,+0.0E+00
+130.096000E-06,+0.0E+00
+130.104000E-06,+0.0E+00
+130.112000E-06,+0.0E+00
+130.120000E-06,+0.0E+00
+130.128000E-06,+0.0E+00
+130.136000E-06,+0.0E+00
+130.144000E-06,+0.0E+00
+130.152000E-06,+0.0E+00
+130.160000E-06,+0.0E+00
+130.168000E-06,+0.0E+00
+130.176000E-06,-201.005024188E-03
+130.184000E-06,-2.510E-09
+130.192000E-06,+0.0E+00
+130.200000E-06,+0.0E+00
+130.208000E-06,+0.0E+00
+130.216000E-06,+0.0E+00
+130.224000E-06,+0.0E+00
+130.232000E-06,+0.0E+00
+130.240000E-06,-201.005024186E-03
+130.248000E-06,-2.513E-09
+130.256000E-06,-201.005024186E-03
+130.264000E-06,-2.513E-09
+130.272000E-06,+0.0E+00
+130.280000E-06,+0.0E+00
+130.288000E-06,-201.005024186E-03
+130.296000E-06,-2.514E-09
+130.304000E-06,+0.0E+00
+130.312000E-06,+0.0E+00
+130.320000E-06,+0.0E+00
+130.328000E-06,-201.005024184E-03
+130.336000E-06,-2.516E-09
+130.344000E-06,+0.0E+00
+130.352000E-06,+0.0E+00
+130.360000E-06,+0.0E+00
+130.368000E-06,+0.0E+00
+130.376000E-06,+0.0E+00
+130.384000E-06,+0.0E+00
+130.392000E-06,+0.0E+00
+130.400000E-06,+0.0E+00
+130.408000E-06,+0.0E+00
+130.416000E-06,+0.0E+00
+130.424000E-06,-201.005024181E-03
+130.432000E-06,-2.518E-09
+130.440000E-06,-201.005024180E-03
+130.448000E-06,-2.518E-09
+130.456000E-06,+0.0E+00
+130.464000E-06,-201.005024180E-03
+130.472000E-06,-2.518E-09
+130.480000E-06,+0.0E+00
+130.488000E-06,-201.005024180E-03
+130.496000E-06,-2.520E-09
+130.504000E-06,-201.005024178E-03
+130.512000E-06,-2.520E-09
+130.520000E-06,+0.0E+00
+130.528000E-06,+0.0E+00
+130.536000E-06,+0.0E+00
+130.544000E-06,+0.0E+00
+130.552000E-06,+0.0E+00
+130.560000E-06,+0.0E+00
+130.568000E-06,+0.0E+00
+130.576000E-06,+0.0E+00
+130.584000E-06,+0.0E+00
+130.592000E-06,+0.0E+00
+130.600000E-06,+0.0E+00
+130.608000E-06,+0.0E+00
+130.616000E-06,-201.005024175E-03
+130.624000E-06,-201.005026698E-03
+130.632000E-06,-2.524E-09
+130.640000E-06,+0.0E+00
+130.648000E-06,+0.0E+00
+130.656000E-06,+0.0E+00
+130.664000E-06,+0.0E+00
+130.672000E-06,+0.0E+00
+130.680000E-06,+0.0E+00
+130.688000E-06,+0.0E+00
+130.696000E-06,+0.0E+00
+130.704000E-06,-201.005024172E-03
+130.712000E-06,-2.526E-09
+130.720000E-06,-201.005024172E-03
+130.728000E-06,-201.005026698E-03
+130.736000E-06,-201.005026698E-03
+130.744000E-06,-201.005026698E-03
+130.752000E-06,-201.005026698E-03
+130.760000E-06,-2.527E-09
+130.768000E-06,-201.005024171E-03
+130.776000E-06,-2.527E-09
+130.784000E-06,-201.005024169E-03
+130.792000E-06,-2.529E-09
+130.800000E-06,+0.0E+00
+130.808000E-06,-201.005024169E-03
+130.816000E-06,-2.529E-09
+130.824000E-06,+0.0E+00
+130.832000E-06,-201.005024168E-03
+130.840000E-06,-201.005026698E-03
+130.848000E-06,-201.005026698E-03
+130.856000E-06,-2.530E-09
+130.864000E-06,+0.0E+00
+130.872000E-06,-201.005024168E-03
+130.880000E-06,-2.532E-09
+130.888000E-06,+0.0E+00
+130.896000E-06,-201.005024167E-03
+130.904000E-06,-2.532E-09
+130.912000E-06,+0.0E+00
+130.920000E-06,+0.0E+00
+130.928000E-06,+0.0E+00
+130.936000E-06,+0.0E+00
+130.944000E-06,+0.0E+00
+130.952000E-06,+0.0E+00
+130.960000E-06,-201.005024165E-03
+130.968000E-06,-201.005026698E-03
+130.976000E-06,-201.005026698E-03
+130.984000E-06,-2.535E-09
+130.992000E-06,-201.005024164E-03
+131.000000E-06,-201.005026698E-03
+131.008000E-06,-201.005026698E-03
+131.016000E-06,-2.536E-09
+131.024000E-06,+0.0E+00
+131.032000E-06,+0.0E+00
+131.040000E-06,+0.0E+00
+131.048000E-06,+0.0E+00
+131.056000E-06,-201.005024162E-03
+131.064000E-06,-2.536E-09
+131.072000E-06,+0.0E+00
+131.080000E-06,+0.0E+00
+131.088000E-06,-201.005024161E-03
+131.096000E-06,-2.537E-09
+131.104000E-06,-201.005024161E-03
+131.112000E-06,-2.539E-09
+131.120000E-06,+0.0E+00
+131.128000E-06,-201.005024159E-03
+131.136000E-06,-201.005026698E-03
+131.144000E-06,-201.005026698E-03
+131.152000E-06,-2.539E-09
+131.160000E-06,-201.005024159E-03
+131.168000E-06,-201.005026698E-03
+131.176000E-06,-201.005026698E-03
+131.184000E-06,-2.540E-09
+131.192000E-06,-201.005024158E-03
+131.200000E-06,-201.005026698E-03
+131.208000E-06,-2.542E-09
+131.216000E-06,+0.0E+00
+131.224000E-06,-201.005024156E-03
+131.232000E-06,-201.005026698E-03
+131.240000E-06,-201.005026698E-03
+131.248000E-06,-2.542E-09
+131.256000E-06,+0.0E+00
+131.264000E-06,-201.005024156E-03
+131.272000E-06,-2.542E-09
+131.280000E-06,-201.005024155E-03
+131.288000E-06,-201.005026698E-03
+131.296000E-06,-201.005026698E-03
+131.304000E-06,-201.005026698E-03
+131.312000E-06,-201.005026698E-03
+131.320000E-06,-2.545E-09
+131.328000E-06,-201.005024153E-03
+131.336000E-06,-201.005026698E-03
+131.344000E-06,-2.545E-09
+131.352000E-06,-201.005024153E-03
+131.360000E-06,-201.005026698E-03
+131.368000E-06,-201.005026698E-03
+131.376000E-06,-201.005026698E-03
+131.384000E-06,-201.005026698E-03
+131.392000E-06,-2.546E-09
+131.400000E-06,+0.0E+00
+131.408000E-06,-201.005024150E-03
+131.416000E-06,-201.005026698E-03
+131.424000E-06,-2.548E-09
+131.432000E-06,-201.005024150E-03
+131.440000E-06,-201.005026698E-03
+131.448000E-06,-2.548E-09
+131.456000E-06,-201.005024150E-03
+131.464000E-06,-201.005026698E-03
+131.472000E-06,-2.549E-09
+131.480000E-06,+0.0E+00
+131.488000E-06,+0.0E+00
+131.496000E-06,+0.0E+00
+131.504000E-06,+0.0E+00
+131.512000E-06,-201.005024148E-03
+131.520000E-06,-201.005026698E-03
+131.528000E-06,-2.551E-09
+131.536000E-06,+0.0E+00
+131.544000E-06,+0.0E+00
+131.552000E-06,+0.0E+00
+131.560000E-06,+0.0E+00
+131.568000E-06,-201.005024146E-03
+131.576000E-06,-2.552E-09
+131.584000E-06,+0.0E+00
+131.592000E-06,-201.005024145E-03
+131.600000E-06,-2.554E-09
+131.608000E-06,-201.005024145E-03
+131.616000E-06,-201.005026698E-03
+131.624000E-06,-2.554E-09
+131.632000E-06,+0.0E+00
+131.640000E-06,+0.0E+00
+131.648000E-06,+0.0E+00
+131.656000E-06,+0.0E+00
+131.664000E-06,-201.005024145E-03
+131.672000E-06,-201.005026698E-03
+131.680000E-06,-201.005026698E-03
+131.688000E-06,-201.005026698E-03
+131.696000E-06,-2.556E-09
+131.704000E-06,-201.005024142E-03
+131.712000E-06,-201.005026698E-03
+131.720000E-06,-201.005026698E-03
+131.728000E-06,-201.005026698E-03
+131.736000E-06,-201.005026698E-03
+131.744000E-06,-201.005026698E-03
+131.752000E-06,-201.005026698E-03
+131.760000E-06,-201.005026698E-03
+131.768000E-06,-201.005026698E-03
+131.776000E-06,-201.005026698E-03
+131.784000E-06,-2.558E-09
+131.792000E-06,-201.005024139E-03
+131.800000E-06,-201.005026698E-03
+131.808000E-06,-201.005026698E-03
+131.816000E-06,-201.005026698E-03
+131.824000E-06,-201.005026698E-03
+131.832000E-06,-2.559E-09
+131.840000E-06,-201.005024139E-03
+131.848000E-06,-201.005026698E-03
+131.856000E-06,-201.005026698E-03
+131.864000E-06,-201.005026698E-03
+131.872000E-06,-201.005026698E-03
+131.880000E-06,-2.561E-09
+131.888000E-06,+0.0E+00
+131.896000E-06,-201.005024136E-03
+131.904000E-06,-201.005026698E-03
+131.912000E-06,-201.005026698E-03
+131.920000E-06,-2.562E-09
+131.928000E-06,+0.0E+00
+131.936000E-06,-201.005024136E-03
+131.944000E-06,-201.005026698E-03
+131.952000E-06,-201.005026698E-03
+131.960000E-06,-201.005026698E-03
+131.968000E-06,-201.005026698E-03
+131.976000E-06,-201.005026698E-03
+131.984000E-06,-201.005026698E-03
+131.992000E-06,-201.005026698E-03
+132.000000E-06,-201.005026698E-03
+132.008000E-06,-2.565E-09
+132.016000E-06,-201.005024133E-03
+132.024000E-06,-201.005026698E-03
+132.032000E-06,-201.005026698E-03
+132.040000E-06,-201.005026698E-03
+132.048000E-06,-2.565E-09
+132.056000E-06,-201.005024131E-03
+132.064000E-06,-2.567E-09
+132.072000E-06,-201.005024131E-03
+132.080000E-06,-201.005026698E-03
+132.088000E-06,-201.005026698E-03
+132.096000E-06,-2.568E-09
+132.104000E-06,-201.005024130E-03
+132.112000E-06,-2.568E-09
+132.120000E-06,-201.005024130E-03
+132.128000E-06,-201.005026698E-03
+132.136000E-06,-201.005026698E-03
+132.144000E-06,-201.005026698E-03
+132.152000E-06,-201.005026698E-03
+132.160000E-06,-201.005026698E-03
+132.168000E-06,-2.570E-09
+132.176000E-06,+0.0E+00
+132.184000E-06,-201.005024127E-03
+132.192000E-06,-2.571E-09
+132.200000E-06,-201.005024127E-03
+132.208000E-06,-201.005026698E-03
+132.216000E-06,-2.571E-09
+132.224000E-06,+0.0E+00
+132.232000E-06,-201.005024127E-03
+132.240000E-06,-201.005026698E-03
+132.248000E-06,-201.005026698E-03
+132.256000E-06,-201.005026698E-03
+132.264000E-06,-2.573E-09
+132.272000E-06,+0.0E+00
+132.280000E-06,-201.005024124E-03
+132.288000E-06,-201.005026698E-03
+132.296000E-06,-2.574E-09
+132.304000E-06,+0.0E+00
+132.312000E-06,+0.0E+00
+132.320000E-06,+0.0E+00
+132.328000E-06,-201.005024124E-03
+132.336000E-06,-2.574E-09
+132.344000E-06,-201.005024124E-03
+132.352000E-06,-2.575E-09
+132.360000E-06,-201.005024123E-03
+132.368000E-06,-201.005026698E-03
+132.376000E-06,-201.005026698E-03
+132.384000E-06,-201.005026698E-03
+132.392000E-06,-201.005026698E-03
+132.400000E-06,-2.577E-09
+132.408000E-06,-201.005024121E-03
+132.416000E-06,-201.005026698E-03
+132.424000E-06,-2.577E-09
+132.432000E-06,-201.005024121E-03
+132.440000E-06,-201.005026698E-03
+132.448000E-06,-201.005026698E-03
+132.456000E-06,-201.005026698E-03
+132.464000E-06,-2.578E-09
+132.472000E-06,+0.0E+00
+132.480000E-06,+0.0E+00
+132.488000E-06,-201.005024118E-03
+132.496000E-06,-2.580E-09
+132.504000E-06,+0.0E+00
+132.512000E-06,-201.005024118E-03
+132.520000E-06,-201.005026698E-03
+132.528000E-06,-201.005026698E-03
+132.536000E-06,-2.580E-09
+132.544000E-06,-201.005024117E-03
+132.552000E-06,-201.005026698E-03
+132.560000E-06,-201.005026698E-03
+132.568000E-06,-201.005026698E-03
+132.576000E-06,-201.005026698E-03
+132.584000E-06,-2.583E-09
+132.592000E-06,+0.0E+00
+132.600000E-06,+0.0E+00
+132.608000E-06,-201.005024115E-03
+132.616000E-06,-201.005026698E-03
+132.624000E-06,-201.005026698E-03
+132.632000E-06,-201.005026698E-03
+132.640000E-06,-201.005026698E-03
+132.648000E-06,-2.584E-09
+132.656000E-06,-201.005024114E-03
+132.664000E-06,-2.586E-09
+132.672000E-06,-201.005024112E-03
+132.680000E-06,-201.005026698E-03
+132.688000E-06,-2.586E-09
+132.696000E-06,-201.005024112E-03
+132.704000E-06,-2.586E-09
+132.712000E-06,-201.005024112E-03
+132.720000E-06,-2.586E-09
+132.728000E-06,-201.005024112E-03
+132.736000E-06,-2.587E-09
+132.744000E-06,+0.0E+00
+132.752000E-06,-201.005024111E-03
+132.760000E-06,-2.589E-09
+132.768000E-06,-201.005024109E-03
+132.776000E-06,-201.005026698E-03
+132.784000E-06,-2.589E-09
+132.792000E-06,+0.0E+00
+132.800000E-06,+0.0E+00
+132.808000E-06,+0.0E+00
+132.816000E-06,+0.0E+00
+132.824000E-06,-201.005024109E-03
+132.832000E-06,-201.005026698E-03
+132.840000E-06,-201.005026698E-03
+132.848000E-06,-2.590E-09
+132.856000E-06,-201.005024108E-03
+132.864000E-06,-201.005026698E-03
+132.872000E-06,-201.005026698E-03
+132.880000E-06,-201.005026698E-03
+132.888000E-06,-201.005026698E-03
+132.896000E-06,-201.005026698E-03
+132.904000E-06,-201.005026698E-03
+132.912000E-06,-201.005026698E-03
+132.920000E-06,-2.592E-09
+132.928000E-06,-201.005024107E-03
+132.936000E-06,-201.005026698E-03
+132.944000E-06,-201.005026698E-03
+132.952000E-06,-2.593E-09
+132.960000E-06,+0.0E+00
+132.968000E-06,-201.005024104E-03
+132.976000E-06,-201.005026698E-03
+132.984000E-06,-201.005026698E-03
+132.992000E-06,-201.005026698E-03
+133.000000E-06,-201.005026698E-03
+133.008000E-06,-201.005026698E-03
+133.016000E-06,-2.594E-09
+133.024000E-06,-201.005024104E-03
+133.032000E-06,-2.596E-09
+133.040000E-06,-201.005024102E-03
+133.048000E-06,-201.005026698E-03
+133.056000E-06,-201.005026698E-03
+133.064000E-06,-201.005026698E-03
+133.072000E-06,-201.005026698E-03
+133.080000E-06,-2.597E-09
+133.088000E-06,-201.005024101E-03
+133.096000E-06,-2.597E-09
+133.104000E-06,-201.005024101E-03
+133.112000E-06,-201.005026698E-03
+133.120000E-06,-201.005026698E-03
+133.128000E-06,-201.005026698E-03
+133.136000E-06,-201.005026698E-03
+133.144000E-06,-2.599E-09
+133.152000E-06,-201.005024098E-03
+133.160000E-06,-2.600E-09
+133.168000E-06,+0.0E+00
+133.176000E-06,+0.0E+00
+133.184000E-06,-201.005024098E-03
+133.192000E-06,-201.005026698E-03
+133.200000E-06,-2.600E-09
+133.208000E-06,-201.005024098E-03
+133.216000E-06,-201.005026698E-03
+133.224000E-06,-2.602E-09
+133.232000E-06,-201.005024096E-03
+133.240000E-06,-2.602E-09
+133.248000E-06,+0.0E+00
+133.256000E-06,-201.005024095E-03
+133.264000E-06,-201.005026698E-03
+133.272000E-06,-2.603E-09
+133.280000E-06,-201.005024095E-03
+133.288000E-06,-201.005026698E-03
+133.296000E-06,-201.005026698E-03
+133.304000E-06,-201.005026698E-03
+133.312000E-06,-2.603E-09
+133.320000E-06,-201.005024093E-03
+133.328000E-06,-201.005026698E-03
+133.336000E-06,-201.005026698E-03
+133.344000E-06,-201.005026698E-03
+133.352000E-06,-201.005026698E-03
+133.360000E-06,-201.005026698E-03
+133.368000E-06,-2.606E-09
+133.376000E-06,-201.005024092E-03
+133.384000E-06,-201.005026698E-03
+133.392000E-06,-201.005026698E-03
+133.400000E-06,-201.005026698E-03
+133.408000E-06,-201.005026698E-03
+133.416000E-06,-2.606E-09
+133.424000E-06,-201.005024090E-03
+133.432000E-06,-201.005026698E-03
+133.440000E-06,-201.005026698E-03
+133.448000E-06,-201.005026698E-03
+133.456000E-06,-201.005026698E-03
+133.464000E-06,-201.005026698E-03
+133.472000E-06,-201.005026698E-03
+133.480000E-06,-201.005026698E-03
+133.488000E-06,-2.609E-09
+133.496000E-06,-201.005024089E-03
+133.504000E-06,-201.005026698E-03
+133.512000E-06,-201.005026698E-03
+133.520000E-06,-201.005026698E-03
+133.528000E-06,-201.005026698E-03
+133.536000E-06,-2.611E-09
+133.544000E-06,+0.0E+00
+133.552000E-06,+0.0E+00
+133.560000E-06,+0.0E+00
+133.568000E-06,-201.005024086E-03
+133.576000E-06,-201.005026698E-03
+133.584000E-06,-201.005026698E-03
+133.592000E-06,-201.005026698E-03
+133.600000E-06,-201.005026698E-03
+133.608000E-06,-201.005026698E-03
+133.616000E-06,-2.613E-09
+133.624000E-06,-201.005024085E-03
+133.632000E-06,-201.005026698E-03
+133.640000E-06,-201.005026698E-03
+133.648000E-06,-201.005026698E-03
+133.656000E-06,-2.615E-09
+133.664000E-06,+0.0E+00
+133.672000E-06,-201.005024083E-03
+133.680000E-06,-201.005026698E-03
+133.688000E-06,-201.005026698E-03
+133.696000E-06,-201.005026698E-03
+133.704000E-06,-2.615E-09
+133.712000E-06,+0.0E+00
+133.720000E-06,+0.0E+00
+133.728000E-06,-201.005024082E-03
+133.736000E-06,-201.005026698E-03
+133.744000E-06,-201.005026698E-03
+133.752000E-06,-201.005026698E-03
+133.760000E-06,-201.005026698E-03
+133.768000E-06,-2.618E-09
+133.776000E-06,-201.005024080E-03
+133.784000E-06,-201.005026698E-03
+133.792000E-06,-201.005026698E-03
+133.800000E-06,-2.618E-09
+133.808000E-06,-201.005024079E-03
+133.816000E-06,-2.619E-09
+133.824000E-06,-201.005024079E-03
+133.832000E-06,-201.005026698E-03
+133.840000E-06,-2.621E-09
+133.848000E-06,-201.005024077E-03
+133.856000E-06,-201.005026698E-03
+133.864000E-06,-201.005026698E-03
+133.872000E-06,-2.621E-09
+133.880000E-06,-201.005024077E-03
+133.888000E-06,-2.621E-09
+133.896000E-06,+0.0E+00
+133.904000E-06,+0.0E+00
+133.912000E-06,+0.0E+00
+133.920000E-06,+0.0E+00
+133.928000E-06,-201.005024076E-03
+133.936000E-06,-201.005026698E-03
+133.944000E-06,-2.624E-09
+133.952000E-06,+0.0E+00
+133.960000E-06,-201.005024074E-03
+133.968000E-06,-201.005026698E-03
+133.976000E-06,-201.005026698E-03
+133.984000E-06,-201.005026698E-03
+133.992000E-06,-201.005026698E-03
+134.000000E-06,-201.005026698E-03
+134.008000E-06,-2.625E-09
+134.016000E-06,-201.005024073E-03
+134.024000E-06,-201.005026698E-03
+134.032000E-06,-201.005026698E-03
+134.040000E-06,-2.627E-09
+134.048000E-06,+0.0E+00
+134.056000E-06,-201.005024071E-03
+134.064000E-06,-2.627E-09
+134.072000E-06,+0.0E+00
+134.080000E-06,+0.0E+00
+134.088000E-06,-201.005024071E-03
+134.096000E-06,-2.627E-09
+134.104000E-06,+0.0E+00
+134.112000E-06,-201.005024070E-03
+134.120000E-06,-201.005026698E-03
+134.128000E-06,-2.630E-09
+134.136000E-06,-201.005024069E-03
+134.144000E-06,-201.005026698E-03
+134.152000E-06,-2.630E-09
+134.160000E-06,+0.0E+00
+134.168000E-06,+0.0E+00
+134.176000E-06,+0.0E+00
+134.184000E-06,+0.0E+00
+134.192000E-06,-201.005024069E-03
+134.200000E-06,-201.005026698E-03
+134.208000E-06,-2.631E-09
+134.216000E-06,+0.0E+00
+134.224000E-06,+0.0E+00
+134.232000E-06,+0.0E+00
+134.240000E-06,+0.0E+00
+134.248000E-06,-201.005024066E-03
+134.256000E-06,-2.633E-09
+134.264000E-06,+0.0E+00
+134.272000E-06,+0.0E+00
+134.280000E-06,-201.005024066E-03
+134.288000E-06,-2.633E-09
+134.296000E-06,+0.0E+00
+134.304000E-06,+0.0E+00
+134.312000E-06,+0.0E+00
+134.320000E-06,-201.005024063E-03
+134.328000E-06,-2.635E-09
+134.336000E-06,-201.005024063E-03
+134.344000E-06,-201.005026698E-03
+134.352000E-06,-2.635E-09
+134.360000E-06,-201.005024063E-03
+134.368000E-06,-2.635E-09
+134.376000E-06,+0.0E+00
+134.384000E-06,+0.0E+00
+134.392000E-06,-201.005024061E-03
+134.400000E-06,-2.637E-09
+134.408000E-06,-201.005024061E-03
+134.416000E-06,-2.638E-09
+134.424000E-06,+0.0E+00
+134.432000E-06,-201.005024060E-03
+134.440000E-06,-201.005026698E-03
+134.448000E-06,-2.638E-09
+134.456000E-06,+0.0E+00
+134.464000E-06,-201.005024060E-03
+134.472000E-06,-201.005026698E-03
+134.480000E-06,-2.638E-09
+134.488000E-06,+0.0E+00
+134.496000E-06,+0.0E+00
+134.504000E-06,+0.0E+00
+134.512000E-06,+0.0E+00
+134.520000E-06,-201.005024057E-03
+134.528000E-06,-2.641E-09
+134.536000E-06,+0.0E+00
+134.544000E-06,-201.005024057E-03
+134.552000E-06,-2.641E-09
+134.560000E-06,+0.0E+00
+134.568000E-06,+0.0E+00
+134.576000E-06,+0.0E+00
+134.584000E-06,+0.0E+00
+134.592000E-06,+0.0E+00
+134.600000E-06,+0.0E+00
+134.608000E-06,+0.0E+00
+134.616000E-06,+0.0E+00
+134.624000E-06,+0.0E+00
+134.632000E-06,-201.005024054E-03
+134.640000E-06,-2.644E-09
+134.648000E-06,+0.0E+00
+134.656000E-06,-201.005024054E-03
+134.664000E-06,-201.005026698E-03
+134.672000E-06,-2.644E-09
+134.680000E-06,+0.0E+00
+134.688000E-06,-201.005024052E-03
+134.696000E-06,-201.005026698E-03
+134.704000E-06,-201.005026698E-03
+134.712000E-06,-2.647E-09
+134.720000E-06,-201.005024051E-03
+134.728000E-06,-2.647E-09
+134.736000E-06,+0.0E+00
+134.744000E-06,+0.0E+00
+134.752000E-06,+0.0E+00
+134.760000E-06,+0.0E+00
+134.768000E-06,+0.0E+00
+134.776000E-06,+0.0E+00
+134.784000E-06,-201.005024050E-03
+134.792000E-06,-2.649E-09
+134.800000E-06,+0.0E+00
+134.808000E-06,+0.0E+00
+134.816000E-06,+0.0E+00
+134.824000E-06,+0.0E+00
+134.832000E-06,+0.0E+00
+134.840000E-06,+0.0E+00
+134.848000E-06,-201.005024048E-03
+134.856000E-06,-2.650E-09
+134.864000E-06,-201.005024048E-03
+134.872000E-06,-2.650E-09
+134.880000E-06,+0.0E+00
+134.888000E-06,+0.0E+00
+134.896000E-06,-201.005024047E-03
+134.904000E-06,-201.005026698E-03
+134.912000E-06,-2.653E-09
+134.920000E-06,-201.005024045E-03
+134.928000E-06,-201.005026698E-03
+134.936000E-06,-2.653E-09
+134.944000E-06,+0.0E+00
+134.952000E-06,+0.0E+00
+134.960000E-06,+0.0E+00
+134.968000E-06,+0.0E+00
+134.976000E-06,-201.005024044E-03
+134.984000E-06,-201.005026698E-03
+134.992000E-06,-2.654E-09
+135.000000E-06,-201.005024044E-03
+135.008000E-06,-201.005026698E-03
+135.016000E-06,-201.005026698E-03
+135.024000E-06,-2.656E-09
+135.032000E-06,+0.0E+00
+135.040000E-06,+0.0E+00
+135.048000E-06,+0.0E+00
+135.056000E-06,+0.0E+00
+135.064000E-06,-201.005024042E-03
+135.072000E-06,-2.656E-09
+135.080000E-06,+0.0E+00
+135.088000E-06,+0.0E+00
+135.096000E-06,+0.0E+00
+135.104000E-06,+0.0E+00
+135.112000E-06,+0.0E+00
+135.120000E-06,-201.005024039E-03
+135.128000E-06,-2.659E-09
+135.136000E-06,+0.0E+00
+135.144000E-06,-201.005024039E-03
+135.152000E-06,-2.659E-09
+135.160000E-06,+0.0E+00
+135.168000E-06,+0.0E+00
+135.176000E-06,-201.005024038E-03
+135.184000E-06,-2.660E-09
+135.192000E-06,-201.005024038E-03
+135.200000E-06,-2.662E-09
+135.208000E-06,-201.005024036E-03
+135.216000E-06,-2.662E-09
+135.224000E-06,+0.0E+00
+135.232000E-06,+0.0E+00
+135.240000E-06,+0.0E+00
+135.248000E-06,-201.005024036E-03
+135.256000E-06,-201.005026698E-03
+135.264000E-06,-2.662E-09
+135.272000E-06,+0.0E+00
+135.280000E-06,+0.0E+00
+135.288000E-06,-201.005024035E-03
+135.296000E-06,-2.665E-09
+135.304000E-06,+0.0E+00
+135.312000E-06,+0.0E+00
+135.320000E-06,+0.0E+00
+135.328000E-06,+0.0E+00
+135.336000E-06,+0.0E+00
+135.344000E-06,+0.0E+00
+135.352000E-06,+0.0E+00
+135.360000E-06,+0.0E+00
+135.368000E-06,+0.0E+00
+135.376000E-06,+0.0E+00
+135.384000E-06,+0.0E+00
+135.392000E-06,+0.0E+00
+135.400000E-06,+0.0E+00
+135.408000E-06,+0.0E+00
+135.416000E-06,+0.0E+00
+135.424000E-06,+0.0E+00
+135.432000E-06,+0.0E+00
+135.440000E-06,+0.0E+00
+135.448000E-06,+0.0E+00
+135.456000E-06,+0.0E+00
+135.464000E-06,+0.0E+00
+135.472000E-06,+0.0E+00
+135.480000E-06,+0.0E+00
+135.488000E-06,+0.0E+00
+135.496000E-06,+0.0E+00
+135.504000E-06,+0.0E+00
+135.512000E-06,-201.005024028E-03
+135.520000E-06,-2.671E-09
+135.528000E-06,+0.0E+00
+135.536000E-06,+0.0E+00
+135.544000E-06,+0.0E+00
+135.552000E-06,+0.0E+00
+135.560000E-06,+0.0E+00
+135.568000E-06,+0.0E+00
+135.576000E-06,+0.0E+00
+135.584000E-06,+0.0E+00
+135.592000E-06,+0.0E+00
+135.600000E-06,+0.0E+00
+135.608000E-06,+0.0E+00
+135.616000E-06,+0.0E+00
+135.624000E-06,+0.0E+00
+135.632000E-06,+0.0E+00
+135.640000E-06,+0.0E+00
+135.648000E-06,+0.0E+00
+135.656000E-06,+0.0E+00
+135.664000E-06,+0.0E+00
+135.672000E-06,+0.0E+00
+135.680000E-06,+0.0E+00
+135.688000E-06,+0.0E+00
+135.696000E-06,+0.0E+00
+135.704000E-06,+0.0E+00
+135.712000E-06,+0.0E+00
+135.720000E-06,+0.0E+00
+135.728000E-06,+0.0E+00
+135.736000E-06,+0.0E+00
+135.744000E-06,+0.0E+00
+135.752000E-06,-201.005024022E-03
+135.760000E-06,-2.678E-09
+135.768000E-06,-201.005024020E-03
+135.776000E-06,-2.678E-09
+135.784000E-06,+0.0E+00
+135.792000E-06,+0.0E+00
+135.800000E-06,+0.0E+00
+135.808000E-06,+0.0E+00
+135.816000E-06,+0.0E+00
+135.824000E-06,+0.0E+00
+135.832000E-06,+0.0E+00
+135.840000E-06,+0.0E+00
+135.848000E-06,+0.0E+00
+135.856000E-06,+0.0E+00
+135.864000E-06,+0.0E+00
+135.872000E-06,-201.005024017E-03
+135.880000E-06,-2.682E-09
+135.888000E-06,+201.005024016E-03
+135.896000E-06,+2.682E-09
+135.904000E-06,+0.0E+00
+135.912000E-06,+0.0E+00
+135.920000E-06,+0.0E+00
+135.928000E-06,+0.0E+00
+135.936000E-06,+0.0E+00
+135.944000E-06,+0.0E+00
+135.952000E-06,+0.0E+00
+135.960000E-06,+0.0E+00
+135.968000E-06,+0.0E+00
+135.976000E-06,+0.0E+00
+135.984000E-06,+0.0E+00
+135.992000E-06,+0.0E+00
+136.000000E-06,+0.0E+00
+136.008000E-06,+0.0E+00
+136.016000E-06,+0.0E+00
+136.024000E-06,+0.0E+00
+136.032000E-06,+201.005024013E-03
+136.040000E-06,+2.685E-09
+136.048000E-06,+0.0E+00
+136.056000E-06,+201.005024011E-03
+136.064000E-06,+2.687E-09
+136.072000E-06,+0.0E+00
+136.080000E-06,+0.0E+00
+136.088000E-06,+0.0E+00
+136.096000E-06,+0.0E+00
+136.104000E-06,+0.0E+00
+136.112000E-06,+0.0E+00
+136.120000E-06,+0.0E+00
+136.128000E-06,+0.0E+00
+136.136000E-06,+0.0E+00
+136.144000E-06,+0.0E+00
+136.152000E-06,+0.0E+00
+136.160000E-06,+0.0E+00
+136.168000E-06,+0.0E+00
+136.176000E-06,+0.0E+00
+136.184000E-06,+0.0E+00
+136.192000E-06,+0.0E+00
+136.200000E-06,+0.0E+00
+136.208000E-06,+201.005024007E-03
+136.216000E-06,+2.691E-09
+136.224000E-06,+0.0E+00
+136.232000E-06,+0.0E+00
+136.240000E-06,+0.0E+00
+136.248000E-06,+0.0E+00
+136.256000E-06,+201.005024006E-03
+136.264000E-06,+2.692E-09
+136.272000E-06,+0.0E+00
+136.280000E-06,+0.0E+00
+136.288000E-06,+201.005024004E-03
+136.296000E-06,+2.694E-09
+136.304000E-06,+0.0E+00
+136.312000E-06,+201.005024004E-03
+136.320000E-06,+2.694E-09
+136.328000E-06,+0.0E+00
+136.336000E-06,+0.0E+00
+136.344000E-06,+0.0E+00
+136.352000E-06,-201.005024003E-03
+136.360000E-06,-2.695E-09
+136.368000E-06,+201.005024001E-03
+136.376000E-06,+201.005026698E-03
+136.384000E-06,+201.005026698E-03
+136.392000E-06,+201.005026698E-03
+136.400000E-06,+2.697E-09
+136.408000E-06,+0.0E+00
+136.416000E-06,-201.005024001E-03
+136.424000E-06,+201.005021304E-03
+136.432000E-06,+2.697E-09
+136.440000E-06,+0.0E+00
+136.448000E-06,+0.0E+00
+136.456000E-06,+0.0E+00
+136.464000E-06,+0.0E+00
+136.472000E-06,+0.0E+00
+136.480000E-06,+0.0E+00
+136.488000E-06,+0.0E+00
+136.496000E-06,+0.0E+00
+136.504000E-06,+0.0E+00
+136.512000E-06,+0.0E+00
+136.520000E-06,+0.0E+00
+136.528000E-06,+0.0E+00
+136.536000E-06,+0.0E+00
+136.544000E-06,+0.0E+00
+136.552000E-06,+0.0E+00
+136.560000E-06,+0.0E+00
+136.568000E-06,+0.0E+00
+136.576000E-06,+0.0E+00
+136.584000E-06,+0.0E+00
+136.592000E-06,+0.0E+00
+136.600000E-06,+0.0E+00
+136.608000E-06,+0.0E+00
+136.616000E-06,+0.0E+00
+136.624000E-06,+0.0E+00
+136.632000E-06,+0.0E+00
+136.640000E-06,+0.0E+00
+136.648000E-06,+0.0E+00
+136.656000E-06,+0.0E+00
+136.664000E-06,+0.0E+00
+136.672000E-06,+0.0E+00
+136.680000E-06,+0.0E+00
+136.688000E-06,+0.0E+00
+136.696000E-06,+0.0E+00
+136.704000E-06,+0.0E+00
+136.712000E-06,+0.0E+00
+136.720000E-06,+201.005023992E-03
+136.728000E-06,+201.005026698E-03
+136.736000E-06,+201.005026698E-03
+136.744000E-06,+2.707E-09
+136.752000E-06,+0.0E+00
+136.760000E-06,+0.0E+00
+136.768000E-06,+0.0E+00
+136.776000E-06,+201.005023990E-03
+136.784000E-06,+201.005026698E-03
+136.792000E-06,+201.005026698E-03
+136.800000E-06,+2.709E-09
+136.808000E-06,+0.0E+00
+136.816000E-06,+0.0E+00
+136.824000E-06,+0.0E+00
+136.832000E-06,+0.0E+00
+136.840000E-06,+0.0E+00
+136.848000E-06,+201.005023988E-03
+136.856000E-06,+2.711E-09
+136.864000E-06,+201.005023987E-03
+136.872000E-06,+201.005026698E-03
+136.880000E-06,+201.005026698E-03
+136.888000E-06,+201.005026698E-03
+136.896000E-06,+2.711E-09
+136.904000E-06,+0.0E+00
+136.912000E-06,+0.0E+00
+136.920000E-06,+0.0E+00
+136.928000E-06,+201.005023985E-03
+136.936000E-06,+2.713E-09
+136.944000E-06,+0.0E+00
+136.952000E-06,+201.005023984E-03
+136.960000E-06,+2.714E-09
+136.968000E-06,+0.0E+00
+136.976000E-06,+201.005023984E-03
+136.984000E-06,+201.005026698E-03
+136.992000E-06,+2.714E-09
+137.000000E-06,+0.0E+00
+137.008000E-06,+201.005023984E-03
+137.016000E-06,+2.714E-09
+137.024000E-06,+201.005023982E-03
+137.032000E-06,+2.716E-09
+137.040000E-06,+201.005023982E-03
+137.048000E-06,+201.005026698E-03
+137.056000E-06,+2.717E-09
+137.064000E-06,+0.0E+00
+137.072000E-06,+0.0E+00
+137.080000E-06,+201.005023981E-03
+137.088000E-06,+2.717E-09
+137.096000E-06,+201.005023981E-03
+137.104000E-06,+2.717E-09
+137.112000E-06,+201.005023981E-03
+137.120000E-06,+201.005026698E-03
+137.128000E-06,+201.005026698E-03
+137.136000E-06,+2.719E-09
+137.144000E-06,+0.0E+00
+137.152000E-06,+0.0E+00
+137.160000E-06,+201.005023978E-03
+137.168000E-06,+2.720E-09
+137.176000E-06,+0.0E+00
+137.184000E-06,+0.0E+00
+137.192000E-06,+0.0E+00
+137.200000E-06,+0.0E+00
+137.208000E-06,+0.0E+00
+137.216000E-06,+0.0E+00
+137.224000E-06,+201.005023976E-03
+137.232000E-06,+201.005026698E-03
+137.240000E-06,+2.722E-09
+137.248000E-06,+0.0E+00
+137.256000E-06,+0.0E+00
+137.264000E-06,+0.0E+00
+137.272000E-06,+0.0E+00
+137.280000E-06,+201.005023975E-03
+137.288000E-06,+2.723E-09
+137.296000E-06,+0.0E+00
+137.304000E-06,+201.005023975E-03
+137.312000E-06,+201.005026698E-03
+137.320000E-06,+201.005026698E-03
+137.328000E-06,+201.005026698E-03
+137.336000E-06,+2.725E-09
+137.344000E-06,+201.005023972E-03
+137.352000E-06,+2.726E-09
+137.360000E-06,+201.005023972E-03
+137.368000E-06,+201.005026698E-03
+137.376000E-06,+2.726E-09
+137.384000E-06,+201.005023972E-03
+137.392000E-06,+2.726E-09
+137.400000E-06,+201.005023972E-03
+137.408000E-06,+201.005026698E-03
+137.416000E-06,+201.005026698E-03
+137.424000E-06,+2.728E-09
+137.432000E-06,+201.005023971E-03
+137.440000E-06,+2.729E-09
+137.448000E-06,+201.005023969E-03
+137.456000E-06,+201.005026698E-03
+137.464000E-06,+201.005026698E-03
+137.472000E-06,+201.005026698E-03
+137.480000E-06,+2.729E-09
+137.488000E-06,+201.005023969E-03
+137.496000E-06,+201.005026698E-03
+137.504000E-06,+2.729E-09
+137.512000E-06,+0.0E+00
+137.520000E-06,+201.005023968E-03
+137.528000E-06,+2.730E-09
+137.536000E-06,+201.005023966E-03
+137.544000E-06,+2.732E-09
+137.552000E-06,+0.0E+00
+137.560000E-06,+201.005023966E-03
+137.568000E-06,+201.005026698E-03
+137.576000E-06,+201.005026698E-03
+137.584000E-06,+201.005026698E-03
+137.592000E-06,+201.005026698E-03
+137.600000E-06,+2.732E-09
+137.608000E-06,+0.0E+00
+137.616000E-06,+0.0E+00
+137.624000E-06,+0.0E+00
+137.632000E-06,+0.0E+00
+137.640000E-06,+0.0E+00
+137.648000E-06,+201.005023963E-03
+137.656000E-06,+201.005026698E-03
+137.664000E-06,+201.005026698E-03
+137.672000E-06,+2.735E-09
+137.680000E-06,+201.005023963E-03
+137.688000E-06,+201.005026698E-03
+137.696000E-06,+201.005026698E-03
+137.704000E-06,+2.736E-09
+137.712000E-06,+201.005023962E-03
+137.720000E-06,+201.005026698E-03
+137.728000E-06,+201.005026698E-03
+137.736000E-06,+201.005026698E-03
+137.744000E-06,+201.005026698E-03
+137.752000E-06,+201.005026698E-03
+137.760000E-06,+201.005026698E-03
+137.768000E-06,+201.005026698E-03
+137.776000E-06,+201.005026698E-03
+137.784000E-06,+201.005026698E-03
+137.792000E-06,+201.005026698E-03
+137.800000E-06,+201.005026698E-03
+137.808000E-06,+201.005026698E-03
+137.816000E-06,+2.739E-09
+137.824000E-06,+201.005023959E-03
+137.832000E-06,+201.005026698E-03
+137.840000E-06,+201.005026698E-03
+137.848000E-06,+201.005026698E-03
+137.856000E-06,+201.005026698E-03
+137.864000E-06,+2.741E-09
+137.872000E-06,+201.005023957E-03
+137.880000E-06,+201.005026698E-03
+137.888000E-06,+201.005026698E-03
+137.896000E-06,+201.005026698E-03
+137.904000E-06,+2.742E-09
+137.912000E-06,+201.005023956E-03
+137.920000E-06,+201.005026698E-03
+137.928000E-06,+2.744E-09
+137.936000E-06,+201.005023954E-03
+137.944000E-06,+201.005026698E-03
+137.952000E-06,+201.005026698E-03
+137.960000E-06,+201.005026698E-03
+137.968000E-06,+201.005026698E-03
+137.976000E-06,+201.005026698E-03
+137.984000E-06,+201.005026698E-03
+137.992000E-06,+2.744E-09
+138.000000E-06,+201.005023953E-03
+138.008000E-06,+201.005026698E-03
+138.016000E-06,+201.005026698E-03
+138.024000E-06,+201.005026698E-03
+138.032000E-06,+2.747E-09
+138.040000E-06,+0.0E+00
+138.048000E-06,+201.005023952E-03
+138.056000E-06,+201.005026698E-03
+138.064000E-06,+201.005026698E-03
+138.072000E-06,+201.005026698E-03
+138.080000E-06,+201.005026698E-03
+138.088000E-06,+201.005026698E-03
+138.096000E-06,+201.005026698E-03
+138.104000E-06,+201.005026698E-03
+138.112000E-06,+2.748E-09
+138.120000E-06,+201.005023949E-03
+138.128000E-06,+201.005026698E-03
+138.136000E-06,+201.005026698E-03
+138.144000E-06,+201.005026698E-03
+138.152000E-06,+2.750E-09
+138.160000E-06,+201.005023949E-03
+138.168000E-06,+201.005026698E-03
+138.176000E-06,+201.005026698E-03
+138.184000E-06,+201.005026698E-03
+138.192000E-06,+2.751E-09
+138.200000E-06,+0.0E+00
+138.208000E-06,+201.005023947E-03
+138.216000E-06,+201.005026698E-03
+138.224000E-06,+201.005026698E-03
+138.232000E-06,+2.752E-09
+138.240000E-06,+201.005023946E-03
+138.248000E-06,+201.005026698E-03
+138.256000E-06,+201.005026698E-03
+138.264000E-06,+201.005026698E-03
+138.272000E-06,+402.010050644E-03
+138.280000E-06,+201.005029451E-03
+138.288000E-06,+201.005026698E-03
+138.296000E-06,+201.005026698E-03
+138.304000E-06,+201.005026698E-03
+138.312000E-06,+201.005026698E-03
+138.320000E-06,+201.005026698E-03
+138.328000E-06,+201.005026698E-03
+138.336000E-06,+201.005026698E-03
+138.344000E-06,+201.005026698E-03
+138.352000E-06,+201.005026698E-03
+138.360000E-06,+201.005026698E-03
+138.368000E-06,+201.005026698E-03
+138.376000E-06,+201.005026698E-03
+138.384000E-06,+201.005026698E-03
+138.392000E-06,+201.005026698E-03
+138.400000E-06,+201.005026698E-03
+138.408000E-06,+201.005026698E-03
+138.416000E-06,+201.005026698E-03
+138.424000E-06,+201.005026698E-03
+138.432000E-06,+201.005026698E-03
+138.440000E-06,+201.005026698E-03
+138.448000E-06,+201.005026698E-03
+138.456000E-06,+201.005026698E-03
+138.464000E-06,+2.758E-09
+138.472000E-06,+201.005023940E-03
+138.480000E-06,+201.005026698E-03
+138.488000E-06,+201.005026698E-03
+138.496000E-06,+201.005026698E-03
+138.504000E-06,+2.760E-09
+138.512000E-06,+201.005023937E-03
+138.520000E-06,+201.005026698E-03
+138.528000E-06,+201.005026698E-03
+138.536000E-06,+201.005026698E-03
+138.544000E-06,+201.005026698E-03
+138.552000E-06,+201.005026698E-03
+138.560000E-06,+201.005026698E-03
+138.568000E-06,+2.761E-09
+138.576000E-06,+201.005023937E-03
+138.584000E-06,+201.005026698E-03
+138.592000E-06,+201.005026698E-03
+138.600000E-06,+201.005026698E-03
+138.608000E-06,+201.005026698E-03
+138.616000E-06,+201.005026698E-03
+138.624000E-06,+201.005026698E-03
+138.632000E-06,+201.005026698E-03
+138.640000E-06,+201.005026698E-03
+138.648000E-06,+2.764E-09
+138.656000E-06,+201.005023934E-03
+138.664000E-06,+201.005026698E-03
+138.672000E-06,+201.005026698E-03
+138.680000E-06,+201.005026698E-03
+138.688000E-06,+201.005026698E-03
+138.696000E-06,+201.005026698E-03
+138.704000E-06,+201.005026698E-03
+138.712000E-06,+201.005026698E-03
+138.720000E-06,+201.005026698E-03
+138.728000E-06,+201.005026698E-03
+138.736000E-06,+201.005026698E-03
+138.744000E-06,+201.005026698E-03
+138.752000E-06,+201.005026698E-03
+138.760000E-06,+201.005026698E-03
+138.768000E-06,+201.005026698E-03
+138.776000E-06,+402.010050628E-03
+138.784000E-06,+201.005029467E-03
+138.792000E-06,+201.005026698E-03
+138.800000E-06,+201.005026698E-03
+138.808000E-06,+201.005026698E-03
+138.816000E-06,+201.005026698E-03
+138.824000E-06,+201.005026698E-03
+138.832000E-06,+2.770E-09
+138.840000E-06,+201.005023928E-03
+138.848000E-06,+201.005026698E-03
+138.856000E-06,+201.005026698E-03
+138.864000E-06,+201.005026698E-03
+138.872000E-06,+201.005026698E-03
+138.880000E-06,+201.005026698E-03
+138.888000E-06,+201.005026698E-03
+138.896000E-06,+201.005026698E-03
+138.904000E-06,+201.005026698E-03
+138.912000E-06,+201.005026698E-03
+138.920000E-06,+201.005026698E-03
+138.928000E-06,+402.010050623E-03
+138.936000E-06,+201.005029471E-03
+138.944000E-06,+201.005026698E-03
+138.952000E-06,+201.005026698E-03
+138.960000E-06,+201.005026698E-03
+138.968000E-06,+201.005026698E-03
+138.976000E-06,+201.005026698E-03
+138.984000E-06,+201.005026698E-03
+138.992000E-06,+201.005026698E-03
+139.000000E-06,+201.005026698E-03
+139.008000E-06,+402.010050620E-03
+139.016000E-06,+201.005029474E-03
+139.024000E-06,+201.005026698E-03
+139.032000E-06,+201.005026698E-03
+139.040000E-06,+201.005026698E-03
+139.048000E-06,+201.005026698E-03
+139.056000E-06,+201.005026698E-03
+139.064000E-06,+201.005026698E-03
+139.072000E-06,+201.005026698E-03
+139.080000E-06,+201.005026698E-03
+139.088000E-06,+201.005026698E-03
+139.096000E-06,+201.005026698E-03
+139.104000E-06,+201.005026698E-03
+139.112000E-06,+201.005026698E-03
+139.120000E-06,+201.005026698E-03
+139.128000E-06,+201.005026698E-03
+139.136000E-06,+2.779E-09
+139.144000E-06,+201.005023919E-03
+139.152000E-06,+201.005026698E-03
+139.160000E-06,+201.005026698E-03
+139.168000E-06,+201.005026698E-03
+139.176000E-06,+201.005026698E-03
+139.184000E-06,+201.005026698E-03
+139.192000E-06,+201.005026698E-03
+139.200000E-06,+201.005026698E-03
+139.208000E-06,+201.005026698E-03
+139.216000E-06,+201.005026698E-03
+139.224000E-06,+201.005026698E-03
+139.232000E-06,+201.005026698E-03
+139.240000E-06,+201.005026698E-03
+139.248000E-06,+201.005026698E-03
+139.256000E-06,+201.005026698E-03
+139.264000E-06,+201.005026698E-03
+139.272000E-06,+201.005026698E-03
+139.280000E-06,+201.005026698E-03
+139.288000E-06,+201.005026698E-03
+139.296000E-06,+201.005026698E-03
+139.304000E-06,+201.005026698E-03
+139.312000E-06,+402.010050612E-03
+139.320000E-06,+201.005029483E-03
+139.328000E-06,+201.005026698E-03
+139.336000E-06,+201.005026698E-03
+139.344000E-06,+201.005026698E-03
+139.352000E-06,+201.005026698E-03
+139.360000E-06,+201.005026698E-03
+139.368000E-06,+201.005026698E-03
+139.376000E-06,+201.005026698E-03
+139.384000E-06,+201.005026698E-03
+139.392000E-06,+201.005026698E-03
+139.400000E-06,+201.005026698E-03
+139.408000E-06,+201.005026698E-03
+139.416000E-06,+201.005026698E-03
+139.424000E-06,+201.005026698E-03
+139.432000E-06,+402.010050609E-03
+139.440000E-06,+201.005029486E-03
+139.448000E-06,+201.005026698E-03
+139.456000E-06,+201.005026698E-03
+139.464000E-06,+201.005026698E-03
+139.472000E-06,+201.005026698E-03
+139.480000E-06,+201.005026698E-03
+139.488000E-06,+201.005026698E-03
+139.496000E-06,+201.005026698E-03
+139.504000E-06,+201.005026698E-03
+139.512000E-06,+201.005026698E-03
+139.520000E-06,+201.005026698E-03
+139.528000E-06,+201.005026698E-03
+139.536000E-06,+201.005026698E-03
+139.544000E-06,+201.005026698E-03
+139.552000E-06,+201.005026698E-03
+139.560000E-06,+201.005026698E-03
+139.568000E-06,+201.005026698E-03
+139.576000E-06,+201.005026698E-03
+139.584000E-06,+201.005026698E-03
+139.592000E-06,+201.005026698E-03
+139.600000E-06,+201.005026698E-03
+139.608000E-06,+201.005026698E-03
+139.616000E-06,+201.005026698E-03
+139.624000E-06,+201.005026698E-03
+139.632000E-06,+201.005026698E-03
+139.640000E-06,+201.005026698E-03
+139.648000E-06,+201.005026698E-03
+139.656000E-06,+201.005026698E-03
+139.664000E-06,+201.005026698E-03
+139.672000E-06,+201.005026698E-03
+139.680000E-06,+201.005026698E-03
+139.688000E-06,+201.005026698E-03
+139.696000E-06,+201.005026698E-03
+139.704000E-06,+201.005026698E-03
+139.712000E-06,+201.005026698E-03
+139.720000E-06,+201.005026698E-03
+139.728000E-06,+201.005026698E-03
+139.736000E-06,+201.005026698E-03
+139.744000E-06,+201.005026698E-03
+139.752000E-06,+201.005026698E-03
+139.760000E-06,+201.005026698E-03
+139.768000E-06,+201.005026698E-03
+139.776000E-06,+201.005026698E-03
+139.784000E-06,+201.005026698E-03
+139.792000E-06,+201.005026698E-03
+139.800000E-06,+201.005026698E-03
+139.808000E-06,+201.005026698E-03
+139.816000E-06,+201.005026698E-03
+139.824000E-06,+201.005026698E-03
+139.832000E-06,+201.005026698E-03
+139.840000E-06,+201.005026698E-03
+139.848000E-06,+201.005026698E-03
+139.856000E-06,+201.005026698E-03
+139.864000E-06,+201.005026698E-03
+139.872000E-06,+201.005026698E-03
+139.880000E-06,+201.005026698E-03
+139.888000E-06,+201.005026698E-03
+139.896000E-06,+201.005026698E-03
+139.904000E-06,+402.010050594E-03
+139.912000E-06,+402.010053396E-03
+139.920000E-06,+201.005029500E-03
+139.928000E-06,+402.010050594E-03
+139.936000E-06,+201.005029500E-03
+139.944000E-06,+201.005026698E-03
+139.952000E-06,+201.005026698E-03
+139.960000E-06,+201.005026698E-03
+139.968000E-06,+201.005026698E-03
+139.976000E-06,+201.005026698E-03
+139.984000E-06,+201.005026698E-03
+139.992000E-06,+201.005026698E-03
+140.000000E-06,+201.005026698E-03
+140.008000E-06,+201.005026698E-03
+140.016000E-06,+402.010050591E-03
+140.024000E-06,+201.005029503E-03
+140.032000E-06,+201.005026698E-03
+140.040000E-06,+201.005026698E-03
+140.048000E-06,+201.005026698E-03
+140.056000E-06,+201.005026698E-03
+140.064000E-06,+201.005026698E-03
+140.072000E-06,+201.005026698E-03
+140.080000E-06,+201.005026698E-03
+140.088000E-06,+201.005026698E-03
+140.096000E-06,+201.005026698E-03
+140.104000E-06,+201.005026698E-03
+140.112000E-06,+201.005026698E-03
+140.120000E-06,+201.005026698E-03
+140.128000E-06,+201.005026698E-03
+140.136000E-06,+201.005026698E-03
+140.144000E-06,+201.005026698E-03
+140.152000E-06,+201.005026698E-03
+140.160000E-06,+201.005026698E-03
+140.168000E-06,+201.005026698E-03
+140.176000E-06,+201.005026698E-03
+140.184000E-06,+201.005026698E-03
+140.192000E-06,+201.005026698E-03
+140.200000E-06,+201.005026698E-03
+140.208000E-06,+402.010050585E-03
+140.216000E-06,+201.005029509E-03
+140.224000E-06,+201.005026698E-03
+140.232000E-06,+201.005026698E-03
+140.240000E-06,+201.005026698E-03
+140.248000E-06,+201.005026698E-03
+140.256000E-06,+201.005026698E-03
+140.264000E-06,+201.005026698E-03
+140.272000E-06,+201.005026698E-03
+140.280000E-06,+201.005026698E-03
+140.288000E-06,+201.005026698E-03
+140.296000E-06,+201.005026698E-03
+140.304000E-06,+402.010050582E-03
+140.312000E-06,+201.005029512E-03
+140.320000E-06,+201.005026698E-03
+140.328000E-06,+201.005026698E-03
+140.336000E-06,+201.005026698E-03
+140.344000E-06,+402.010050581E-03
+140.352000E-06,+201.005029513E-03
+140.360000E-06,+201.005026698E-03
+140.368000E-06,+201.005026698E-03
+140.376000E-06,+201.005026698E-03
+140.384000E-06,+201.005026698E-03
+140.392000E-06,+201.005026698E-03
+140.400000E-06,+201.005026698E-03
+140.408000E-06,+201.005026698E-03
+140.416000E-06,+201.005026698E-03
+140.424000E-06,+402.010050579E-03
+140.432000E-06,+201.005029516E-03
+140.440000E-06,+201.005026698E-03
+140.448000E-06,+402.010050578E-03
+140.456000E-06,+402.010053396E-03
+140.464000E-06,+201.005029518E-03
+140.472000E-06,+201.005026698E-03
+140.480000E-06,+201.005026698E-03
+140.488000E-06,+201.005026698E-03
+140.496000E-06,+201.005026698E-03
+140.504000E-06,+201.005026698E-03
+140.512000E-06,+402.010050577E-03
+140.520000E-06,+201.005029518E-03
+140.528000E-06,+201.005026698E-03
+140.536000E-06,+201.005026698E-03
+140.544000E-06,+201.005026698E-03
+140.552000E-06,+201.005026698E-03
+140.560000E-06,+201.005026698E-03
+140.568000E-06,+201.005026698E-03
+140.576000E-06,+201.005026698E-03
+140.584000E-06,+201.005026698E-03
+140.592000E-06,+201.005026698E-03
+140.600000E-06,+2.823E-09
+140.608000E-06,+201.005023875E-03
+140.616000E-06,+201.005026698E-03
+140.624000E-06,+201.005026698E-03
+140.632000E-06,+201.005026698E-03
+140.640000E-06,+201.005026698E-03
+140.648000E-06,+201.005026698E-03
+140.656000E-06,+201.005026698E-03
+140.664000E-06,+201.005026698E-03
+140.672000E-06,+201.005026698E-03
+140.680000E-06,+402.010050571E-03
+140.688000E-06,+402.010053396E-03
+140.696000E-06,+201.005029524E-03
+140.704000E-06,+201.005026698E-03
+140.712000E-06,+201.005026698E-03
+140.720000E-06,+201.005026698E-03
+140.728000E-06,+201.005026698E-03
+140.736000E-06,+201.005026698E-03
+140.744000E-06,+201.005026698E-03
+140.752000E-06,+201.005026698E-03
+140.760000E-06,+201.005026698E-03
+140.768000E-06,+201.005026698E-03
+140.776000E-06,+201.005026698E-03
+140.784000E-06,+201.005026698E-03
+140.792000E-06,+201.005026698E-03
+140.800000E-06,+201.005026698E-03
+140.808000E-06,+201.005026698E-03
+140.816000E-06,+201.005026698E-03
+140.824000E-06,+201.005026698E-03
+140.832000E-06,+402.010050566E-03
+140.840000E-06,+201.005029528E-03
+140.848000E-06,+402.010050565E-03
+140.856000E-06,+5.663E-09
+140.864000E-06,+402.010047733E-03
+140.872000E-06,+402.010053396E-03
+140.880000E-06,+201.005029530E-03
+140.888000E-06,+201.005026698E-03
+140.896000E-06,+201.005026698E-03
+140.904000E-06,+201.005026698E-03
+140.912000E-06,+201.005026698E-03
+140.920000E-06,+201.005026698E-03
+140.928000E-06,+201.005026698E-03
+140.936000E-06,+201.005026698E-03
+140.944000E-06,+201.005026698E-03
+140.952000E-06,+201.005026698E-03
+140.960000E-06,+201.005026698E-03
+140.968000E-06,+201.005026698E-03
+140.976000E-06,+402.010050562E-03
+140.984000E-06,+201.005029532E-03
+140.992000E-06,+201.005026698E-03
+141.000000E-06,+402.010050562E-03
+141.008000E-06,+201.005029532E-03
+141.016000E-06,+201.005026698E-03
+141.024000E-06,+201.005026698E-03
+141.032000E-06,+201.005026698E-03
+141.040000E-06,+201.005026698E-03
+141.048000E-06,+402.010050559E-03
+141.056000E-06,+201.005029535E-03
+141.064000E-06,+201.005026698E-03
+141.072000E-06,+201.005026698E-03
+141.080000E-06,+201.005026698E-03
+141.088000E-06,+201.005026698E-03
+141.096000E-06,+402.010050559E-03
+141.104000E-06,+201.005029535E-03
+141.112000E-06,+201.005026698E-03
+141.120000E-06,+201.005026698E-03
+141.128000E-06,+201.005026698E-03
+141.136000E-06,+201.005026698E-03
+141.144000E-06,+201.005026698E-03
+141.152000E-06,+201.005026698E-03
+141.160000E-06,+201.005026698E-03
+141.168000E-06,+201.005026698E-03
+141.176000E-06,+201.005026698E-03
+141.184000E-06,+201.005026698E-03
+141.192000E-06,+201.005026698E-03
+141.200000E-06,+201.005026698E-03
+141.208000E-06,+201.005026698E-03
+141.216000E-06,+201.005026698E-03
+141.224000E-06,+201.005026698E-03
+141.232000E-06,+201.005026698E-03
+141.240000E-06,+201.005026698E-03
+141.248000E-06,+402.010050553E-03
+141.256000E-06,+402.010053396E-03
+141.264000E-06,+201.005029541E-03
+141.272000E-06,+201.005026698E-03
+141.280000E-06,+201.005026698E-03
+141.288000E-06,+201.005026698E-03
+141.296000E-06,+402.010050553E-03
+141.304000E-06,+201.005029541E-03
+141.312000E-06,+201.005026698E-03
+141.320000E-06,+402.010050552E-03
+141.328000E-06,+5.689E-09
+141.336000E-06,+201.005023852E-03
+141.344000E-06,+201.005026698E-03
+141.352000E-06,+201.005026698E-03
+141.360000E-06,+201.005026698E-03
+141.368000E-06,+402.010050550E-03
+141.376000E-06,+402.010053396E-03
+141.384000E-06,+201.005029544E-03
+141.392000E-06,+402.010050550E-03
+141.400000E-06,+402.010053396E-03
+141.408000E-06,+201.005029546E-03
+141.416000E-06,+201.005026698E-03
+141.424000E-06,+201.005026698E-03
+141.432000E-06,+201.005026698E-03
+141.440000E-06,+402.010050547E-03
+141.448000E-06,+402.010053396E-03
+141.456000E-06,+201.005029547E-03
+141.464000E-06,+201.005026698E-03
+141.472000E-06,+201.005026698E-03
+141.480000E-06,+201.005026698E-03
+141.488000E-06,+201.005026698E-03
+141.496000E-06,+402.010050547E-03
+141.504000E-06,+201.005029549E-03
+141.512000E-06,+402.010050546E-03
+141.520000E-06,+201.005029549E-03
+141.528000E-06,+201.005026698E-03
+141.536000E-06,+201.005026698E-03
+141.544000E-06,+201.005026698E-03
+141.552000E-06,+201.005026698E-03
+141.560000E-06,+201.005026698E-03
+141.568000E-06,+201.005026698E-03
+141.576000E-06,+201.005026698E-03
+141.584000E-06,+201.005026698E-03
+141.592000E-06,+201.005026698E-03
+141.600000E-06,+201.005026698E-03
+141.608000E-06,+402.010050543E-03
+141.616000E-06,+201.005029551E-03
+141.624000E-06,+201.005026698E-03
+141.632000E-06,+201.005026698E-03
+141.640000E-06,+201.005026698E-03
+141.648000E-06,+201.005026698E-03
+141.656000E-06,+201.005026698E-03
+141.664000E-06,+201.005026698E-03
+141.672000E-06,+201.005026698E-03
+141.680000E-06,+201.005026698E-03
+141.688000E-06,+201.005026698E-03
+141.696000E-06,+201.005026698E-03
+141.704000E-06,+201.005026698E-03
+141.712000E-06,+402.010050540E-03
+141.720000E-06,+201.005029554E-03
+141.728000E-06,+201.005026698E-03
+141.736000E-06,+201.005026698E-03
+141.744000E-06,+402.010050538E-03
+141.752000E-06,+201.005029556E-03
+141.760000E-06,+201.005026698E-03
+141.768000E-06,+201.005026698E-03
+141.776000E-06,+201.005026698E-03
+141.784000E-06,+201.005026698E-03
+141.792000E-06,+201.005026698E-03
+141.800000E-06,+402.010050537E-03
+141.808000E-06,+201.005029557E-03
+141.816000E-06,+201.005026698E-03
+141.824000E-06,+402.010050536E-03
+141.832000E-06,+201.005029559E-03
+141.840000E-06,+201.005026698E-03
+141.848000E-06,+201.005026698E-03
+141.856000E-06,+201.005026698E-03
+141.864000E-06,+201.005026698E-03
+141.872000E-06,+201.005026698E-03
+141.880000E-06,+201.005026698E-03
+141.888000E-06,+201.005026698E-03
+141.896000E-06,+201.005026698E-03
+141.904000E-06,+402.010050534E-03
+141.912000E-06,+201.005029560E-03
+141.920000E-06,+201.005026698E-03
+141.928000E-06,+201.005026698E-03
+141.936000E-06,+201.005026698E-03
+141.944000E-06,+201.005026698E-03
+141.952000E-06,+201.005026698E-03
+141.960000E-06,+201.005026698E-03
+141.968000E-06,+201.005026698E-03
+141.976000E-06,+201.005026698E-03
+141.984000E-06,+402.010050533E-03
+141.992000E-06,+201.005029563E-03
+142.000000E-06,+201.005026698E-03
+142.008000E-06,+201.005026698E-03
+142.016000E-06,+201.005026698E-03
+142.024000E-06,+201.005026698E-03
+142.032000E-06,+201.005026698E-03
+142.040000E-06,+201.005026698E-03
+142.048000E-06,+201.005026698E-03
+142.056000E-06,+201.005026698E-03
+142.064000E-06,+201.005026698E-03
+142.072000E-06,+201.005026698E-03
+142.080000E-06,+2.867E-09
+142.088000E-06,+201.005023830E-03
+142.096000E-06,+201.005026698E-03
+142.104000E-06,+402.010050528E-03
+142.112000E-06,+201.005029568E-03
+142.120000E-06,+201.005026698E-03
+142.128000E-06,+201.005026698E-03
+142.136000E-06,+201.005026698E-03
+142.144000E-06,+201.005026698E-03
+142.152000E-06,+201.005026698E-03
+142.160000E-06,+201.005026698E-03
+142.168000E-06,+201.005026698E-03
+142.176000E-06,+201.005026698E-03
+142.184000E-06,+201.005026698E-03
+142.192000E-06,+201.005026698E-03
+142.200000E-06,+201.005026698E-03
+142.208000E-06,+201.005026698E-03
+142.216000E-06,+201.005026698E-03
+142.224000E-06,+201.005026698E-03
+142.232000E-06,+201.005026698E-03
+142.240000E-06,+201.005026698E-03
+142.248000E-06,+201.005026698E-03
+142.256000E-06,+201.005026698E-03
+142.264000E-06,+201.005026698E-03
+142.272000E-06,+201.005026698E-03
+142.280000E-06,+201.005026698E-03
+142.288000E-06,+201.005026698E-03
+142.296000E-06,+201.005026698E-03
+142.304000E-06,+201.005026698E-03
+142.312000E-06,+402.010050521E-03
+142.320000E-06,+201.005029573E-03
+142.328000E-06,+201.005026698E-03
+142.336000E-06,+402.010050521E-03
+142.344000E-06,+201.005029573E-03
+142.352000E-06,+402.010050521E-03
+142.360000E-06,+402.010053396E-03
+142.368000E-06,+201.005029573E-03
+142.376000E-06,+201.005026698E-03
+142.384000E-06,+201.005026698E-03
+142.392000E-06,+201.005026698E-03
+142.400000E-06,+201.005026698E-03
+142.408000E-06,+201.005026698E-03
+142.416000E-06,+402.010050518E-03
+142.424000E-06,+201.005029576E-03
+142.432000E-06,+201.005026698E-03
+142.440000E-06,+201.005026698E-03
+142.448000E-06,+201.005026698E-03
+142.456000E-06,+201.005026698E-03
+142.464000E-06,+201.005026698E-03
+142.472000E-06,+201.005026698E-03
+142.480000E-06,+201.005026698E-03
+142.488000E-06,+201.005026698E-03
+142.496000E-06,+201.005026698E-03
+142.504000E-06,+201.005026698E-03
+142.512000E-06,+201.005026698E-03
+142.520000E-06,+201.005026698E-03
+142.528000E-06,+201.005026698E-03
+142.536000E-06,+201.005026698E-03
+142.544000E-06,+201.005026698E-03
+142.552000E-06,+201.005026698E-03
+142.560000E-06,+201.005026698E-03
+142.568000E-06,+2.881E-09
+142.576000E-06,+201.005023816E-03
+142.584000E-06,+201.005026698E-03
+142.592000E-06,+201.005026698E-03
+142.600000E-06,+201.005026698E-03
+142.608000E-06,+201.005026698E-03
+142.616000E-06,+201.005026698E-03
+142.624000E-06,+201.005026698E-03
+142.632000E-06,+201.005026698E-03
+142.640000E-06,+201.005026698E-03
+142.648000E-06,+201.005026698E-03
+142.656000E-06,+201.005026698E-03
+142.664000E-06,+201.005026698E-03
+142.672000E-06,+201.005026698E-03
+142.680000E-06,+201.005026698E-03
+142.688000E-06,+2.886E-09
+142.696000E-06,+201.005023811E-03
+142.704000E-06,+201.005026698E-03
+142.712000E-06,+201.005026698E-03
+142.720000E-06,+402.010050509E-03
+142.728000E-06,+201.005029585E-03
+142.736000E-06,+201.005026698E-03
+142.744000E-06,+201.005026698E-03
+142.752000E-06,+2.887E-09
+142.760000E-06,+201.005023811E-03
+142.768000E-06,+201.005026698E-03
+142.776000E-06,+201.005026698E-03
+142.784000E-06,+201.005026698E-03
+142.792000E-06,+201.005026698E-03
+142.800000E-06,+201.005026698E-03
+142.808000E-06,+201.005026698E-03
+142.816000E-06,+201.005026698E-03
+142.824000E-06,+201.005026698E-03
+142.832000E-06,+201.005026698E-03
+142.840000E-06,+201.005026698E-03
+142.848000E-06,+201.005026698E-03
+142.856000E-06,+201.005026698E-03
+142.864000E-06,+201.005026698E-03
+142.872000E-06,+201.005026698E-03
+142.880000E-06,+201.005026698E-03
+142.888000E-06,+201.005026698E-03
+142.896000E-06,+201.005026698E-03
+142.904000E-06,+201.005026698E-03
+142.912000E-06,+201.005026698E-03
+142.920000E-06,+201.005026698E-03
+142.928000E-06,+2.893E-09
+142.936000E-06,+201.005023805E-03
+142.944000E-06,+201.005026698E-03
+142.952000E-06,+201.005026698E-03
+142.960000E-06,+201.005026698E-03
+142.968000E-06,+201.005026698E-03
+142.976000E-06,+201.005026698E-03
+142.984000E-06,+201.005026698E-03
+142.992000E-06,+201.005026698E-03
+143.000000E-06,+201.005026698E-03
+143.008000E-06,+2.896E-09
+143.016000E-06,+201.005023802E-03
+143.024000E-06,+201.005026698E-03
+143.032000E-06,+201.005026698E-03
+143.040000E-06,+2.896E-09
+143.048000E-06,+0.0E+00
+143.056000E-06,+201.005023802E-03
+143.064000E-06,+201.005026698E-03
+143.072000E-06,+201.005026698E-03
+143.080000E-06,+201.005026698E-03
+143.088000E-06,+201.005026698E-03
+143.096000E-06,+201.005026698E-03
+143.104000E-06,+201.005026698E-03
+143.112000E-06,+201.005026698E-03
+143.120000E-06,+201.005026698E-03
+143.128000E-06,+201.005026698E-03
+143.136000E-06,+201.005026698E-03
+143.144000E-06,+201.005026698E-03
+143.152000E-06,+201.005026698E-03
+143.160000E-06,+201.005026698E-03
+143.168000E-06,+201.005026698E-03
+143.176000E-06,+201.005026698E-03
+143.184000E-06,+201.005026698E-03
+143.192000E-06,+201.005026698E-03
+143.200000E-06,+201.005026698E-03
+143.208000E-06,+201.005026698E-03
+143.216000E-06,+201.005026698E-03
+143.224000E-06,+201.005026698E-03
+143.232000E-06,+201.005026698E-03
+143.240000E-06,+201.005026698E-03
+143.248000E-06,+201.005026698E-03
+143.256000E-06,+201.005026698E-03
+143.264000E-06,+201.005026698E-03
+143.272000E-06,+2.903E-09
+143.280000E-06,+201.005023794E-03
+143.288000E-06,+201.005026698E-03
+143.296000E-06,+201.005026698E-03
+143.304000E-06,+2.905E-09
+143.312000E-06,+201.005023794E-03
+143.320000E-06,+201.005026698E-03
+143.328000E-06,+201.005026698E-03
+143.336000E-06,+201.005026698E-03
+143.344000E-06,+201.005026698E-03
+143.352000E-06,+2.906E-09
+143.360000E-06,+201.005023792E-03
+143.368000E-06,+201.005026698E-03
+143.376000E-06,+201.005026698E-03
+143.384000E-06,+201.005026698E-03
+143.392000E-06,+201.005026698E-03
+143.400000E-06,+201.005026698E-03
+143.408000E-06,+201.005026698E-03
+143.416000E-06,+201.005026698E-03
+143.424000E-06,+2.907E-09
+143.432000E-06,+201.005023791E-03
+143.440000E-06,+201.005026698E-03
+143.448000E-06,+201.005026698E-03
+143.456000E-06,+201.005026698E-03
+143.464000E-06,+201.005026698E-03
+143.472000E-06,+2.909E-09
+143.480000E-06,+201.005023788E-03
+143.488000E-06,+402.010050486E-03
+143.496000E-06,+201.005029608E-03
+143.504000E-06,+201.005026698E-03
+143.512000E-06,+201.005026698E-03
+143.520000E-06,+201.005026698E-03
+143.528000E-06,+201.005026698E-03
+143.536000E-06,+201.005026698E-03
+143.544000E-06,+201.005026698E-03
+143.552000E-06,+201.005026698E-03
+143.560000E-06,+201.005026698E-03
+143.568000E-06,+201.005026698E-03
+143.576000E-06,+201.005026698E-03
+143.584000E-06,+201.005026698E-03
+143.592000E-06,+201.005026698E-03
+143.600000E-06,+201.005026698E-03
+143.608000E-06,+201.005026698E-03
+143.616000E-06,+201.005026698E-03
+143.624000E-06,+201.005026698E-03
+143.632000E-06,+201.005026698E-03
+143.640000E-06,+201.005026698E-03
+143.648000E-06,+201.005026698E-03
+143.656000E-06,+201.005026698E-03
+143.664000E-06,+2.915E-09
+143.672000E-06,+201.005023782E-03
+143.680000E-06,+201.005026698E-03
+143.688000E-06,+201.005026698E-03
+143.696000E-06,+201.005026698E-03
+143.704000E-06,+201.005026698E-03
+143.712000E-06,+201.005026698E-03
+143.720000E-06,+201.005026698E-03
+143.728000E-06,+201.005026698E-03
+143.736000E-06,+201.005026698E-03
+143.744000E-06,+201.005026698E-03
+143.752000E-06,+201.005026698E-03
+143.760000E-06,+201.005026698E-03
+143.768000E-06,+201.005026698E-03
+143.776000E-06,+201.005026698E-03
+143.784000E-06,+201.005026698E-03
+143.792000E-06,+201.005026698E-03
+143.800000E-06,+201.005026698E-03
+143.808000E-06,+2.919E-09
+143.816000E-06,+201.005023779E-03
+143.824000E-06,+201.005026698E-03
+143.832000E-06,+201.005026698E-03
+143.840000E-06,+201.005026698E-03
+143.848000E-06,+201.005026698E-03
+143.856000E-06,+201.005026698E-03
+143.864000E-06,+201.005026698E-03
+143.872000E-06,+201.005026698E-03
+143.880000E-06,+201.005026698E-03
+143.888000E-06,+2.922E-09
+143.896000E-06,+201.005023776E-03
+143.904000E-06,+201.005026698E-03
+143.912000E-06,+2.922E-09
+143.920000E-06,+0.0E+00
+143.928000E-06,+201.005023776E-03
+143.936000E-06,+201.005026698E-03
+143.944000E-06,+201.005026698E-03
+143.952000E-06,+201.005026698E-03
+143.960000E-06,+2.924E-09
+143.968000E-06,+0.0E+00
+143.976000E-06,+201.005023773E-03
+143.984000E-06,+201.005026698E-03
+143.992000E-06,+201.005026698E-03
+144.000000E-06,+2.925E-09
+144.008000E-06,+201.005023773E-03
+144.016000E-06,+201.005026698E-03
+144.024000E-06,+201.005026698E-03
+144.032000E-06,+201.005026698E-03
+144.040000E-06,+2.926E-09
+144.048000E-06,+0.0E+00
+144.056000E-06,+201.005023772E-03
+144.064000E-06,+201.005026698E-03
+144.072000E-06,+2.928E-09
+144.080000E-06,+201.005023770E-03
+144.088000E-06,+201.005026698E-03
+144.096000E-06,+201.005026698E-03
+144.104000E-06,+201.005026698E-03
+144.112000E-06,+201.005026698E-03
+144.120000E-06,+201.005026698E-03
+144.128000E-06,+201.005026698E-03
+144.136000E-06,+201.005026698E-03
+144.144000E-06,+201.005026698E-03
+144.152000E-06,+201.005026698E-03
+144.160000E-06,+201.005026698E-03
+144.168000E-06,+2.931E-09
+144.176000E-06,+201.005023767E-03
+144.184000E-06,+201.005026698E-03
+144.192000E-06,+201.005026698E-03
+144.200000E-06,+201.005026698E-03
+144.208000E-06,+201.005026698E-03
+144.216000E-06,+201.005026698E-03
+144.224000E-06,+2.931E-09
+144.232000E-06,+201.005023766E-03
+144.240000E-06,+2.932E-09
+144.248000E-06,+201.005023766E-03
+144.256000E-06,+201.005026698E-03
+144.264000E-06,+201.005026698E-03
+144.272000E-06,+2.934E-09
+144.280000E-06,+201.005023764E-03
+144.288000E-06,+201.005026698E-03
+144.296000E-06,+201.005026698E-03
+144.304000E-06,+201.005026698E-03
+144.312000E-06,+201.005026698E-03
+144.320000E-06,+201.005026698E-03
+144.328000E-06,+201.005026698E-03
+144.336000E-06,+201.005026698E-03
+144.344000E-06,+2.935E-09
+144.352000E-06,+201.005023761E-03
+144.360000E-06,+201.005026698E-03
+144.368000E-06,+201.005026698E-03
+144.376000E-06,+2.937E-09
+144.384000E-06,+0.0E+00
+144.392000E-06,+201.005023761E-03
+144.400000E-06,+2.937E-09
+144.408000E-06,+201.005023761E-03
+144.416000E-06,+2.937E-09
+144.424000E-06,+201.005023760E-03
+144.432000E-06,+201.005026698E-03
+144.440000E-06,+201.005026698E-03
+144.448000E-06,+201.005026698E-03
+144.456000E-06,+201.005026698E-03
+144.464000E-06,+201.005026698E-03
+144.472000E-06,+201.005026698E-03
+144.480000E-06,+201.005026698E-03
+144.488000E-06,+2.940E-09
+144.496000E-06,+0.0E+00
+144.504000E-06,+0.0E+00
+144.512000E-06,+0.0E+00
+144.520000E-06,+201.005023758E-03
+144.528000E-06,+201.005026698E-03
+144.536000E-06,+201.005026698E-03
+144.544000E-06,+201.005026698E-03
+144.552000E-06,+2.943E-09
+144.560000E-06,+0.0E+00
+144.568000E-06,+201.005023756E-03
+144.576000E-06,+2.943E-09
+144.584000E-06,+0.0E+00
+144.592000E-06,+201.005023756E-03
+144.600000E-06,+201.005026698E-03
+144.608000E-06,+201.005026698E-03
+144.616000E-06,+2.943E-09
+144.624000E-06,+0.0E+00
+144.632000E-06,+201.005023754E-03
+144.640000E-06,+2.944E-09
+144.648000E-06,+201.005023753E-03
+144.656000E-06,+2.945E-09
+144.664000E-06,+0.0E+00
+144.672000E-06,+201.005023753E-03
+144.680000E-06,+201.005026698E-03
+144.688000E-06,+2.945E-09
+144.696000E-06,+201.005023753E-03
+144.704000E-06,+201.005026698E-03
+144.712000E-06,+2.945E-09
+144.720000E-06,+0.0E+00
+144.728000E-06,+0.0E+00
+144.736000E-06,+0.0E+00
+144.744000E-06,+201.005023750E-03
+144.752000E-06,+201.005026698E-03
+144.760000E-06,+2.948E-09
+144.768000E-06,+0.0E+00
+144.776000E-06,+0.0E+00
+144.784000E-06,+0.0E+00
+144.792000E-06,+201.005023750E-03
+144.800000E-06,+201.005026698E-03
+144.808000E-06,+201.005026698E-03
+144.816000E-06,+201.005026698E-03
+144.824000E-06,+201.005026698E-03
+144.832000E-06,+2.950E-09
+144.840000E-06,+201.005023747E-03
+144.848000E-06,+2.951E-09
+144.856000E-06,+201.005023747E-03
+144.864000E-06,+2.951E-09
+144.872000E-06,+0.0E+00
+144.880000E-06,+201.005023747E-03
+144.888000E-06,+2.951E-09
+144.896000E-06,+0.0E+00
+144.904000E-06,+201.005023747E-03
+144.912000E-06,+201.005026698E-03
+144.920000E-06,+2.953E-09
+144.928000E-06,+0.0E+00
+144.936000E-06,+0.0E+00
+144.944000E-06,+0.0E+00
+144.952000E-06,+0.0E+00
+144.960000E-06,+201.005023744E-03
+144.968000E-06,+2.954E-09
+144.976000E-06,+0.0E+00
+144.984000E-06,+0.0E+00
+144.992000E-06,+201.005023744E-03
+145.000000E-06,+201.005026698E-03
+145.008000E-06,+2.956E-09
+145.016000E-06,+0.0E+00
+145.024000E-06,+0.0E+00
+145.032000E-06,+0.0E+00
+145.040000E-06,+201.005023741E-03
+145.048000E-06,+2.957E-09
+145.056000E-06,+201.005023741E-03
+145.064000E-06,+201.005026698E-03
+145.072000E-06,+2.957E-09
+145.080000E-06,+0.0E+00
+145.088000E-06,+201.005023741E-03
+145.096000E-06,+201.005026698E-03
+145.104000E-06,+2.957E-09
+145.112000E-06,+201.005023739E-03
+145.120000E-06,+201.005026698E-03
+145.128000E-06,+201.005026698E-03
+145.136000E-06,+201.005026698E-03
+145.144000E-06,+2.960E-09
+145.152000E-06,+0.0E+00
+145.160000E-06,+0.0E+00
+145.168000E-06,+0.0E+00
+145.176000E-06,+201.005023738E-03
+145.184000E-06,+2.960E-09
+145.192000E-06,+0.0E+00
+145.200000E-06,+201.005023738E-03
+145.208000E-06,+2.962E-09
+145.216000E-06,+0.0E+00
+145.224000E-06,+201.005023737E-03
+145.232000E-06,+2.963E-09
+145.240000E-06,+0.0E+00
+145.248000E-06,+0.0E+00
+145.256000E-06,+201.005023735E-03
+145.264000E-06,+2.963E-09
+145.272000E-06,+0.0E+00
+145.280000E-06,+0.0E+00
+145.288000E-06,+0.0E+00
+145.296000E-06,+0.0E+00
+145.304000E-06,+0.0E+00
+145.312000E-06,+0.0E+00
+145.320000E-06,+0.0E+00
+145.328000E-06,+0.0E+00
+145.336000E-06,+201.005023732E-03
+145.344000E-06,+2.966E-09
+145.352000E-06,+0.0E+00
+145.360000E-06,+0.0E+00
+145.368000E-06,+0.0E+00
+145.376000E-06,+201.005023732E-03
+145.384000E-06,+2.966E-09
+145.392000E-06,+0.0E+00
+145.400000E-06,+0.0E+00
+145.408000E-06,+0.0E+00
+145.416000E-06,+0.0E+00
+145.424000E-06,+201.005023729E-03
+145.432000E-06,+201.005026698E-03
+145.440000E-06,+2.969E-09
+145.448000E-06,+0.0E+00
+145.456000E-06,+0.0E+00
+145.464000E-06,+0.0E+00
+145.472000E-06,+0.0E+00
+145.480000E-06,+0.0E+00
+145.488000E-06,+0.0E+00
+145.496000E-06,+0.0E+00
+145.504000E-06,+0.0E+00
+145.512000E-06,+201.005023728E-03
+145.520000E-06,+2.972E-09
+145.528000E-06,+201.005023726E-03
+145.536000E-06,+2.972E-09
+145.544000E-06,+0.0E+00
+145.552000E-06,+0.0E+00
+145.560000E-06,+0.0E+00
+145.568000E-06,+0.0E+00
+145.576000E-06,+0.0E+00
+145.584000E-06,+0.0E+00
+145.592000E-06,+201.005023725E-03
+145.600000E-06,+201.005026698E-03
+145.608000E-06,+2.973E-09
+145.616000E-06,+201.005023725E-03
+145.624000E-06,+2.975E-09
+145.632000E-06,+0.0E+00
+145.640000E-06,+201.005023723E-03
+145.648000E-06,+2.975E-09
+145.656000E-06,+0.0E+00
+145.664000E-06,+0.0E+00
+145.672000E-06,+0.0E+00
+145.680000E-06,+201.005023723E-03
+145.688000E-06,+2.975E-09
+145.696000E-06,+0.0E+00
+145.704000E-06,+0.0E+00
+145.712000E-06,+0.0E+00
+145.720000E-06,+0.0E+00
+145.728000E-06,+0.0E+00
+145.736000E-06,+0.0E+00
+145.744000E-06,+0.0E+00
+145.752000E-06,+0.0E+00
+145.760000E-06,+201.005023720E-03
+145.768000E-06,+2.978E-09
+145.776000E-06,+0.0E+00
+145.784000E-06,+201.005023720E-03
+145.792000E-06,+2.979E-09
+145.800000E-06,+0.0E+00
+145.808000E-06,+0.0E+00
+145.816000E-06,+0.0E+00
+145.824000E-06,+0.0E+00
+145.832000E-06,+0.0E+00
+145.840000E-06,+0.0E+00
+145.848000E-06,+0.0E+00
+145.856000E-06,+0.0E+00
+145.864000E-06,+0.0E+00
+145.872000E-06,+0.0E+00
+145.880000E-06,+0.0E+00
+145.888000E-06,+0.0E+00
+145.896000E-06,+201.005023716E-03
+145.904000E-06,+2.982E-09
+145.912000E-06,+201.005023715E-03
+145.920000E-06,+2.984E-09
+145.928000E-06,+0.0E+00
+145.936000E-06,+0.0E+00
+145.944000E-06,+0.0E+00
+145.952000E-06,+0.0E+00
+145.960000E-06,+0.0E+00
+145.968000E-06,+0.0E+00
+145.976000E-06,+201.005023715E-03
+145.984000E-06,+2.985E-09
+145.992000E-06,+0.0E+00
+146.000000E-06,+0.0E+00
+146.008000E-06,+0.0E+00
+146.016000E-06,+201.005023712E-03
+146.024000E-06,+201.005026698E-03
+146.032000E-06,+2.986E-09
+146.040000E-06,+0.0E+00
+146.048000E-06,+0.0E+00
+146.056000E-06,+0.0E+00
+146.064000E-06,+0.0E+00
+146.072000E-06,+0.0E+00
+146.080000E-06,+0.0E+00
+146.088000E-06,+0.0E+00
+146.096000E-06,+0.0E+00
+146.104000E-06,+0.0E+00
+146.112000E-06,+0.0E+00
+146.120000E-06,+0.0E+00
+146.128000E-06,+0.0E+00
+146.136000E-06,+0.0E+00
+146.144000E-06,+0.0E+00
+146.152000E-06,+201.005023709E-03
+146.160000E-06,+2.989E-09
+146.168000E-06,+201.005023709E-03
+146.176000E-06,+2.989E-09
+146.184000E-06,+0.0E+00
+146.192000E-06,+0.0E+00
+146.200000E-06,+0.0E+00
+146.208000E-06,+0.0E+00
+146.216000E-06,+0.0E+00
+146.224000E-06,+201.005023706E-03
+146.232000E-06,+201.005026698E-03
+146.240000E-06,+201.005026698E-03
+146.248000E-06,+2.992E-09
+146.256000E-06,+0.0E+00
+146.264000E-06,+0.0E+00
+146.272000E-06,+0.0E+00
+146.280000E-06,+0.0E+00
+146.288000E-06,+201.005023704E-03
+146.296000E-06,+2.994E-09
+146.304000E-06,-201.005023703E-03
+146.312000E-06,-2.995E-09
+146.320000E-06,+201.005023703E-03
+146.328000E-06,+2.995E-09
+146.336000E-06,+0.0E+00
+146.344000E-06,+0.0E+00
+146.352000E-06,+0.0E+00
+146.360000E-06,+0.0E+00
+146.368000E-06,+0.0E+00
+146.376000E-06,+0.0E+00
+146.384000E-06,+0.0E+00
+146.392000E-06,+0.0E+00
+146.400000E-06,+0.0E+00
+146.408000E-06,+0.0E+00
+146.416000E-06,+0.0E+00
+146.424000E-06,+0.0E+00
+146.432000E-06,+201.005023700E-03
+146.440000E-06,+2.998E-09
+146.448000E-06,+0.0E+00
+146.456000E-06,+0.0E+00
+146.464000E-06,+0.0E+00
+146.472000E-06,+0.0E+00
+146.480000E-06,+0.0E+00
+146.488000E-06,+0.0E+00
+146.496000E-06,+0.0E+00
+146.504000E-06,+0.0E+00
+146.512000E-06,+0.0E+00
+146.520000E-06,+0.0E+00
+146.528000E-06,+201.005023697E-03
+146.536000E-06,+3.001E-09
+146.544000E-06,+201.005023697E-03
+146.552000E-06,+3.001E-09
+146.560000E-06,+0.0E+00
+146.568000E-06,+0.0E+00
+146.576000E-06,+0.0E+00
+146.584000E-06,+201.005023696E-03
+146.592000E-06,+3.004E-09
+146.600000E-06,+0.0E+00
+146.608000E-06,+0.0E+00
+146.616000E-06,+0.0E+00
+146.624000E-06,+0.0E+00
+146.632000E-06,+0.0E+00
+146.640000E-06,+0.0E+00
+146.648000E-06,+0.0E+00
+146.656000E-06,+0.0E+00
+146.664000E-06,+0.0E+00
+146.672000E-06,+0.0E+00
+146.680000E-06,+0.0E+00
+146.688000E-06,+0.0E+00
+146.696000E-06,+0.0E+00
+146.704000E-06,+201.005023691E-03
+146.712000E-06,+3.007E-09
+146.720000E-06,+0.0E+00
+146.728000E-06,+0.0E+00
+146.736000E-06,+0.0E+00
+146.744000E-06,+0.0E+00
+146.752000E-06,+0.0E+00
+146.760000E-06,+0.0E+00
+146.768000E-06,+0.0E+00
+146.776000E-06,+0.0E+00
+146.784000E-06,+0.0E+00
+146.792000E-06,+201.005023688E-03
+146.800000E-06,+3.010E-09
+146.808000E-06,+0.0E+00
+146.816000E-06,+201.005023688E-03
+146.824000E-06,+3.010E-09
+146.832000E-06,+0.0E+00
+146.840000E-06,-201.005023688E-03
+146.848000E-06,-3.010E-09
+146.856000E-06,+0.0E+00
+146.864000E-06,+0.0E+00
+146.872000E-06,+0.0E+00
+146.880000E-06,+0.0E+00
+146.888000E-06,+0.0E+00
+146.896000E-06,-201.005023685E-03
+146.904000E-06,+201.005020673E-03
+146.912000E-06,+201.005026698E-03
+146.920000E-06,+3.013E-09
+146.928000E-06,+0.0E+00
+146.936000E-06,+0.0E+00
+146.944000E-06,+0.0E+00
+146.952000E-06,+0.0E+00
+146.960000E-06,+0.0E+00
+146.968000E-06,+0.0E+00
+146.976000E-06,+0.0E+00
+146.984000E-06,+0.0E+00
+146.992000E-06,+0.0E+00
+147.000000E-06,+0.0E+00
+147.008000E-06,+0.0E+00
+147.016000E-06,+0.0E+00
+147.024000E-06,+0.0E+00
+147.032000E-06,+0.0E+00
+147.040000E-06,+201.005023682E-03
+147.048000E-06,+3.016E-09
+147.056000E-06,+201.005023681E-03
+147.064000E-06,+3.017E-09
+147.072000E-06,+0.0E+00
+147.080000E-06,+0.0E+00
+147.088000E-06,+0.0E+00
+147.096000E-06,+0.0E+00
+147.104000E-06,+0.0E+00
+147.112000E-06,+0.0E+00
+147.120000E-06,+0.0E+00
+147.128000E-06,+0.0E+00
+147.136000E-06,+0.0E+00
+147.144000E-06,-201.005023680E-03
+147.152000E-06,-3.020E-09
+147.160000E-06,+0.0E+00
+147.168000E-06,+0.0E+00
+147.176000E-06,+0.0E+00
+147.184000E-06,+0.0E+00
+147.192000E-06,+0.0E+00
+147.200000E-06,+0.0E+00
+147.208000E-06,+0.0E+00
+147.216000E-06,+0.0E+00
+147.224000E-06,+0.0E+00
+147.232000E-06,+0.0E+00
+147.240000E-06,+0.0E+00
+147.248000E-06,+0.0E+00
+147.256000E-06,+0.0E+00
+147.264000E-06,+0.0E+00
+147.272000E-06,+0.0E+00
+147.280000E-06,+0.0E+00
+147.288000E-06,+0.0E+00
+147.296000E-06,+0.0E+00
+147.304000E-06,-201.005023674E-03
+147.312000E-06,-3.024E-09
+147.320000E-06,+0.0E+00
+147.328000E-06,+0.0E+00
+147.336000E-06,+0.0E+00
+147.344000E-06,+0.0E+00
+147.352000E-06,+0.0E+00
+147.360000E-06,-201.005023672E-03
+147.368000E-06,-3.026E-09
+147.376000E-06,+0.0E+00
+147.384000E-06,+0.0E+00
+147.392000E-06,+0.0E+00
+147.400000E-06,+0.0E+00
+147.408000E-06,+0.0E+00
+147.416000E-06,+0.0E+00
+147.424000E-06,+0.0E+00
+147.432000E-06,+0.0E+00
+147.440000E-06,+0.0E+00
+147.448000E-06,+0.0E+00
+147.456000E-06,+0.0E+00
+147.464000E-06,+0.0E+00
+147.472000E-06,+0.0E+00
+147.480000E-06,+0.0E+00
+147.488000E-06,+0.0E+00
+147.496000E-06,+0.0E+00
+147.504000E-06,+0.0E+00
+147.512000E-06,+0.0E+00
+147.520000E-06,+0.0E+00
+147.528000E-06,+0.0E+00
+147.536000E-06,+0.0E+00
+147.544000E-06,+0.0E+00
+147.552000E-06,+0.0E+00
+147.560000E-06,+0.0E+00
+147.568000E-06,+0.0E+00
+147.576000E-06,+0.0E+00
+147.584000E-06,+0.0E+00
+147.592000E-06,+0.0E+00
+147.600000E-06,+0.0E+00
+147.608000E-06,+0.0E+00
+147.616000E-06,-201.005023665E-03
+147.624000E-06,-3.033E-09
+147.632000E-06,+0.0E+00
+147.640000E-06,+0.0E+00
+147.648000E-06,+0.0E+00
+147.656000E-06,+0.0E+00
+147.664000E-06,+0.0E+00
+147.672000E-06,+0.0E+00
+147.680000E-06,+0.0E+00
+147.688000E-06,+0.0E+00
+147.696000E-06,+0.0E+00
+147.704000E-06,+0.0E+00
+147.712000E-06,+0.0E+00
+147.720000E-06,-201.005023662E-03
+147.728000E-06,-201.005026698E-03
+147.736000E-06,-3.038E-09
+147.744000E-06,+0.0E+00
+147.752000E-06,-201.005023660E-03
+147.760000E-06,-3.039E-09
+147.768000E-06,+0.0E+00
+147.776000E-06,-201.005023659E-03
+147.784000E-06,-3.039E-09
+147.792000E-06,+0.0E+00
+147.800000E-06,+0.0E+00
+147.808000E-06,-201.005023659E-03
+147.816000E-06,-3.039E-09
+147.824000E-06,+0.0E+00
+147.832000E-06,+0.0E+00
+147.840000E-06,+0.0E+00
+147.848000E-06,+0.0E+00
+147.856000E-06,+0.0E+00
+147.864000E-06,+0.0E+00
+147.872000E-06,+0.0E+00
+147.880000E-06,+0.0E+00
+147.888000E-06,+0.0E+00
+147.896000E-06,-201.005023656E-03
+147.904000E-06,-3.042E-09
+147.912000E-06,+0.0E+00
+147.920000E-06,+0.0E+00
+147.928000E-06,+0.0E+00
+147.936000E-06,+0.0E+00
+147.944000E-06,+0.0E+00
+147.952000E-06,+0.0E+00
+147.960000E-06,+0.0E+00
+147.968000E-06,-201.005023653E-03
+147.976000E-06,-3.045E-09
+147.984000E-06,+0.0E+00
+147.992000E-06,+0.0E+00
+148.000000E-06,+0.0E+00
+148.008000E-06,+0.0E+00
+148.016000E-06,+0.0E+00
+148.024000E-06,+0.0E+00
+148.032000E-06,+0.0E+00
+148.040000E-06,+0.0E+00
+148.048000E-06,+0.0E+00
+148.056000E-06,+0.0E+00
+148.064000E-06,+0.0E+00
+148.072000E-06,+0.0E+00
+148.080000E-06,+0.0E+00
+148.088000E-06,+0.0E+00
+148.096000E-06,+0.0E+00
+148.104000E-06,+0.0E+00
+148.112000E-06,+0.0E+00
+148.120000E-06,+0.0E+00
+148.128000E-06,+0.0E+00
+148.136000E-06,+0.0E+00
+148.144000E-06,-201.005023649E-03
+148.152000E-06,-201.005026698E-03
+148.160000E-06,-3.051E-09
+148.168000E-06,+0.0E+00
+148.176000E-06,+0.0E+00
+148.184000E-06,+0.0E+00
+148.192000E-06,-201.005023647E-03
+148.200000E-06,-3.051E-09
+148.208000E-06,+0.0E+00
+148.216000E-06,+0.0E+00
+148.224000E-06,+0.0E+00
+148.232000E-06,+0.0E+00
+148.240000E-06,+0.0E+00
+148.248000E-06,+0.0E+00
+148.256000E-06,+0.0E+00
+148.264000E-06,+0.0E+00
+148.272000E-06,+0.0E+00
+148.280000E-06,+0.0E+00
+148.288000E-06,+0.0E+00
+148.296000E-06,+0.0E+00
+148.304000E-06,+0.0E+00
+148.312000E-06,+0.0E+00
+148.320000E-06,+0.0E+00
+148.328000E-06,-201.005023643E-03
+148.336000E-06,-201.005026698E-03
+148.344000E-06,-3.057E-09
+148.352000E-06,+0.0E+00
+148.360000E-06,+0.0E+00
+148.368000E-06,+0.0E+00
+148.376000E-06,+0.0E+00
+148.384000E-06,+0.0E+00
+148.392000E-06,+0.0E+00
+148.400000E-06,+0.0E+00
+148.408000E-06,+0.0E+00
+148.416000E-06,-201.005023641E-03
+148.424000E-06,-3.058E-09
+148.432000E-06,+0.0E+00
+148.440000E-06,-201.005023640E-03
+148.448000E-06,-3.060E-09
+148.456000E-06,-201.005023639E-03
+148.464000E-06,-3.060E-09
+148.472000E-06,+0.0E+00
+148.480000E-06,+0.0E+00
+148.488000E-06,+0.0E+00
+148.496000E-06,+0.0E+00
+148.504000E-06,+0.0E+00
+148.512000E-06,+0.0E+00
+148.520000E-06,+0.0E+00
+148.528000E-06,+0.0E+00
+148.536000E-06,-201.005023637E-03
+148.544000E-06,-3.062E-09
+148.552000E-06,+0.0E+00
+148.560000E-06,+0.0E+00
+148.568000E-06,+0.0E+00
+148.576000E-06,+0.0E+00
+148.584000E-06,+0.0E+00
+148.592000E-06,-201.005023636E-03
+148.600000E-06,-201.005026698E-03
+148.608000E-06,-3.062E-09
+148.616000E-06,-201.005023634E-03
+148.624000E-06,-3.064E-09
+148.632000E-06,-201.005023634E-03
+148.640000E-06,-3.065E-09
+148.648000E-06,+0.0E+00
+148.656000E-06,+0.0E+00
+148.664000E-06,+0.0E+00
+148.672000E-06,-201.005023633E-03
+148.680000E-06,-201.005026698E-03
+148.688000E-06,-3.065E-09
+148.696000E-06,+0.0E+00
+148.704000E-06,+0.0E+00
+148.712000E-06,+0.0E+00
+148.720000E-06,+0.0E+00
+148.728000E-06,+0.0E+00
+148.736000E-06,+0.0E+00
+148.744000E-06,-201.005023630E-03
+148.752000E-06,-201.005026698E-03
+148.760000E-06,-3.068E-09
+148.768000E-06,-201.005023630E-03
+148.776000E-06,-3.068E-09
+148.784000E-06,+0.0E+00
+148.792000E-06,+0.0E+00
+148.800000E-06,+0.0E+00
+148.808000E-06,-201.005023628E-03
+148.816000E-06,-3.070E-09
+148.824000E-06,+0.0E+00
+148.832000E-06,+0.0E+00
+148.840000E-06,+0.0E+00
+148.848000E-06,+0.0E+00
+148.856000E-06,-201.005023627E-03
+148.864000E-06,-3.071E-09
+148.872000E-06,+0.0E+00
+148.880000E-06,+0.0E+00
+148.888000E-06,-201.005023627E-03
+148.896000E-06,-201.005026698E-03
+148.904000E-06,-201.005026698E-03
+148.912000E-06,-3.073E-09
+148.920000E-06,+0.0E+00
+148.928000E-06,-201.005023624E-03
+148.936000E-06,-3.074E-09
+148.944000E-06,+0.0E+00
+148.952000E-06,+0.0E+00
+148.960000E-06,+0.0E+00
+148.968000E-06,+0.0E+00
+148.976000E-06,+0.0E+00
+148.984000E-06,+0.0E+00
+148.992000E-06,+0.0E+00
+149.000000E-06,+0.0E+00
+149.008000E-06,+0.0E+00
+149.016000E-06,-201.005023622E-03
+149.024000E-06,-201.005026698E-03
+149.032000E-06,-3.077E-09
+149.040000E-06,-201.005023621E-03
+149.048000E-06,-3.077E-09
+149.056000E-06,+0.0E+00
+149.064000E-06,+0.0E+00
+149.072000E-06,+0.0E+00
+149.080000E-06,+0.0E+00
+149.088000E-06,+0.0E+00
+149.096000E-06,+0.0E+00
+149.104000E-06,+0.0E+00
+149.112000E-06,+0.0E+00
+149.120000E-06,+0.0E+00
+149.128000E-06,+0.0E+00
+149.136000E-06,+0.0E+00
+149.144000E-06,-201.005023618E-03
+149.152000E-06,-3.080E-09
+149.160000E-06,+0.0E+00
+149.168000E-06,+0.0E+00
+149.176000E-06,+0.0E+00
+149.184000E-06,-201.005023618E-03
+149.192000E-06,-201.005026698E-03
+149.200000E-06,-3.081E-09
+149.208000E-06,+0.0E+00
+149.216000E-06,+0.0E+00
+149.224000E-06,+0.0E+00
+149.232000E-06,+0.0E+00
+149.240000E-06,+0.0E+00
+149.248000E-06,+0.0E+00
+149.256000E-06,+0.0E+00
+149.264000E-06,+0.0E+00
+149.272000E-06,-201.005023615E-03
+149.280000E-06,-3.083E-09
+149.288000E-06,+0.0E+00
+149.296000E-06,+0.0E+00
+149.304000E-06,+0.0E+00
+149.312000E-06,+0.0E+00
+149.320000E-06,+0.0E+00
+149.328000E-06,-201.005023612E-03
+149.336000E-06,-3.086E-09
+149.344000E-06,+0.0E+00
+149.352000E-06,+0.0E+00
+149.360000E-06,+0.0E+00
+149.368000E-06,+0.0E+00
+149.376000E-06,+0.0E+00
+149.384000E-06,-201.005023612E-03
+149.392000E-06,-3.087E-09
+149.400000E-06,+0.0E+00
+149.408000E-06,+0.0E+00
+149.416000E-06,+0.0E+00
+149.424000E-06,+0.0E+00
+149.432000E-06,+0.0E+00
+149.440000E-06,-201.005023609E-03
+149.448000E-06,-201.005026698E-03
+149.456000E-06,-3.089E-09
+149.464000E-06,+0.0E+00
+149.472000E-06,-201.005023609E-03
+149.480000E-06,-3.089E-09
+149.488000E-06,+0.0E+00
+149.496000E-06,+0.0E+00
+149.504000E-06,+0.0E+00
+149.512000E-06,+0.0E+00
+149.520000E-06,+0.0E+00
+149.528000E-06,-201.005023606E-03
+149.536000E-06,-3.092E-09
+149.544000E-06,+0.0E+00
+149.552000E-06,+0.0E+00
+149.560000E-06,+0.0E+00
+149.568000E-06,-201.005023606E-03
+149.576000E-06,-201.005026698E-03
+149.584000E-06,-3.092E-09
+149.592000E-06,+0.0E+00
+149.600000E-06,+0.0E+00
+149.608000E-06,-201.005023605E-03
+149.616000E-06,-3.095E-09
+149.624000E-06,+0.0E+00
+149.632000E-06,+0.0E+00
+149.640000E-06,+0.0E+00
+149.648000E-06,+0.0E+00
+149.656000E-06,+0.0E+00
+149.664000E-06,+0.0E+00
+149.672000E-06,-201.005023603E-03
+149.680000E-06,-3.095E-09
+149.688000E-06,+0.0E+00
+149.696000E-06,-201.005023602E-03
+149.704000E-06,-3.096E-09
+149.712000E-06,+0.0E+00
+149.720000E-06,+0.0E+00
+149.728000E-06,+0.0E+00
+149.736000E-06,+0.0E+00
+149.744000E-06,+0.0E+00
+149.752000E-06,+0.0E+00
+149.760000E-06,+0.0E+00
+149.768000E-06,+0.0E+00
+149.776000E-06,-201.005023601E-03
+149.784000E-06,-201.005026698E-03
+149.792000E-06,-3.099E-09
+149.800000E-06,+0.0E+00
+149.808000E-06,+0.0E+00
+149.816000E-06,+0.0E+00
+149.824000E-06,-201.005023598E-03
+149.832000E-06,-3.101E-09
+149.840000E-06,+0.0E+00
+149.848000E-06,+0.0E+00
+149.856000E-06,+0.0E+00
+149.864000E-06,+0.0E+00
+149.872000E-06,+0.0E+00
+149.880000E-06,+0.0E+00
+149.888000E-06,+0.0E+00
+149.896000E-06,+0.0E+00
+149.904000E-06,+0.0E+00
+149.912000E-06,+0.0E+00
+149.920000E-06,+0.0E+00
+149.928000E-06,+0.0E+00
+149.936000E-06,-201.005023595E-03
+149.944000E-06,-3.103E-09
+149.952000E-06,+0.0E+00
+149.960000E-06,+0.0E+00
+149.968000E-06,+0.0E+00
+149.976000E-06,+0.0E+00
+149.984000E-06,-201.005023593E-03
+149.992000E-06,-3.105E-09
+150.000000E-06,+0.0E+00
+150.008000E-06,+0.0E+00
+150.016000E-06,+0.0E+00
+150.024000E-06,+0.0E+00
+150.032000E-06,+0.0E+00
+150.040000E-06,+0.0E+00
+150.048000E-06,+0.0E+00
+150.056000E-06,+0.0E+00
+150.064000E-06,+0.0E+00
+150.072000E-06,+0.0E+00
+150.080000E-06,-201.005023590E-03
+150.088000E-06,-3.108E-09
+150.096000E-06,+0.0E+00
+150.104000E-06,+0.0E+00
+150.112000E-06,+0.0E+00
+150.120000E-06,+0.0E+00
+150.128000E-06,+0.0E+00
+150.136000E-06,+0.0E+00
+150.144000E-06,+0.0E+00
+150.152000E-06,+0.0E+00
+150.160000E-06,+0.0E+00
+150.168000E-06,+0.0E+00
+150.176000E-06,-201.005023587E-03
+150.184000E-06,-3.111E-09
+150.192000E-06,+0.0E+00
+150.200000E-06,-201.005023586E-03
+150.208000E-06,-3.112E-09
+150.216000E-06,+0.0E+00
+150.224000E-06,+0.0E+00
+150.232000E-06,+0.0E+00
+150.240000E-06,-201.005023586E-03
+150.248000E-06,-3.112E-09
+150.256000E-06,+0.0E+00
+150.264000E-06,+0.0E+00
+150.272000E-06,-201.005023584E-03
+150.280000E-06,-201.005026698E-03
+150.288000E-06,-201.005026698E-03
+150.296000E-06,-3.115E-09
+150.304000E-06,+0.0E+00
+150.312000E-06,+0.0E+00
+150.320000E-06,+0.0E+00
+150.328000E-06,+0.0E+00
+150.336000E-06,+0.0E+00
+150.344000E-06,+0.0E+00
+150.352000E-06,+0.0E+00
+150.360000E-06,+0.0E+00
+150.368000E-06,+0.0E+00
+150.376000E-06,+0.0E+00
+150.384000E-06,+0.0E+00
+150.392000E-06,+0.0E+00
+150.400000E-06,-201.005023580E-03
+150.408000E-06,-3.118E-09
+150.416000E-06,+0.0E+00
+150.424000E-06,+0.0E+00
+150.432000E-06,+0.0E+00
+150.440000E-06,+0.0E+00
+150.448000E-06,-201.005023580E-03
+150.456000E-06,-3.118E-09
+150.464000E-06,-201.005023579E-03
+150.472000E-06,-3.120E-09
+150.480000E-06,+0.0E+00
+150.488000E-06,+0.0E+00
+150.496000E-06,+0.0E+00
+150.504000E-06,+0.0E+00
+150.512000E-06,+0.0E+00
+150.520000E-06,+201.005023577E-03
+150.528000E-06,+3.121E-09
+150.536000E-06,+0.0E+00
+150.544000E-06,+0.0E+00
+150.552000E-06,+0.0E+00
+150.560000E-06,+0.0E+00
+150.568000E-06,+0.0E+00
+150.576000E-06,+0.0E+00
+150.584000E-06,+0.0E+00
+150.592000E-06,+0.0E+00
+150.600000E-06,+0.0E+00
+150.608000E-06,-201.005023574E-03
+150.616000E-06,-3.124E-09
+150.624000E-06,+0.0E+00
+150.632000E-06,+0.0E+00
+150.640000E-06,+0.0E+00
+150.648000E-06,+0.0E+00
+150.656000E-06,+0.0E+00
+150.664000E-06,+0.0E+00
+150.672000E-06,+0.0E+00
+150.680000E-06,-201.005023573E-03
+150.688000E-06,-3.127E-09
+150.696000E-06,+0.0E+00
+150.704000E-06,+0.0E+00
+150.712000E-06,+0.0E+00
+150.720000E-06,+0.0E+00
+150.728000E-06,-201.005023571E-03
+150.736000E-06,-3.127E-09
+150.744000E-06,+0.0E+00
+150.752000E-06,+0.0E+00
+150.760000E-06,+0.0E+00
+150.768000E-06,+0.0E+00
+150.776000E-06,+0.0E+00
+150.784000E-06,+0.0E+00
+150.792000E-06,+0.0E+00
+150.800000E-06,+0.0E+00
+150.808000E-06,+0.0E+00
+150.816000E-06,+0.0E+00
+150.824000E-06,+0.0E+00
+150.832000E-06,+0.0E+00
+150.840000E-06,+0.0E+00
+150.848000E-06,-201.005023568E-03
+150.856000E-06,-3.131E-09
+150.864000E-06,+0.0E+00
+150.872000E-06,+0.0E+00
+150.880000E-06,+0.0E+00
+150.888000E-06,+0.0E+00
+150.896000E-06,+0.0E+00
+150.904000E-06,+0.0E+00
+150.912000E-06,+0.0E+00
+150.920000E-06,+0.0E+00
+150.928000E-06,-201.005023565E-03
+150.936000E-06,-3.133E-09
+150.944000E-06,+0.0E+00
+150.952000E-06,+0.0E+00
+150.960000E-06,-201.005023564E-03
+150.968000E-06,-3.134E-09
+150.976000E-06,+0.0E+00
+150.984000E-06,+0.0E+00
+150.992000E-06,+0.0E+00
+151.000000E-06,+0.0E+00
+151.008000E-06,+0.0E+00
+151.016000E-06,+0.0E+00
+151.024000E-06,+0.0E+00
+151.032000E-06,+0.0E+00
+151.040000E-06,+201.005023563E-03
+151.048000E-06,+3.137E-09
+151.056000E-06,+0.0E+00
+151.064000E-06,+0.0E+00
+151.072000E-06,+0.0E+00
+151.080000E-06,+0.0E+00
+151.088000E-06,+0.0E+00
+151.096000E-06,+0.0E+00
+151.104000E-06,+0.0E+00
+151.112000E-06,+0.0E+00
+151.120000E-06,-201.005023560E-03
+151.128000E-06,-3.139E-09
+151.136000E-06,+0.0E+00
+151.144000E-06,+0.0E+00
+151.152000E-06,+0.0E+00
+151.160000E-06,+0.0E+00
+151.168000E-06,-201.005023557E-03
+151.176000E-06,-3.141E-09
+151.184000E-06,-201.005023557E-03
+151.192000E-06,-3.141E-09
+151.200000E-06,+0.0E+00
+151.208000E-06,-201.005023557E-03
+151.216000E-06,-3.141E-09
+151.224000E-06,+0.0E+00
+151.232000E-06,+0.0E+00
+151.240000E-06,+0.0E+00
+151.248000E-06,-201.005023555E-03
+151.256000E-06,-3.143E-09
+151.264000E-06,+0.0E+00
+151.272000E-06,+0.0E+00
+151.280000E-06,+0.0E+00
+151.288000E-06,+0.0E+00
+151.296000E-06,+0.0E+00
+151.304000E-06,+0.0E+00
+151.312000E-06,+0.0E+00
+151.320000E-06,+0.0E+00
+151.328000E-06,+0.0E+00
+151.336000E-06,+0.0E+00
+151.344000E-06,+0.0E+00
+151.352000E-06,+0.0E+00
+151.360000E-06,+0.0E+00
+151.368000E-06,+0.0E+00
+151.376000E-06,+0.0E+00
+151.384000E-06,+0.0E+00
+151.392000E-06,+0.0E+00
+151.400000E-06,+0.0E+00
+151.408000E-06,+0.0E+00
+151.416000E-06,+0.0E+00
+151.424000E-06,-201.005023551E-03
+151.432000E-06,-3.147E-09
+151.440000E-06,+0.0E+00
+151.448000E-06,+0.0E+00
+151.456000E-06,-201.005023549E-03
+151.464000E-06,-3.150E-09
+151.472000E-06,+0.0E+00
+151.480000E-06,+0.0E+00
+151.488000E-06,+0.0E+00
+151.496000E-06,+0.0E+00
+151.504000E-06,+0.0E+00
+151.512000E-06,+0.0E+00
+151.520000E-06,+0.0E+00
+151.528000E-06,+0.0E+00
+151.536000E-06,+0.0E+00
+151.544000E-06,+0.0E+00
+151.552000E-06,+0.0E+00
+151.560000E-06,+0.0E+00
+151.568000E-06,+0.0E+00
+151.576000E-06,+0.0E+00
+151.584000E-06,+0.0E+00
+151.592000E-06,+0.0E+00
+151.600000E-06,+0.0E+00
+151.608000E-06,+0.0E+00
+151.616000E-06,-201.005023545E-03
+151.624000E-06,-3.153E-09
+151.632000E-06,+0.0E+00
+151.640000E-06,+0.0E+00
+151.648000E-06,+0.0E+00
+151.656000E-06,+0.0E+00
+151.664000E-06,+0.0E+00
+151.672000E-06,+201.005023542E-03
+151.680000E-06,+3.156E-09
+151.688000E-06,+0.0E+00
+151.696000E-06,+0.0E+00
+151.704000E-06,+0.0E+00
+151.712000E-06,-201.005023542E-03
+151.720000E-06,-3.156E-09
+151.728000E-06,+0.0E+00
+151.736000E-06,-201.005023541E-03
+151.744000E-06,-3.158E-09
+151.752000E-06,+0.0E+00
+151.760000E-06,+0.0E+00
+151.768000E-06,+0.0E+00
+151.776000E-06,-201.005023539E-03
+151.784000E-06,-3.159E-09
+151.792000E-06,+0.0E+00
+151.800000E-06,-201.005023539E-03
+151.808000E-06,-3.159E-09
+151.816000E-06,+0.0E+00
+151.824000E-06,+0.0E+00
+151.832000E-06,+0.0E+00
+151.840000E-06,+0.0E+00
+151.848000E-06,+0.0E+00
+151.856000E-06,+0.0E+00
+151.864000E-06,+0.0E+00
+151.872000E-06,+0.0E+00
+151.880000E-06,+0.0E+00
+151.888000E-06,-201.005023536E-03
+151.896000E-06,-3.162E-09
+151.904000E-06,+0.0E+00
+151.912000E-06,+0.0E+00
+151.920000E-06,+0.0E+00
+151.928000E-06,+0.0E+00
+151.936000E-06,+0.0E+00
+151.944000E-06,+0.0E+00
+151.952000E-06,+0.0E+00
+151.960000E-06,+0.0E+00
+151.968000E-06,+0.0E+00
+151.976000E-06,+0.0E+00
+151.984000E-06,-201.005023533E-03
+151.992000E-06,-201.005026698E-03
+152.000000E-06,-201.005026698E-03
+152.008000E-06,-3.165E-09
+152.016000E-06,+0.0E+00
+152.024000E-06,+0.0E+00
+152.032000E-06,+0.0E+00
+152.040000E-06,+0.0E+00
+152.048000E-06,-201.005023530E-03
+152.056000E-06,-3.168E-09
+152.064000E-06,+0.0E+00
+152.072000E-06,+0.0E+00
+152.080000E-06,+0.0E+00
+152.088000E-06,+0.0E+00
+152.096000E-06,+0.0E+00
+152.104000E-06,+0.0E+00
+152.112000E-06,-201.005023530E-03
+152.120000E-06,-3.169E-09
+152.128000E-06,+0.0E+00
+152.136000E-06,+0.0E+00
+152.144000E-06,+0.0E+00
+152.152000E-06,+0.0E+00
+152.160000E-06,+0.0E+00
+152.168000E-06,+0.0E+00
+152.176000E-06,+0.0E+00
+152.184000E-06,+0.0E+00
+152.192000E-06,+0.0E+00
+152.200000E-06,+0.0E+00
+152.208000E-06,+0.0E+00
+152.216000E-06,+0.0E+00
+152.224000E-06,+0.0E+00
+152.232000E-06,+0.0E+00
+152.240000E-06,+0.0E+00
+152.248000E-06,+0.0E+00
+152.256000E-06,+0.0E+00
+152.264000E-06,+0.0E+00
+152.272000E-06,+0.0E+00
+152.280000E-06,+0.0E+00
+152.288000E-06,+0.0E+00
+152.296000E-06,+0.0E+00
+152.304000E-06,+0.0E+00
+152.312000E-06,+0.0E+00
+152.320000E-06,+0.0E+00
+152.328000E-06,+0.0E+00
+152.336000E-06,-201.005023523E-03
+152.344000E-06,-3.177E-09
+152.352000E-06,+0.0E+00
+152.360000E-06,+0.0E+00
+152.368000E-06,+0.0E+00
+152.376000E-06,+0.0E+00
+152.384000E-06,+0.0E+00
+152.392000E-06,+0.0E+00
+152.400000E-06,+0.0E+00
+152.408000E-06,+0.0E+00
+152.416000E-06,+0.0E+00
+152.424000E-06,+0.0E+00
+152.432000E-06,+0.0E+00
+152.440000E-06,+0.0E+00
+152.448000E-06,-201.005023519E-03
+152.456000E-06,-3.179E-09
+152.464000E-06,-201.005023519E-03
+152.472000E-06,-201.005026698E-03
+152.480000E-06,-3.179E-09
+152.488000E-06,+0.0E+00
+152.496000E-06,+0.0E+00
+152.504000E-06,+0.0E+00
+152.512000E-06,+0.0E+00
+152.520000E-06,+0.0E+00
+152.528000E-06,-201.005023517E-03
+152.536000E-06,-3.182E-09
+152.544000E-06,+0.0E+00
+152.552000E-06,+0.0E+00
+152.560000E-06,+0.0E+00
+152.568000E-06,+0.0E+00
+152.576000E-06,+0.0E+00
+152.584000E-06,+0.0E+00
+152.592000E-06,+0.0E+00
+152.600000E-06,+0.0E+00
+152.608000E-06,+0.0E+00
+152.616000E-06,+0.0E+00
+152.624000E-06,+0.0E+00
+152.632000E-06,-201.005023513E-03
+152.640000E-06,-3.185E-09
+152.648000E-06,+0.0E+00
+152.656000E-06,+0.0E+00
+152.664000E-06,+0.0E+00
+152.672000E-06,+0.0E+00
+152.680000E-06,+0.0E+00
+152.688000E-06,+0.0E+00
+152.696000E-06,+0.0E+00
+152.704000E-06,-201.005023511E-03
+152.712000E-06,-3.187E-09
+152.720000E-06,+0.0E+00
+152.728000E-06,+0.0E+00
+152.736000E-06,+0.0E+00
+152.744000E-06,+0.0E+00
+152.752000E-06,+0.0E+00
+152.760000E-06,+0.0E+00
+152.768000E-06,+0.0E+00
+152.776000E-06,+0.0E+00
+152.784000E-06,+0.0E+00
+152.792000E-06,+0.0E+00
+152.800000E-06,+0.0E+00
+152.808000E-06,+0.0E+00
+152.816000E-06,+0.0E+00
+152.824000E-06,+0.0E+00
+152.832000E-06,+0.0E+00
+152.840000E-06,+0.0E+00
+152.848000E-06,+0.0E+00
+152.856000E-06,+0.0E+00
+152.864000E-06,+0.0E+00
+152.872000E-06,+0.0E+00
+152.880000E-06,-201.005023507E-03
+152.888000E-06,-3.191E-09
+152.896000E-06,+0.0E+00
+152.904000E-06,+0.0E+00
+152.912000E-06,+0.0E+00
+152.920000E-06,+0.0E+00
+152.928000E-06,+0.0E+00
+152.936000E-06,+0.0E+00
+152.944000E-06,+0.0E+00
+152.952000E-06,-201.005023504E-03
+152.960000E-06,-3.194E-09
+152.968000E-06,+0.0E+00
+152.976000E-06,+0.0E+00
+152.984000E-06,+0.0E+00
+152.992000E-06,+0.0E+00
+153.000000E-06,+0.0E+00
+153.008000E-06,+0.0E+00
+153.016000E-06,+0.0E+00
+153.024000E-06,+0.0E+00
+153.032000E-06,+0.0E+00
+153.040000E-06,+0.0E+00
+153.048000E-06,+0.0E+00
+153.056000E-06,+0.0E+00
+153.064000E-06,+0.0E+00
+153.072000E-06,-201.005023501E-03
+153.080000E-06,-3.197E-09
+153.088000E-06,+0.0E+00
+153.096000E-06,+0.0E+00
+153.104000E-06,+0.0E+00
+153.112000E-06,+0.0E+00
+153.120000E-06,+0.0E+00
+153.128000E-06,+0.0E+00
+153.136000E-06,+0.0E+00
+153.144000E-06,+0.0E+00
+153.152000E-06,+0.0E+00
+153.160000E-06,+0.0E+00
+153.168000E-06,+0.0E+00
+153.176000E-06,+0.0E+00
+153.184000E-06,-201.005023498E-03
+153.192000E-06,-3.201E-09
+153.200000E-06,+0.0E+00
+153.208000E-06,+0.0E+00
+153.216000E-06,+0.0E+00
+153.224000E-06,+0.0E+00
+153.232000E-06,-201.005023495E-03
+153.240000E-06,-3.203E-09
+153.248000E-06,+0.0E+00
+153.256000E-06,+0.0E+00
+153.264000E-06,+0.0E+00
+153.272000E-06,+0.0E+00
+153.280000E-06,+0.0E+00
+153.288000E-06,+0.0E+00
+153.296000E-06,+0.0E+00
+153.304000E-06,-201.005023494E-03
+153.312000E-06,-3.206E-09
+153.320000E-06,+0.0E+00
+153.328000E-06,-201.005023492E-03
+153.336000E-06,-201.005026698E-03
+153.344000E-06,-3.206E-09
+153.352000E-06,-201.005023492E-03
+153.360000E-06,-3.206E-09
+153.368000E-06,+0.0E+00
+153.376000E-06,+0.0E+00
+153.384000E-06,+0.0E+00
+153.392000E-06,+0.0E+00
+153.400000E-06,+0.0E+00
+153.408000E-06,+0.0E+00
+153.416000E-06,+0.0E+00
+153.424000E-06,-201.005023489E-03
+153.432000E-06,-3.209E-09
+153.440000E-06,+0.0E+00
+153.448000E-06,+0.0E+00
+153.456000E-06,-201.005023489E-03
+153.464000E-06,+201.005020281E-03
+153.472000E-06,+3.209E-09
+153.480000E-06,+0.0E+00
+153.488000E-06,-201.005023488E-03
+153.496000E-06,-3.210E-09
+153.504000E-06,+0.0E+00
+153.512000E-06,+0.0E+00
+153.520000E-06,-201.005023486E-03
+153.528000E-06,-201.005026698E-03
+153.536000E-06,+201.005020275E-03
+153.544000E-06,-201.005020275E-03
+153.552000E-06,-3.212E-09
+153.560000E-06,+0.0E+00
+153.568000E-06,+0.0E+00
+153.576000E-06,+0.0E+00
+153.584000E-06,+0.0E+00
+153.592000E-06,+0.0E+00
+153.600000E-06,+0.0E+00
+153.608000E-06,+0.0E+00
+153.616000E-06,+0.0E+00
+153.624000E-06,+0.0E+00
+153.632000E-06,+0.0E+00
+153.640000E-06,+0.0E+00
+153.648000E-06,+0.0E+00
+153.656000E-06,+0.0E+00
+153.664000E-06,+0.0E+00
+153.672000E-06,+0.0E+00
+153.680000E-06,+0.0E+00
+153.688000E-06,+0.0E+00
+153.696000E-06,+0.0E+00
+153.704000E-06,+0.0E+00
+153.712000E-06,-201.005023481E-03
+153.720000E-06,-3.218E-09
+153.728000E-06,+0.0E+00
+153.736000E-06,+0.0E+00
+153.744000E-06,+0.0E+00
+153.752000E-06,+0.0E+00
+153.760000E-06,+0.0E+00
+153.768000E-06,+0.0E+00
+153.776000E-06,+0.0E+00
+153.784000E-06,+0.0E+00
+153.792000E-06,+0.0E+00
+153.800000E-06,-201.005023478E-03
+153.808000E-06,-3.220E-09
+153.816000E-06,+0.0E+00
+153.824000E-06,+0.0E+00
+153.832000E-06,-201.005023478E-03
+153.840000E-06,-3.220E-09
+153.848000E-06,+0.0E+00
+153.856000E-06,+0.0E+00
+153.864000E-06,+0.0E+00
+153.872000E-06,+0.0E+00
+153.880000E-06,-201.005023476E-03
+153.888000E-06,-3.222E-09
+153.896000E-06,+0.0E+00
+153.904000E-06,+0.0E+00
+153.912000E-06,-201.005023475E-03
+153.920000E-06,-3.223E-09
+153.928000E-06,+0.0E+00
+153.936000E-06,+0.0E+00
+153.944000E-06,+0.0E+00
+153.952000E-06,+0.0E+00
+153.960000E-06,+0.0E+00
+153.968000E-06,+0.0E+00
+153.976000E-06,+0.0E+00
+153.984000E-06,+0.0E+00
+153.992000E-06,-201.005023473E-03
+154.000000E-06,-3.226E-09
+154.008000E-06,+0.0E+00
+154.016000E-06,+0.0E+00
+154.024000E-06,+0.0E+00
+154.032000E-06,+0.0E+00
+154.040000E-06,+0.0E+00
+154.048000E-06,+0.0E+00
+154.056000E-06,+0.0E+00
+154.064000E-06,+0.0E+00
+154.072000E-06,+0.0E+00
+154.080000E-06,+0.0E+00
+154.088000E-06,+0.0E+00
+154.096000E-06,+0.0E+00
+154.104000E-06,+0.0E+00
+154.112000E-06,+0.0E+00
+154.120000E-06,+201.005023469E-03
+154.128000E-06,+3.229E-09
+154.136000E-06,+0.0E+00
+154.144000E-06,+0.0E+00
+154.152000E-06,+0.0E+00
+154.160000E-06,+0.0E+00
+154.168000E-06,+0.0E+00
+154.176000E-06,+0.0E+00
+154.184000E-06,+0.0E+00
+154.192000E-06,+0.0E+00
+154.200000E-06,+0.0E+00
+154.208000E-06,+0.0E+00
+154.216000E-06,+0.0E+00
+154.224000E-06,+0.0E+00
+154.232000E-06,+0.0E+00
+154.240000E-06,-201.005023466E-03
+154.248000E-06,-3.232E-09
+154.256000E-06,+0.0E+00
+154.264000E-06,+0.0E+00
+154.272000E-06,+0.0E+00
+154.280000E-06,+0.0E+00
+154.288000E-06,+0.0E+00
+154.296000E-06,+0.0E+00
+154.304000E-06,+0.0E+00
+154.312000E-06,+0.0E+00
+154.320000E-06,+0.0E+00
+154.328000E-06,+0.0E+00
+154.336000E-06,+0.0E+00
+154.344000E-06,+0.0E+00
+154.352000E-06,+0.0E+00
+154.360000E-06,+0.0E+00
+154.368000E-06,+0.0E+00
+154.376000E-06,+0.0E+00
+154.384000E-06,+0.0E+00
+154.392000E-06,+0.0E+00
+154.400000E-06,+0.0E+00
+154.408000E-06,+0.0E+00
+154.416000E-06,+0.0E+00
+154.424000E-06,+0.0E+00
+154.432000E-06,+0.0E+00
+154.440000E-06,-201.005023460E-03
+154.448000E-06,-201.005026698E-03
+154.456000E-06,-3.239E-09
+154.464000E-06,+0.0E+00
+154.472000E-06,+0.0E+00
+154.480000E-06,-201.005023457E-03
+154.488000E-06,+201.005020216E-03
+154.496000E-06,+3.241E-09
+154.504000E-06,+0.0E+00
+154.512000E-06,+0.0E+00
+154.520000E-06,+0.0E+00
+154.528000E-06,-201.005023457E-03
+154.536000E-06,-3.241E-09
+154.544000E-06,+0.0E+00
+154.552000E-06,+0.0E+00
+154.560000E-06,+0.0E+00
+154.568000E-06,+0.0E+00
+154.576000E-06,+0.0E+00
+154.584000E-06,+0.0E+00
+154.592000E-06,+0.0E+00
+154.600000E-06,+0.0E+00
+154.608000E-06,+0.0E+00
+154.616000E-06,+0.0E+00
+154.624000E-06,+0.0E+00
+154.632000E-06,+0.0E+00
+154.640000E-06,+0.0E+00
+154.648000E-06,+0.0E+00
+154.656000E-06,+0.0E+00
+154.664000E-06,+0.0E+00
+154.672000E-06,+0.0E+00
+154.680000E-06,-201.005023451E-03
+154.688000E-06,-3.247E-09
+154.696000E-06,+0.0E+00
+154.704000E-06,+0.0E+00
+154.712000E-06,+0.0E+00
+154.720000E-06,+0.0E+00
+154.728000E-06,+0.0E+00
+154.736000E-06,-201.005023451E-03
+154.744000E-06,-3.247E-09
+154.752000E-06,+0.0E+00
+154.760000E-06,+0.0E+00
+154.768000E-06,+0.0E+00
+154.776000E-06,+0.0E+00
+154.784000E-06,+0.0E+00
+154.792000E-06,+0.0E+00
+154.800000E-06,-201.005023448E-03
+154.808000E-06,-3.250E-09
+154.816000E-06,+0.0E+00
+154.824000E-06,+0.0E+00
+154.832000E-06,+0.0E+00
+154.840000E-06,+0.0E+00
+154.848000E-06,+0.0E+00
+154.856000E-06,+0.0E+00
+154.864000E-06,+0.0E+00
+154.872000E-06,+0.0E+00
+154.880000E-06,+0.0E+00
+154.888000E-06,+0.0E+00
+154.896000E-06,-201.005023446E-03
+154.904000E-06,-3.253E-09
+154.912000E-06,-201.005023446E-03
+154.920000E-06,-3.253E-09
+154.928000E-06,+0.0E+00
+154.936000E-06,+0.0E+00
+154.944000E-06,+0.0E+00
+154.952000E-06,+0.0E+00
+154.960000E-06,+0.0E+00
+154.968000E-06,+0.0E+00
+154.976000E-06,+0.0E+00
+154.984000E-06,+0.0E+00
+154.992000E-06,+0.0E+00
+155.000000E-06,+0.0E+00
+155.008000E-06,+0.0E+00
+155.016000E-06,+0.0E+00
+155.024000E-06,+0.0E+00
+155.032000E-06,+0.0E+00
+155.040000E-06,+0.0E+00
+155.048000E-06,+0.0E+00
+155.056000E-06,+0.0E+00
+155.064000E-06,+0.0E+00
+155.072000E-06,+0.0E+00
+155.080000E-06,+0.0E+00
+155.088000E-06,+0.0E+00
+155.096000E-06,+0.0E+00
+155.104000E-06,+0.0E+00
+155.112000E-06,+0.0E+00
+155.120000E-06,+0.0E+00
+155.128000E-06,+0.0E+00
+155.136000E-06,+0.0E+00
+155.144000E-06,+0.0E+00
+155.152000E-06,+0.0E+00
+155.160000E-06,+0.0E+00
+155.168000E-06,-201.005023437E-03
+155.176000E-06,-3.261E-09
+155.184000E-06,+0.0E+00
+155.192000E-06,+0.0E+00
+155.200000E-06,+0.0E+00
+155.208000E-06,+0.0E+00
+155.216000E-06,-201.005023437E-03
+155.224000E-06,-3.261E-09
+155.232000E-06,+0.0E+00
+155.240000E-06,+0.0E+00
+155.248000E-06,+0.0E+00
+155.256000E-06,+0.0E+00
+155.264000E-06,+0.0E+00
+155.272000E-06,+0.0E+00
+155.280000E-06,+0.0E+00
+155.288000E-06,+0.0E+00
+155.296000E-06,+0.0E+00
+155.304000E-06,+0.0E+00
+155.312000E-06,+0.0E+00
+155.320000E-06,+0.0E+00
+155.328000E-06,+0.0E+00
+155.336000E-06,+0.0E+00
+155.344000E-06,+0.0E+00
+155.352000E-06,+0.0E+00
+155.360000E-06,+0.0E+00
+155.368000E-06,+0.0E+00
+155.376000E-06,+0.0E+00
+155.384000E-06,+0.0E+00
+155.392000E-06,+0.0E+00
+155.400000E-06,+0.0E+00
+155.408000E-06,+0.0E+00
+155.416000E-06,+0.0E+00
+155.424000E-06,-201.005023431E-03
+155.432000E-06,-3.269E-09
+155.440000E-06,+0.0E+00
+155.448000E-06,+0.0E+00
+155.456000E-06,+0.0E+00
+155.464000E-06,+0.0E+00
+155.472000E-06,+0.0E+00
+155.480000E-06,-201.005023428E-03
+155.488000E-06,-3.270E-09
+155.496000E-06,+0.0E+00
+155.504000E-06,+0.0E+00
+155.512000E-06,+0.0E+00
+155.520000E-06,+0.0E+00
+155.528000E-06,+0.0E+00
+155.536000E-06,+0.0E+00
+155.544000E-06,+0.0E+00
+155.552000E-06,+0.0E+00
+155.560000E-06,+0.0E+00
+155.568000E-06,+0.0E+00
+155.576000E-06,+0.0E+00
+155.584000E-06,-201.005023425E-03
+155.592000E-06,-3.273E-09
+155.600000E-06,+0.0E+00
+155.608000E-06,+0.0E+00
+155.616000E-06,+0.0E+00
+155.624000E-06,+0.0E+00
+155.632000E-06,+0.0E+00
+155.640000E-06,+0.0E+00
+155.648000E-06,-201.005023424E-03
+155.656000E-06,-3.276E-09
+155.664000E-06,-201.005023422E-03
+155.672000E-06,-3.276E-09
+155.680000E-06,+0.0E+00
+155.688000E-06,+0.0E+00
+155.696000E-06,+0.0E+00
+155.704000E-06,+0.0E+00
+155.712000E-06,+0.0E+00
+155.720000E-06,+0.0E+00
+155.728000E-06,+0.0E+00
+155.736000E-06,+0.0E+00
+155.744000E-06,-201.005023421E-03
+155.752000E-06,-201.005026698E-03
+155.760000E-06,-3.279E-09
+155.768000E-06,-201.005023419E-03
+155.776000E-06,-3.279E-09
+155.784000E-06,+0.0E+00
+155.792000E-06,+0.0E+00
+155.800000E-06,+0.0E+00
+155.808000E-06,+0.0E+00
+155.816000E-06,+0.0E+00
+155.824000E-06,+0.0E+00
+155.832000E-06,+0.0E+00
+155.840000E-06,-201.005023418E-03
+155.848000E-06,-3.282E-09
+155.856000E-06,+0.0E+00
+155.864000E-06,+0.0E+00
+155.872000E-06,+0.0E+00
+155.880000E-06,-201.005023416E-03
+155.888000E-06,-3.282E-09
+155.896000E-06,-201.005023416E-03
+155.904000E-06,-3.282E-09
+155.912000E-06,+0.0E+00
+155.920000E-06,+0.0E+00
+155.928000E-06,+0.0E+00
+155.936000E-06,+0.0E+00
+155.944000E-06,+0.0E+00
+155.952000E-06,+0.0E+00
+155.960000E-06,-201.005023413E-03
+155.968000E-06,-201.005026698E-03
+155.976000E-06,-201.005026698E-03
+155.984000E-06,-3.285E-09
+155.992000E-06,+0.0E+00
+156.000000E-06,-201.005023413E-03
+156.008000E-06,-3.285E-09
+156.016000E-06,+0.0E+00
+156.024000E-06,-201.005023412E-03
+156.032000E-06,-3.286E-09
+156.040000E-06,+0.0E+00
+156.048000E-06,-201.005023410E-03
+156.056000E-06,-3.288E-09
+156.064000E-06,+0.0E+00
+156.072000E-06,+0.0E+00
+156.080000E-06,+0.0E+00
+156.088000E-06,+0.0E+00
+156.096000E-06,+0.0E+00
+156.104000E-06,-201.005023410E-03
+156.112000E-06,-3.289E-09
+156.120000E-06,+0.0E+00
+156.128000E-06,-201.005023409E-03
+156.136000E-06,-3.291E-09
+156.144000E-06,-201.005023407E-03
+156.152000E-06,-3.291E-09
+156.160000E-06,+0.0E+00
+156.168000E-06,+0.0E+00
+156.176000E-06,+0.0E+00
+156.184000E-06,+0.0E+00
+156.192000E-06,+0.0E+00
+156.200000E-06,+0.0E+00
+156.208000E-06,+0.0E+00
+156.216000E-06,-201.005023406E-03
+156.224000E-06,-3.292E-09
+156.232000E-06,-201.005023406E-03
+156.240000E-06,-3.294E-09
+156.248000E-06,+0.0E+00
+156.256000E-06,+0.0E+00
+156.264000E-06,+0.0E+00
+156.272000E-06,+0.0E+00
+156.280000E-06,-201.005023405E-03
+156.288000E-06,-3.294E-09
+156.296000E-06,+0.0E+00
+156.304000E-06,-201.005023405E-03
+156.312000E-06,-3.295E-09
+156.320000E-06,+0.0E+00
+156.328000E-06,+0.0E+00
+156.336000E-06,+0.0E+00
+156.344000E-06,+0.0E+00
+156.352000E-06,+0.0E+00
+156.360000E-06,+0.0E+00
+156.368000E-06,+0.0E+00
+156.376000E-06,+0.0E+00
+156.384000E-06,+0.0E+00
+156.392000E-06,+0.0E+00
+156.400000E-06,+0.0E+00
+156.408000E-06,+0.0E+00
+156.416000E-06,-201.005023400E-03
+156.424000E-06,-201.005026698E-03
+156.432000E-06,-201.005026698E-03
+156.440000E-06,-201.005026698E-03
+156.448000E-06,-3.299E-09
+156.456000E-06,-201.005023399E-03
+156.464000E-06,-3.299E-09
+156.472000E-06,+0.0E+00
+156.480000E-06,+0.0E+00
+156.488000E-06,+0.0E+00
+156.496000E-06,-201.005023399E-03
+156.504000E-06,-3.301E-09
+156.512000E-06,+0.0E+00
+156.520000E-06,-201.005023397E-03
+156.528000E-06,-201.005026698E-03
+156.536000E-06,-3.302E-09
+156.544000E-06,+0.0E+00
+156.552000E-06,+0.0E+00
+156.560000E-06,-201.005023396E-03
+156.568000E-06,-201.005026698E-03
+156.576000E-06,-201.005026698E-03
+156.584000E-06,-3.302E-09
+156.592000E-06,-201.005023396E-03
+156.600000E-06,-201.005026698E-03
+156.608000E-06,-3.304E-09
+156.616000E-06,+0.0E+00
+156.624000E-06,-201.005023393E-03
+156.632000E-06,-201.005026698E-03
+156.640000E-06,-201.005026698E-03
+156.648000E-06,-201.005026698E-03
+156.656000E-06,-3.305E-09
+156.664000E-06,-201.005023393E-03
+156.672000E-06,-3.305E-09
+156.680000E-06,-201.005023393E-03
+156.688000E-06,-201.005026698E-03
+156.696000E-06,-3.307E-09
+156.704000E-06,+0.0E+00
+156.712000E-06,+0.0E+00
+156.720000E-06,+0.0E+00
+156.728000E-06,+0.0E+00
+156.736000E-06,+0.0E+00
+156.744000E-06,+0.0E+00
+156.752000E-06,-201.005023390E-03
+156.760000E-06,-3.308E-09
+156.768000E-06,+0.0E+00
+156.776000E-06,+0.0E+00
+156.784000E-06,+0.0E+00
+156.792000E-06,-201.005023390E-03
+156.800000E-06,-3.310E-09
+156.808000E-06,-201.005023388E-03
+156.816000E-06,-3.310E-09
+156.824000E-06,+0.0E+00
+156.832000E-06,+0.0E+00
+156.840000E-06,+0.0E+00
+156.848000E-06,+0.0E+00
+156.856000E-06,+0.0E+00
+156.864000E-06,-201.005023387E-03
+156.872000E-06,-201.005026698E-03
+156.880000E-06,-3.311E-09
+156.888000E-06,+0.0E+00
+156.896000E-06,-201.005023386E-03
+156.904000E-06,-3.313E-09
+156.912000E-06,-201.005023386E-03
+156.920000E-06,-201.005026698E-03
+156.928000E-06,-3.314E-09
+156.936000E-06,-201.005023384E-03
+156.944000E-06,-3.314E-09
+156.952000E-06,-201.005023384E-03
+156.960000E-06,-201.005026698E-03
+156.968000E-06,-201.005026698E-03
+156.976000E-06,-3.314E-09
+156.984000E-06,-201.005023384E-03
+156.992000E-06,-3.315E-09
+157.000000E-06,+0.0E+00
+157.008000E-06,-201.005023383E-03
+157.016000E-06,-201.005026698E-03
+157.024000E-06,-3.317E-09
+157.032000E-06,-201.005023381E-03
+157.040000E-06,-201.005026698E-03
+157.048000E-06,-3.317E-09
+157.056000E-06,+0.0E+00
+157.064000E-06,-201.005023381E-03
+157.072000E-06,-201.005026698E-03
+157.080000E-06,-3.317E-09
+157.088000E-06,+0.0E+00
+157.096000E-06,-201.005023380E-03
+157.104000E-06,-3.318E-09
+157.112000E-06,-201.005023378E-03
+157.120000E-06,-3.320E-09
+157.128000E-06,+0.0E+00
+157.136000E-06,+0.0E+00
+157.144000E-06,-201.005023378E-03
+157.152000E-06,-201.005026698E-03
+157.160000E-06,-201.005026698E-03
+157.168000E-06,-3.320E-09
+157.176000E-06,+0.0E+00
+157.184000E-06,+0.0E+00
+157.192000E-06,+0.0E+00
+157.200000E-06,+0.0E+00
+157.208000E-06,-201.005023375E-03
+157.216000E-06,-3.323E-09
+157.224000E-06,-201.005023375E-03
+157.232000E-06,-201.005026698E-03
+157.240000E-06,-201.005026698E-03
+157.248000E-06,-3.323E-09
+157.256000E-06,+0.0E+00
+157.264000E-06,+0.0E+00
+157.272000E-06,+0.0E+00
+157.280000E-06,+0.0E+00
+157.288000E-06,-201.005023374E-03
+157.296000E-06,-3.324E-09
+157.304000E-06,+0.0E+00
+157.312000E-06,-201.005023372E-03
+157.320000E-06,-201.005026698E-03
+157.328000E-06,-3.326E-09
+157.336000E-06,-201.005023372E-03
+157.344000E-06,-3.326E-09
+157.352000E-06,+0.0E+00
+157.360000E-06,-201.005023372E-03
+157.368000E-06,-201.005026698E-03
+157.376000E-06,-3.326E-09
+157.384000E-06,+0.0E+00
+157.392000E-06,-201.005023371E-03
+157.400000E-06,-3.327E-09
+157.408000E-06,-201.005023369E-03
+157.416000E-06,-201.005026698E-03
+157.424000E-06,-201.005026698E-03
+157.432000E-06,-3.329E-09
+157.440000E-06,-201.005023369E-03
+157.448000E-06,-3.329E-09
+157.456000E-06,+0.0E+00
+157.464000E-06,-201.005023369E-03
+157.472000E-06,-201.005026698E-03
+157.480000E-06,-3.330E-09
+157.488000E-06,-201.005023368E-03
+157.496000E-06,-201.005026698E-03
+157.504000E-06,-3.332E-09
+157.512000E-06,+0.0E+00
+157.520000E-06,-201.005023367E-03
+157.528000E-06,-201.005026698E-03
+157.536000E-06,-201.005026698E-03
+157.544000E-06,-3.332E-09
+157.552000E-06,-201.005023367E-03
+157.560000E-06,-201.005026698E-03
+157.568000E-06,-201.005026698E-03
+157.576000E-06,-201.005026698E-03
+157.584000E-06,-201.005026698E-03
+157.592000E-06,-201.005026698E-03
+157.600000E-06,-201.005026698E-03
+157.608000E-06,-3.335E-09
+157.616000E-06,-201.005023364E-03
+157.624000E-06,-3.335E-09
+157.632000E-06,+0.0E+00
+157.640000E-06,+0.0E+00
+157.648000E-06,+0.0E+00
+157.656000E-06,+0.0E+00
+157.664000E-06,-201.005023364E-03
+157.672000E-06,-201.005026698E-03
+157.680000E-06,-201.005026698E-03
+157.688000E-06,-3.336E-09
+157.696000E-06,-201.005023361E-03
+157.704000E-06,-3.337E-09
+157.712000E-06,-201.005023361E-03
+157.720000E-06,-201.005026698E-03
+157.728000E-06,-201.005026698E-03
+157.736000E-06,-3.337E-09
+157.744000E-06,+0.0E+00
+157.752000E-06,-201.005023361E-03
+157.760000E-06,-201.005026698E-03
+157.768000E-06,-201.005026698E-03
+157.776000E-06,-201.005026698E-03
+157.784000E-06,-201.005026698E-03
+157.792000E-06,-201.005026698E-03
+157.800000E-06,-201.005026698E-03
+157.808000E-06,-201.005026698E-03
+157.816000E-06,-201.005026698E-03
+157.824000E-06,-3.340E-09
+157.832000E-06,-201.005023358E-03
+157.840000E-06,-3.340E-09
+157.848000E-06,+0.0E+00
+157.856000E-06,+0.0E+00
+157.864000E-06,+0.0E+00
+157.872000E-06,+0.0E+00
+157.880000E-06,-201.005023356E-03
+157.888000E-06,-201.005026698E-03
+157.896000E-06,-3.343E-09
+157.904000E-06,-201.005023355E-03
+157.912000E-06,-201.005026698E-03
+157.920000E-06,-201.005026698E-03
+157.928000E-06,-201.005026698E-03
+157.936000E-06,-201.005026698E-03
+157.944000E-06,-201.005026698E-03
+157.952000E-06,-201.005026698E-03
+157.960000E-06,-201.005026698E-03
+157.968000E-06,-201.005026698E-03
+157.976000E-06,-3.345E-09
+157.984000E-06,-201.005023353E-03
+157.992000E-06,-3.346E-09
+158.000000E-06,+0.0E+00
+158.008000E-06,-201.005023352E-03
+158.016000E-06,-201.005026698E-03
+158.024000E-06,-201.005026698E-03
+158.032000E-06,-201.005026698E-03
+158.040000E-06,-201.005026698E-03
+158.048000E-06,-3.346E-09
+158.056000E-06,+0.0E+00
+158.064000E-06,-201.005023350E-03
+158.072000E-06,-3.348E-09
+158.080000E-06,+0.0E+00
+158.088000E-06,+0.0E+00
+158.096000E-06,-201.005023349E-03
+158.104000E-06,-201.005026698E-03
+158.112000E-06,-201.005026698E-03
+158.120000E-06,-201.005026698E-03
+158.128000E-06,-201.005026698E-03
+158.136000E-06,-201.005026698E-03
+158.144000E-06,-201.005026698E-03
+158.152000E-06,-201.005026698E-03
+158.160000E-06,-201.005026698E-03
+158.168000E-06,-201.005026698E-03
+158.176000E-06,-201.005026698E-03
+158.184000E-06,-201.005026698E-03
+158.192000E-06,-201.005026698E-03
+158.200000E-06,-201.005026698E-03
+158.208000E-06,-201.005026698E-03
+158.216000E-06,-201.005026698E-03
+158.224000E-06,-201.005026698E-03
+158.232000E-06,-201.005026698E-03
+158.240000E-06,-3.352E-09
+158.248000E-06,-201.005023346E-03
+158.256000E-06,-201.005026698E-03
+158.264000E-06,-201.005026698E-03
+158.272000E-06,-201.005026698E-03
+158.280000E-06,-201.005026698E-03
+158.288000E-06,-201.005026698E-03
+158.296000E-06,-201.005026698E-03
+158.304000E-06,-201.005026698E-03
+158.312000E-06,-3.355E-09
+158.320000E-06,-201.005023343E-03
+158.328000E-06,-201.005026698E-03
+158.336000E-06,-3.355E-09
+158.344000E-06,-201.005023343E-03
+158.352000E-06,-3.356E-09
+158.360000E-06,+0.0E+00
+158.368000E-06,+0.0E+00
+158.376000E-06,-201.005023340E-03
+158.384000E-06,-3.358E-09
+158.392000E-06,-201.005023340E-03
+158.400000E-06,-201.005026698E-03
+158.408000E-06,-201.005026698E-03
+158.416000E-06,-201.005026698E-03
+158.424000E-06,-201.005026698E-03
+158.432000E-06,-201.005026698E-03
+158.440000E-06,-201.005026698E-03
+158.448000E-06,-201.005026698E-03
+158.456000E-06,-3.359E-09
+158.464000E-06,-201.005023339E-03
+158.472000E-06,-201.005026698E-03
+158.480000E-06,-3.361E-09
+158.488000E-06,+0.0E+00
+158.496000E-06,+0.0E+00
+158.504000E-06,-201.005023337E-03
+158.512000E-06,-201.005026698E-03
+158.520000E-06,-201.005026698E-03
+158.528000E-06,-201.005026698E-03
+158.536000E-06,-3.361E-09
+158.544000E-06,-201.005023337E-03
+158.552000E-06,-201.005026698E-03
+158.560000E-06,-201.005026698E-03
+158.568000E-06,-201.005026698E-03
+158.576000E-06,-3.364E-09
+158.584000E-06,-201.005023334E-03
+158.592000E-06,-201.005026698E-03
+158.600000E-06,-201.005026698E-03
+158.608000E-06,-201.005026698E-03
+158.616000E-06,-201.005026698E-03
+158.624000E-06,-201.005026698E-03
+158.632000E-06,-201.005026698E-03
+158.640000E-06,-201.005026698E-03
+158.648000E-06,-201.005026698E-03
+158.656000E-06,-201.005026698E-03
+158.664000E-06,-201.005026698E-03
+158.672000E-06,-201.005026698E-03
+158.680000E-06,-201.005026698E-03
+158.688000E-06,-201.005026698E-03
+158.696000E-06,-201.005026698E-03
+158.704000E-06,-3.367E-09
+158.712000E-06,-201.005023331E-03
+158.720000E-06,-201.005026698E-03
+158.728000E-06,-201.005026698E-03
+158.736000E-06,-201.005026698E-03
+158.744000E-06,-201.005026698E-03
+158.752000E-06,-201.005026698E-03
+158.760000E-06,-201.005026698E-03
+158.768000E-06,-201.005026698E-03
+158.776000E-06,-201.005026698E-03
+158.784000E-06,-3.370E-09
+158.792000E-06,-201.005023329E-03
+158.800000E-06,-3.370E-09
+158.808000E-06,-201.005023329E-03
+158.816000E-06,-201.005026698E-03
+158.824000E-06,-201.005026698E-03
+158.832000E-06,-201.005026698E-03
+158.840000E-06,-3.371E-09
+158.848000E-06,-201.005023327E-03
+158.856000E-06,-201.005026698E-03
+158.864000E-06,-201.005026698E-03
+158.872000E-06,-201.005026698E-03
+158.880000E-06,-201.005026698E-03
+158.888000E-06,-201.005026698E-03
+158.896000E-06,-201.005026698E-03
+158.904000E-06,-201.005026698E-03
+158.912000E-06,-201.005026698E-03
+158.920000E-06,-3.373E-09
+158.928000E-06,-201.005023326E-03
+158.936000E-06,-201.005026698E-03
+158.944000E-06,-3.374E-09
+158.952000E-06,-201.005023324E-03
+158.960000E-06,-201.005026698E-03
+158.968000E-06,-201.005026698E-03
+158.976000E-06,-201.005026698E-03
+158.984000E-06,-201.005026698E-03
+158.992000E-06,-201.005026698E-03
+159.000000E-06,-201.005026698E-03
+159.008000E-06,-201.005026698E-03
+159.016000E-06,-201.005026698E-03
+159.024000E-06,-201.005026698E-03
+159.032000E-06,-201.005026698E-03
+159.040000E-06,-201.005026698E-03
+159.048000E-06,-201.005026698E-03
+159.056000E-06,-201.005026698E-03
+159.064000E-06,-201.005026698E-03
+159.072000E-06,-201.005026698E-03
+159.080000E-06,-3.378E-09
+159.088000E-06,-201.005023320E-03
+159.096000E-06,-201.005026698E-03
+159.104000E-06,-201.005026698E-03
+159.112000E-06,-3.378E-09
+159.120000E-06,+0.0E+00
+159.128000E-06,-201.005023320E-03
+159.136000E-06,-201.005026698E-03
+159.144000E-06,-201.005026698E-03
+159.152000E-06,-201.005026698E-03
+159.160000E-06,-201.005026698E-03
+159.168000E-06,-201.005026698E-03
+159.176000E-06,-201.005026698E-03
+159.184000E-06,-3.381E-09
+159.192000E-06,-201.005023317E-03
+159.200000E-06,-201.005026698E-03
+159.208000E-06,-201.005026698E-03
+159.216000E-06,-201.005026698E-03
+159.224000E-06,-201.005026698E-03
+159.232000E-06,-201.005026698E-03
+159.240000E-06,-201.005026698E-03
+159.248000E-06,-201.005026698E-03
+159.256000E-06,-402.010050012E-03
+159.264000E-06,-201.005030082E-03
+159.272000E-06,-201.005026698E-03
+159.280000E-06,-201.005026698E-03
+159.288000E-06,-201.005026698E-03
+159.296000E-06,-201.005026698E-03
+159.304000E-06,-201.005026698E-03
+159.312000E-06,-201.005026698E-03
+159.320000E-06,-201.005026698E-03
+159.328000E-06,-201.005026698E-03
+159.336000E-06,-201.005026698E-03
+159.344000E-06,-201.005026698E-03
+159.352000E-06,-201.005026698E-03
+159.360000E-06,-201.005026698E-03
+159.368000E-06,-201.005026698E-03
+159.376000E-06,-201.005026698E-03
+159.384000E-06,-201.005026698E-03
+159.392000E-06,-201.005026698E-03
+159.400000E-06,-201.005026698E-03
+159.408000E-06,-201.005026698E-03
+159.416000E-06,-201.005026698E-03
+159.424000E-06,-201.005026698E-03
+159.432000E-06,-201.005026698E-03
+159.440000E-06,-201.005026698E-03
+159.448000E-06,-201.005026698E-03
+159.456000E-06,-201.005026698E-03
+159.464000E-06,-201.005026698E-03
+159.472000E-06,-201.005026698E-03
+159.480000E-06,-201.005026698E-03
+159.488000E-06,-201.005026698E-03
+159.496000E-06,-201.005026698E-03
+159.504000E-06,-201.005026698E-03
+159.512000E-06,-201.005026698E-03
+159.520000E-06,-201.005026698E-03
+159.528000E-06,-201.005026698E-03
+159.536000E-06,-201.005026698E-03
+159.544000E-06,-201.005026698E-03
+159.552000E-06,-201.005026698E-03
+159.560000E-06,-201.005026698E-03
+159.568000E-06,-201.005026698E-03
+159.576000E-06,-201.005026698E-03
+159.584000E-06,-201.005026698E-03
+159.592000E-06,-201.005026698E-03
+159.600000E-06,-201.005026698E-03
+159.608000E-06,-201.005026698E-03
+159.616000E-06,-402.010050003E-03
+159.624000E-06,-201.005030093E-03
+159.632000E-06,-201.005026698E-03
+159.640000E-06,-201.005026698E-03
+159.648000E-06,-201.005026698E-03
+159.656000E-06,-201.005026698E-03
+159.664000E-06,-402.010050000E-03
+159.672000E-06,-201.005030094E-03
+159.680000E-06,-201.005026698E-03
+159.688000E-06,-201.005026698E-03
+159.696000E-06,-201.005026698E-03
+159.704000E-06,-201.005026698E-03
+159.712000E-06,-201.005026698E-03
+159.720000E-06,-201.005026698E-03
+159.728000E-06,-201.005026698E-03
+159.736000E-06,-201.005026698E-03
+159.744000E-06,-201.005026698E-03
+159.752000E-06,-201.005026698E-03
+159.760000E-06,-201.005026698E-03
+159.768000E-06,-201.005026698E-03
+159.776000E-06,-201.005026698E-03
+159.784000E-06,-201.005026698E-03
+159.792000E-06,-201.005026698E-03
+159.800000E-06,-201.005026698E-03
+159.808000E-06,-201.005026698E-03
+159.816000E-06,-201.005026698E-03
+159.824000E-06,-201.005026698E-03
+159.832000E-06,-201.005026698E-03
+159.840000E-06,-201.005026698E-03
+159.848000E-06,-201.005026698E-03
+159.856000E-06,-3.402E-09
+159.864000E-06,-201.005023296E-03
+159.872000E-06,-201.005026698E-03
+159.880000E-06,-201.005026698E-03
+159.888000E-06,-201.005026698E-03
+159.896000E-06,-201.005026698E-03
+159.904000E-06,-201.005026698E-03
+159.912000E-06,-201.005026698E-03
+159.920000E-06,-201.005026698E-03
+159.928000E-06,-201.005026698E-03
+159.936000E-06,-402.010049992E-03
+159.944000E-06,-201.005030103E-03
+159.952000E-06,-201.005026698E-03
+159.960000E-06,-201.005026698E-03
+159.968000E-06,-201.005026698E-03
+159.976000E-06,-201.005026698E-03
+159.984000E-06,-201.005026698E-03
+159.992000E-06,-402.010049992E-03
+160.000000E-06,-201.005030103E-03
+160.008000E-06,-201.005026698E-03
+160.016000E-06,-201.005026698E-03
+160.024000E-06,-201.005026698E-03
+160.032000E-06,-201.005026698E-03
+160.040000E-06,-201.005026698E-03
+160.048000E-06,-201.005026698E-03
+160.056000E-06,-201.005026698E-03
+160.064000E-06,-201.005026698E-03
+160.072000E-06,-201.005026698E-03
+160.080000E-06,-201.005026698E-03
+160.088000E-06,-201.005026698E-03
+160.096000E-06,-201.005026698E-03
+160.104000E-06,-402.010049987E-03
+160.112000E-06,-201.005030107E-03
+160.120000E-06,-201.005026698E-03
+160.128000E-06,-201.005026698E-03
+160.136000E-06,-201.005026698E-03
+160.144000E-06,-201.005026698E-03
+160.152000E-06,-201.005026698E-03
+160.160000E-06,-201.005026698E-03
+160.168000E-06,-201.005026698E-03
+160.176000E-06,-201.005026698E-03
+160.184000E-06,-201.005026698E-03
+160.192000E-06,-201.005026698E-03
+160.200000E-06,-201.005026698E-03
+160.208000E-06,-201.005026698E-03
+160.216000E-06,-201.005026698E-03
+160.224000E-06,-201.005026698E-03
+160.232000E-06,-201.005026698E-03
+160.240000E-06,-201.005026698E-03
+160.248000E-06,-201.005026698E-03
+160.256000E-06,-201.005026698E-03
+160.264000E-06,-201.005026698E-03
+160.272000E-06,-201.005026698E-03
+160.280000E-06,-201.005026698E-03
+160.288000E-06,-201.005026698E-03
+160.296000E-06,-201.005026698E-03
+160.304000E-06,-201.005026698E-03
+160.312000E-06,-201.005026698E-03
+160.320000E-06,-201.005026698E-03
+160.328000E-06,-201.005026698E-03
+160.336000E-06,-201.005026698E-03
+160.344000E-06,-201.005026698E-03
+160.352000E-06,-201.005026698E-03
+160.360000E-06,-201.005026698E-03
+160.368000E-06,-201.005026698E-03
+160.376000E-06,-201.005026698E-03
+160.384000E-06,-201.005026698E-03
+160.392000E-06,-402.010049980E-03
+160.400000E-06,-402.010053396E-03
+160.408000E-06,-201.005030116E-03
+160.416000E-06,-201.005026698E-03
+160.424000E-06,-402.010049977E-03
+160.432000E-06,-201.005030117E-03
+160.440000E-06,-201.005026698E-03
+160.448000E-06,-201.005026698E-03
+160.456000E-06,-201.005026698E-03
+160.464000E-06,-3.419E-09
+160.472000E-06,-201.005023279E-03
+160.480000E-06,-201.005026698E-03
+160.488000E-06,-402.010049977E-03
+160.496000E-06,-402.010053396E-03
+160.504000E-06,-201.005030119E-03
+160.512000E-06,-201.005026698E-03
+160.520000E-06,-402.010049974E-03
+160.528000E-06,-201.005030120E-03
+160.536000E-06,-402.010049974E-03
+160.544000E-06,-201.005030120E-03
+160.552000E-06,-201.005026698E-03
+160.560000E-06,-201.005026698E-03
+160.568000E-06,-201.005026698E-03
+160.576000E-06,-201.005026698E-03
+160.584000E-06,-201.005026698E-03
+160.592000E-06,-201.005026698E-03
+160.600000E-06,-201.005026698E-03
+160.608000E-06,-201.005026698E-03
+160.616000E-06,-201.005026698E-03
+160.624000E-06,-201.005026698E-03
+160.632000E-06,-402.010049971E-03
+160.640000E-06,-201.005030123E-03
+160.648000E-06,-201.005026698E-03
+160.656000E-06,-201.005026698E-03
+160.664000E-06,-201.005026698E-03
+160.672000E-06,-201.005026698E-03
+160.680000E-06,-201.005026698E-03
+160.688000E-06,-201.005026698E-03
+160.696000E-06,-201.005026698E-03
+160.704000E-06,-201.005026698E-03
+160.712000E-06,-201.005026698E-03
+160.720000E-06,-201.005026698E-03
+160.728000E-06,-402.010049968E-03
+160.736000E-06,-201.005030126E-03
+160.744000E-06,-201.005026698E-03
+160.752000E-06,-402.010049968E-03
+160.760000E-06,-201.005030126E-03
+160.768000E-06,-201.005026698E-03
+160.776000E-06,-201.005026698E-03
+160.784000E-06,-201.005026698E-03
+160.792000E-06,-201.005026698E-03
+160.800000E-06,-201.005026698E-03
+160.808000E-06,-201.005026698E-03
+160.816000E-06,-201.005026698E-03
+160.824000E-06,-201.005026698E-03
+160.832000E-06,-402.010049965E-03
+160.840000E-06,-201.005030129E-03
+160.848000E-06,-402.010049965E-03
+160.856000E-06,-201.005030129E-03
+160.864000E-06,-201.005026698E-03
+160.872000E-06,-201.005026698E-03
+160.880000E-06,-201.005026698E-03
+160.888000E-06,-201.005026698E-03
+160.896000E-06,-201.005026698E-03
+160.904000E-06,-201.005026698E-03
+160.912000E-06,-402.010049962E-03
+160.920000E-06,-201.005030132E-03
+160.928000E-06,-201.005026698E-03
+160.936000E-06,-201.005026698E-03
+160.944000E-06,-201.005026698E-03
+160.952000E-06,-201.005026698E-03
+160.960000E-06,-201.005026698E-03
+160.968000E-06,-402.010049962E-03
+160.976000E-06,-201.005030132E-03
+160.984000E-06,-201.005026698E-03
+160.992000E-06,-201.005026698E-03
+161.000000E-06,-201.005026698E-03
+161.008000E-06,-201.005026698E-03
+161.016000E-06,-201.005026698E-03
+161.024000E-06,-201.005026698E-03
+161.032000E-06,-201.005026698E-03
+161.040000E-06,-201.005026698E-03
+161.048000E-06,-201.005026698E-03
+161.056000E-06,-402.010049959E-03
+161.064000E-06,-201.005030135E-03
+161.072000E-06,-201.005026698E-03
+161.080000E-06,-201.005026698E-03
+161.088000E-06,-201.005026698E-03
+161.096000E-06,-402.010049958E-03
+161.104000E-06,-201.005030138E-03
+161.112000E-06,-201.005026698E-03
+161.120000E-06,-201.005026698E-03
+161.128000E-06,-201.005026698E-03
+161.136000E-06,-201.005026698E-03
+161.144000E-06,-201.005026698E-03
+161.152000E-06,-201.005026698E-03
+161.160000E-06,-201.005026698E-03
+161.168000E-06,-201.005026698E-03
+161.176000E-06,-201.005026698E-03
+161.184000E-06,-201.005026698E-03
+161.192000E-06,-201.005026698E-03
+161.200000E-06,-201.005026698E-03
+161.208000E-06,-201.005026698E-03
+161.216000E-06,-201.005026698E-03
+161.224000E-06,-201.005026698E-03
+161.232000E-06,-201.005026698E-03
+161.240000E-06,-201.005026698E-03
+161.248000E-06,-201.005026698E-03
+161.256000E-06,-201.005026698E-03
+161.264000E-06,-201.005026698E-03
+161.272000E-06,-201.005026698E-03
+161.280000E-06,-201.005026698E-03
+161.288000E-06,-402.010049952E-03
+161.296000E-06,-201.005030142E-03
+161.304000E-06,-201.005026698E-03
+161.312000E-06,-201.005026698E-03
+161.320000E-06,-201.005026698E-03
+161.328000E-06,-201.005026698E-03
+161.336000E-06,-201.005026698E-03
+161.344000E-06,-201.005026698E-03
+161.352000E-06,-201.005026698E-03
+161.360000E-06,-201.005026698E-03
+161.368000E-06,-201.005026698E-03
+161.376000E-06,-201.005026698E-03
+161.384000E-06,-402.010049949E-03
+161.392000E-06,-201.005030145E-03
+161.400000E-06,-201.005026698E-03
+161.408000E-06,-201.005026698E-03
+161.416000E-06,-201.005026698E-03
+161.424000E-06,-402.010049948E-03
+161.432000E-06,-201.005030147E-03
+161.440000E-06,-402.010049948E-03
+161.448000E-06,-402.010053396E-03
+161.456000E-06,-201.005030147E-03
+161.464000E-06,-201.005026698E-03
+161.472000E-06,-402.010049946E-03
+161.480000E-06,-201.005030148E-03
+161.488000E-06,-402.010049946E-03
+161.496000E-06,-201.005030150E-03
+161.504000E-06,-201.005026698E-03
+161.512000E-06,-201.005026698E-03
+161.520000E-06,-201.005026698E-03
+161.528000E-06,-402.010049945E-03
+161.536000E-06,-402.010053396E-03
+161.544000E-06,-201.005030150E-03
+161.552000E-06,-402.010049945E-03
+161.560000E-06,-201.005030150E-03
+161.568000E-06,-201.005026698E-03
+161.576000E-06,-201.005026698E-03
+161.584000E-06,-201.005026698E-03
+161.592000E-06,-201.005026698E-03
+161.600000E-06,-201.005026698E-03
+161.608000E-06,-402.010049942E-03
+161.616000E-06,-201.005030153E-03
+161.624000E-06,-402.010049942E-03
+161.632000E-06,-201.005030153E-03
+161.640000E-06,-201.005026698E-03
+161.648000E-06,-201.005026698E-03
+161.656000E-06,-201.005026698E-03
+161.664000E-06,-402.010049940E-03
+161.672000E-06,-201.005030154E-03
+161.680000E-06,-201.005026698E-03
+161.688000E-06,-201.005026698E-03
+161.696000E-06,-201.005026698E-03
+161.704000E-06,-402.010049939E-03
+161.712000E-06,-402.010053396E-03
+161.720000E-06,-201.005030155E-03
+161.728000E-06,-402.010049939E-03
+161.736000E-06,-201.005030155E-03
+161.744000E-06,-201.005026698E-03
+161.752000E-06,-402.010049939E-03
+161.760000E-06,-201.005030157E-03
+161.768000E-06,-201.005026698E-03
+161.776000E-06,-402.010049937E-03
+161.784000E-06,-201.005030157E-03
+161.792000E-06,-201.005026698E-03
+161.800000E-06,-201.005026698E-03
+161.808000E-06,-201.005026698E-03
+161.816000E-06,-201.005026698E-03
+161.824000E-06,-201.005026698E-03
+161.832000E-06,-201.005026698E-03
+161.840000E-06,-402.010049936E-03
+161.848000E-06,-201.005030158E-03
+161.856000E-06,-201.005026698E-03
+161.864000E-06,-402.010049934E-03
+161.872000E-06,-402.010053396E-03
+161.880000E-06,-201.005030160E-03
+161.888000E-06,-201.005026698E-03
+161.896000E-06,-201.005026698E-03
+161.904000E-06,-402.010049933E-03
+161.912000E-06,-201.005030161E-03
+161.920000E-06,-201.005026698E-03
+161.928000E-06,-201.005026698E-03
+161.936000E-06,-201.005026698E-03
+161.944000E-06,-402.010049933E-03
+161.952000E-06,-201.005030161E-03
+161.960000E-06,-402.010049932E-03
+161.968000E-06,-402.010053396E-03
+161.976000E-06,-402.010053396E-03
+161.984000E-06,-402.010053396E-03
+161.992000E-06,-402.010053396E-03
+162.000000E-06,-201.005030164E-03
+162.008000E-06,-201.005026698E-03
+162.016000E-06,-201.005026698E-03
+162.024000E-06,-402.010049930E-03
+162.032000E-06,-201.005030164E-03
+162.040000E-06,-201.005026698E-03
+162.048000E-06,-201.005026698E-03
+162.056000E-06,-201.005026698E-03
+162.064000E-06,-201.005026698E-03
+162.072000E-06,-201.005026698E-03
+162.080000E-06,-402.010049927E-03
+162.088000E-06,-402.010053396E-03
+162.096000E-06,-201.005030167E-03
+162.104000E-06,-201.005026698E-03
+162.112000E-06,-201.005026698E-03
+162.120000E-06,-201.005026698E-03
+162.128000E-06,-402.010049927E-03
+162.136000E-06,-201.005030167E-03
+162.144000E-06,-201.005026698E-03
+162.152000E-06,-201.005026698E-03
+162.160000E-06,-201.005026698E-03
+162.168000E-06,-402.010049926E-03
+162.176000E-06,-201.005030170E-03
+162.184000E-06,-201.005026698E-03
+162.192000E-06,-201.005026698E-03
+162.200000E-06,-402.010049924E-03
+162.208000E-06,-402.010053396E-03
+162.216000E-06,-201.005030170E-03
+162.224000E-06,-402.010049924E-03
+162.232000E-06,-201.005030170E-03
+162.240000E-06,-402.010049924E-03
+162.248000E-06,-201.005030172E-03
+162.256000E-06,-201.005026698E-03
+162.264000E-06,-402.010049923E-03
+162.272000E-06,-201.005030173E-03
+162.280000E-06,-201.005026698E-03
+162.288000E-06,-201.005026698E-03
+162.296000E-06,-201.005026698E-03
+162.304000E-06,-402.010049921E-03
+162.312000E-06,-201.005030173E-03
+162.320000E-06,-201.005026698E-03
+162.328000E-06,-402.010049921E-03
+162.336000E-06,-402.010053396E-03
+162.344000E-06,-402.010053396E-03
+162.352000E-06,-201.005030174E-03
+162.360000E-06,-201.005026698E-03
+162.368000E-06,-201.005026698E-03
+162.376000E-06,-402.010049918E-03
+162.384000E-06,-201.005030176E-03
+162.392000E-06,-201.005026698E-03
+162.400000E-06,-402.010049918E-03
+162.408000E-06,-402.010053396E-03
+162.416000E-06,-201.005030176E-03
+162.424000E-06,-201.005026698E-03
+162.432000E-06,-201.005026698E-03
+162.440000E-06,-201.005026698E-03
+162.448000E-06,-402.010049917E-03
+162.456000E-06,-201.005030177E-03
+162.464000E-06,-201.005026698E-03
+162.472000E-06,-402.010049915E-03
+162.480000E-06,-402.010053396E-03
+162.488000E-06,-402.010053396E-03
+162.496000E-06,-402.010053396E-03
+162.504000E-06,-201.005030179E-03
+162.512000E-06,-201.005026698E-03
+162.520000E-06,-402.010049915E-03
+162.528000E-06,-201.005030179E-03
+162.536000E-06,-402.010049915E-03
+162.544000E-06,-402.010053396E-03
+162.552000E-06,-402.010053396E-03
+162.560000E-06,-201.005030180E-03
+162.568000E-06,-402.010049913E-03
+162.576000E-06,-402.010053396E-03
+162.584000E-06,-402.010053396E-03
+162.592000E-06,-201.005030182E-03
+162.600000E-06,-201.005026698E-03
+162.608000E-06,-201.005026698E-03
+162.616000E-06,-402.010049913E-03
+162.624000E-06,-402.010053396E-03
+162.632000E-06,-402.010053396E-03
+162.640000E-06,-402.010053396E-03
+162.648000E-06,-402.010053396E-03
+162.656000E-06,-402.010053396E-03
+162.664000E-06,-402.010053396E-03
+162.672000E-06,-402.010053396E-03
+162.680000E-06,-201.005030185E-03
+162.688000E-06,-402.010049910E-03
+162.696000E-06,-402.010053396E-03
+162.704000E-06,-402.010053396E-03
+162.712000E-06,-201.005030185E-03
+162.720000E-06,-402.010049910E-03
+162.728000E-06,-201.005030185E-03
+162.736000E-06,-402.010049908E-03
+162.744000E-06,-201.005030186E-03
+162.752000E-06,-201.005026698E-03
+162.760000E-06,-201.005026698E-03
+162.768000E-06,-201.005026698E-03
+162.776000E-06,-402.010049907E-03
+162.784000E-06,-201.005030188E-03
+162.792000E-06,-402.010049907E-03
+162.800000E-06,-402.010053396E-03
+162.808000E-06,-201.005030188E-03
+162.816000E-06,-402.010049907E-03
+162.824000E-06,-201.005030188E-03
+162.832000E-06,-402.010049905E-03
+162.840000E-06,-402.010053396E-03
+162.848000E-06,-201.005030189E-03
+162.856000E-06,-201.005026698E-03
+162.864000E-06,-201.005026698E-03
+162.872000E-06,-402.010049904E-03
+162.880000E-06,-402.010053396E-03
+162.888000E-06,-201.005030191E-03
+162.896000E-06,-402.010049904E-03
+162.904000E-06,-201.005030191E-03
+162.912000E-06,-201.005026698E-03
+162.920000E-06,-201.005026698E-03
+162.928000E-06,-402.010049904E-03
+162.936000E-06,-201.005030192E-03
+162.944000E-06,-201.005026698E-03
+162.952000E-06,-201.005026698E-03
+162.960000E-06,-402.010049901E-03
+162.968000E-06,-402.010053396E-03
+162.976000E-06,-402.010053396E-03
+162.984000E-06,-201.005030193E-03
+162.992000E-06,-201.005026698E-03
+163.000000E-06,-201.005026698E-03
+163.008000E-06,-201.005026698E-03
+163.016000E-06,-402.010049901E-03
+163.024000E-06,-201.005030193E-03
+163.032000E-06,-201.005026698E-03
+163.040000E-06,-201.005026698E-03
+163.048000E-06,-201.005026698E-03
+163.056000E-06,-201.005026698E-03
+163.064000E-06,-402.010049898E-03
+163.072000E-06,-201.005030196E-03
+163.080000E-06,-201.005026698E-03
+163.088000E-06,-201.005026698E-03
+163.096000E-06,-201.005026698E-03
+163.104000E-06,-201.005026698E-03
+163.112000E-06,-201.005026698E-03
+163.120000E-06,-201.005026698E-03
+163.128000E-06,-201.005026698E-03
+163.136000E-06,-201.005026698E-03
+163.144000E-06,-201.005026698E-03
+163.152000E-06,-201.005026698E-03
+163.160000E-06,-402.010049895E-03
+163.168000E-06,-402.010053396E-03
+163.176000E-06,-201.005030199E-03
+163.184000E-06,-201.005026698E-03
+163.192000E-06,-201.005026698E-03
+163.200000E-06,-402.010049895E-03
+163.208000E-06,-201.005030199E-03
+163.216000E-06,-201.005026698E-03
+163.224000E-06,-201.005026698E-03
+163.232000E-06,-402.010049894E-03
+163.240000E-06,-201.005030201E-03
+163.248000E-06,-402.010049892E-03
+163.256000E-06,-201.005030202E-03
+163.264000E-06,-201.005026698E-03
+163.272000E-06,-201.005026698E-03
+163.280000E-06,-201.005026698E-03
+163.288000E-06,-402.010049892E-03
+163.296000E-06,-201.005030202E-03
+163.304000E-06,-201.005026698E-03
+163.312000E-06,-201.005026698E-03
+163.320000E-06,-201.005026698E-03
+163.328000E-06,-201.005026698E-03
+163.336000E-06,-201.005026698E-03
+163.344000E-06,-201.005026698E-03
+163.352000E-06,-201.005026698E-03
+163.360000E-06,-201.005026698E-03
+163.368000E-06,-201.005026698E-03
+163.376000E-06,-201.005026698E-03
+163.384000E-06,-201.005026698E-03
+163.392000E-06,-201.005026698E-03
+163.400000E-06,-201.005026698E-03
+163.408000E-06,-402.010049889E-03
+163.416000E-06,-402.010053396E-03
+163.424000E-06,-201.005030207E-03
+163.432000E-06,-201.005026698E-03
+163.440000E-06,-201.005026698E-03
+163.448000E-06,-402.010049886E-03
+163.456000E-06,-201.005030208E-03
+163.464000E-06,-201.005026698E-03
+163.472000E-06,-402.010049886E-03
+163.480000E-06,-201.005030208E-03
+163.488000E-06,-201.005026698E-03
+163.496000E-06,-402.010049886E-03
+163.504000E-06,-201.005030208E-03
+163.512000E-06,-402.010049886E-03
+163.520000E-06,-402.010053396E-03
+163.528000E-06,-201.005030210E-03
+163.536000E-06,-402.010049885E-03
+163.544000E-06,-201.005030211E-03
+163.552000E-06,-201.005026698E-03
+163.560000E-06,-201.005026698E-03
+163.568000E-06,-402.010049883E-03
+163.576000E-06,-402.010053396E-03
+163.584000E-06,-402.010053396E-03
+163.592000E-06,-201.005030211E-03
+163.600000E-06,-402.010049883E-03
+163.608000E-06,-201.005030211E-03
+163.616000E-06,-402.010049882E-03
+163.624000E-06,-402.010053396E-03
+163.632000E-06,-201.005030213E-03
+163.640000E-06,-201.005026698E-03
+163.648000E-06,-402.010049880E-03
+163.656000E-06,-402.010053396E-03
+163.664000E-06,-402.010053396E-03
+163.672000E-06,-201.005030214E-03
+163.680000E-06,-402.010049880E-03
+163.688000E-06,-201.005030214E-03
+163.696000E-06,-201.005026698E-03
+163.704000E-06,-201.005026698E-03
+163.712000E-06,-201.005026698E-03
+163.720000E-06,-201.005026698E-03
+163.728000E-06,-402.010049879E-03
+163.736000E-06,-201.005030217E-03
+163.744000E-06,-402.010049877E-03
+163.752000E-06,-201.005030217E-03
+163.760000E-06,-201.005026698E-03
+163.768000E-06,-201.005026698E-03
+163.776000E-06,-201.005026698E-03
+163.784000E-06,-201.005026698E-03
+163.792000E-06,-201.005026698E-03
+163.800000E-06,-201.005026698E-03
+163.808000E-06,-201.005026698E-03
+163.816000E-06,-201.005026698E-03
+163.824000E-06,-402.010049876E-03
+163.832000E-06,-201.005030220E-03
+163.840000E-06,-201.005026698E-03
+163.848000E-06,-201.005026698E-03
+163.856000E-06,-201.005026698E-03
+163.864000E-06,-201.005026698E-03
+163.872000E-06,-402.010049875E-03
+163.880000E-06,-402.010053396E-03
+163.888000E-06,-201.005030220E-03
+163.896000E-06,-201.005026698E-03
+163.904000E-06,-201.005026698E-03
+163.912000E-06,-201.005026698E-03
+163.920000E-06,-201.005026698E-03
+163.928000E-06,-201.005026698E-03
+163.936000E-06,-201.005026698E-03
+163.944000E-06,-201.005026698E-03
+163.952000E-06,-402.010049872E-03
+163.960000E-06,-402.010053396E-03
+163.968000E-06,-201.005030223E-03
+163.976000E-06,-201.005026698E-03
+163.984000E-06,-402.010049872E-03
+163.992000E-06,-201.005030223E-03
+164.000000E-06,-402.010049870E-03
+164.008000E-06,-201.005030224E-03
+164.016000E-06,-201.005026698E-03
+164.024000E-06,-201.005026698E-03
+164.032000E-06,-201.005026698E-03
+164.040000E-06,-402.010049869E-03
+164.048000E-06,-402.010053396E-03
+164.056000E-06,-201.005030226E-03
+164.064000E-06,-201.005026698E-03
+164.072000E-06,-201.005026698E-03
+164.080000E-06,-402.010049869E-03
+164.088000E-06,-201.005030226E-03
+164.096000E-06,-402.010049869E-03
+164.104000E-06,-201.005030227E-03
+164.112000E-06,-201.005026698E-03
+164.120000E-06,-402.010049867E-03
+164.128000E-06,-402.010053396E-03
+164.136000E-06,-201.005030229E-03
+164.144000E-06,-201.005026698E-03
+164.152000E-06,-201.005026698E-03
+164.160000E-06,-201.005026698E-03
+164.168000E-06,-201.005026698E-03
+164.176000E-06,-201.005026698E-03
+164.184000E-06,-201.005026698E-03
+164.192000E-06,-402.010049866E-03
+164.200000E-06,-402.010053396E-03
+164.208000E-06,-201.005030230E-03
+164.216000E-06,-201.005026698E-03
+164.224000E-06,-201.005026698E-03
+164.232000E-06,-201.005026698E-03
+164.240000E-06,-402.010049863E-03
+164.248000E-06,-402.010053396E-03
+164.256000E-06,-402.010053396E-03
+164.264000E-06,-402.010053396E-03
+164.272000E-06,-201.005030232E-03
+164.280000E-06,-402.010049863E-03
+164.288000E-06,-201.005030232E-03
+164.296000E-06,-201.005026698E-03
+164.304000E-06,-201.005026698E-03
+164.312000E-06,-201.005026698E-03
+164.320000E-06,-201.005026698E-03
+164.328000E-06,-201.005026698E-03
+164.336000E-06,-201.005026698E-03
+164.344000E-06,-201.005026698E-03
+164.352000E-06,-201.005026698E-03
+164.360000E-06,-201.005026698E-03
+164.368000E-06,-402.010049860E-03
+164.376000E-06,-201.005030234E-03
+164.384000E-06,-402.010049860E-03
+164.392000E-06,-201.005030236E-03
+164.400000E-06,-201.005026698E-03
+164.408000E-06,-201.005026698E-03
+164.416000E-06,-201.005026698E-03
+164.424000E-06,-402.010049857E-03
+164.432000E-06,-201.005030237E-03
+164.440000E-06,-402.010049857E-03
+164.448000E-06,-201.005030237E-03
+164.456000E-06,-201.005026698E-03
+164.464000E-06,-201.005026698E-03
+164.472000E-06,-402.010049857E-03
+164.480000E-06,-201.005030237E-03
+164.488000E-06,-201.005026698E-03
+164.496000E-06,-201.005026698E-03
+164.504000E-06,-201.005026698E-03
+164.512000E-06,-402.010049854E-03
+164.520000E-06,-201.005030240E-03
+164.528000E-06,-402.010049854E-03
+164.536000E-06,-402.010053396E-03
+164.544000E-06,-402.010053396E-03
+164.552000E-06,-402.010053396E-03
+164.560000E-06,-201.005030240E-03
+164.568000E-06,-201.005026698E-03
+164.576000E-06,-402.010049854E-03
+164.584000E-06,-201.005030240E-03
+164.592000E-06,-201.005026698E-03
+164.600000E-06,-201.005026698E-03
+164.608000E-06,-402.010049853E-03
+164.616000E-06,-201.005030243E-03
+164.624000E-06,-201.005026698E-03
+164.632000E-06,-201.005026698E-03
+164.640000E-06,-402.010049851E-03
+164.648000E-06,-201.005030243E-03
+164.656000E-06,-201.005026698E-03
+164.664000E-06,-201.005026698E-03
+164.672000E-06,-201.005026698E-03
+164.680000E-06,-201.005026698E-03
+164.688000E-06,-201.005026698E-03
+164.696000E-06,-201.005026698E-03
+164.704000E-06,-402.010049850E-03
+164.712000E-06,-402.010053396E-03
+164.720000E-06,-201.005030246E-03
+164.728000E-06,-201.005026698E-03
+164.736000E-06,-201.005026698E-03
+164.744000E-06,-402.010049848E-03
+164.752000E-06,-201.005030246E-03
+164.760000E-06,-201.005026698E-03
+164.768000E-06,-201.005026698E-03
+164.776000E-06,-201.005026698E-03
+164.784000E-06,-402.010049847E-03
+164.792000E-06,-201.005030248E-03
+164.800000E-06,-201.005026698E-03
+164.808000E-06,-201.005026698E-03
+164.816000E-06,-201.005026698E-03
+164.824000E-06,-201.005026698E-03
+164.832000E-06,-201.005026698E-03
+164.840000E-06,-402.010049845E-03
+164.848000E-06,-402.010053396E-03
+164.856000E-06,-201.005030249E-03
+164.864000E-06,-402.010049845E-03
+164.872000E-06,-201.005030249E-03
+164.880000E-06,-402.010049844E-03
+164.888000E-06,-201.005030251E-03
+164.896000E-06,-201.005026698E-03
+164.904000E-06,-201.005026698E-03
+164.912000E-06,-201.005026698E-03
+164.920000E-06,-201.005026698E-03
+164.928000E-06,-201.005026698E-03
+164.936000E-06,-201.005026698E-03
+164.944000E-06,-201.005026698E-03
+164.952000E-06,-201.005026698E-03
+164.960000E-06,-201.005026698E-03
+164.968000E-06,-201.005026698E-03
+164.976000E-06,-201.005026698E-03
+164.984000E-06,-402.010049841E-03
+164.992000E-06,-402.010053396E-03
+165.000000E-06,-402.010053396E-03
+165.008000E-06,-402.010053396E-03
+165.016000E-06,-201.005030255E-03
+165.024000E-06,-201.005026698E-03
+165.032000E-06,-201.005026698E-03
+165.040000E-06,-201.005026698E-03
+165.048000E-06,-201.005026698E-03
+165.056000E-06,-201.005026698E-03
+165.064000E-06,-201.005026698E-03
+165.072000E-06,-201.005026698E-03
+165.080000E-06,-201.005026698E-03
+165.088000E-06,-201.005026698E-03
+165.096000E-06,-201.005026698E-03
+165.104000E-06,-201.005026698E-03
+165.112000E-06,-201.005026698E-03
+165.120000E-06,-201.005026698E-03
+165.128000E-06,-201.005026698E-03
+165.136000E-06,-201.005026698E-03
+165.144000E-06,-402.010049836E-03
+165.152000E-06,-402.010053396E-03
+165.160000E-06,-201.005030258E-03
+165.168000E-06,-201.005026698E-03
+165.176000E-06,-201.005026698E-03
+165.184000E-06,-201.005026698E-03
+165.192000E-06,-201.005026698E-03
+165.200000E-06,-201.005026698E-03
+165.208000E-06,-201.005026698E-03
+165.216000E-06,-201.005026698E-03
+165.224000E-06,-201.005026698E-03
+165.232000E-06,-402.010049834E-03
+165.240000E-06,-402.010053396E-03
+165.248000E-06,-201.005030261E-03
+165.256000E-06,-201.005026698E-03
+165.264000E-06,-201.005026698E-03
+165.272000E-06,-201.005026698E-03
+165.280000E-06,-402.010049832E-03
+165.288000E-06,-402.010053396E-03
+165.296000E-06,-201.005030264E-03
+165.304000E-06,-201.005026698E-03
+165.312000E-06,-402.010049831E-03
+165.320000E-06,-402.010053396E-03
+165.328000E-06,-201.005030264E-03
+165.336000E-06,-201.005026698E-03
+165.344000E-06,-201.005026698E-03
+165.352000E-06,-201.005026698E-03
+165.360000E-06,-201.005026698E-03
+165.368000E-06,-402.010049829E-03
+165.376000E-06,-201.005030265E-03
+165.384000E-06,-201.005026698E-03
+165.392000E-06,-201.005026698E-03
+165.400000E-06,-201.005026698E-03
+165.408000E-06,-201.005026698E-03
+165.416000E-06,-201.005026698E-03
+165.424000E-06,-201.005026698E-03
+165.432000E-06,-201.005026698E-03
+165.440000E-06,-201.005026698E-03
+165.448000E-06,-201.005026698E-03
+165.456000E-06,-201.005026698E-03
+165.464000E-06,-201.005026698E-03
+165.472000E-06,-3.570E-09
+165.480000E-06,-402.010046256E-03
+165.488000E-06,-201.005030270E-03
+165.496000E-06,-201.005026698E-03
+165.504000E-06,-402.010049825E-03
+165.512000E-06,-402.010053396E-03
+165.520000E-06,-201.005030270E-03
+165.528000E-06,-201.005026698E-03
+165.536000E-06,-201.005026698E-03
+165.544000E-06,-201.005026698E-03
+165.552000E-06,-201.005026698E-03
+165.560000E-06,-402.010049823E-03
+165.568000E-06,-201.005030271E-03
+165.576000E-06,-201.005026698E-03
+165.584000E-06,-201.005026698E-03
+165.592000E-06,-201.005026698E-03
+165.600000E-06,-201.005026698E-03
+165.608000E-06,-201.005026698E-03
+165.616000E-06,-201.005026698E-03
+165.624000E-06,-402.010049822E-03
+165.632000E-06,-201.005030272E-03
+165.640000E-06,-201.005026698E-03
+165.648000E-06,-402.010049822E-03
+165.656000E-06,-201.005030274E-03
+165.664000E-06,-201.005026698E-03
+165.672000E-06,-201.005026698E-03
+165.680000E-06,-201.005026698E-03
+165.688000E-06,-201.005026698E-03
+165.696000E-06,-201.005026698E-03
+165.704000E-06,-201.005026698E-03
+165.712000E-06,-402.010049819E-03
+165.720000E-06,-402.010053396E-03
+165.728000E-06,-402.010053396E-03
+165.736000E-06,-201.005030275E-03
+165.744000E-06,-201.005026698E-03
+165.752000E-06,-201.005026698E-03
+165.760000E-06,-201.005026698E-03
+165.768000E-06,-201.005026698E-03
+165.776000E-06,-201.005026698E-03
+165.784000E-06,-201.005026698E-03
+165.792000E-06,-201.005026698E-03
+165.800000E-06,-201.005026698E-03
+165.808000E-06,-201.005026698E-03
+165.816000E-06,-201.005026698E-03
+165.824000E-06,-201.005026698E-03
+165.832000E-06,-201.005026698E-03
+165.840000E-06,-201.005026698E-03
+165.848000E-06,-201.005026698E-03
+165.856000E-06,-201.005026698E-03
+165.864000E-06,-201.005026698E-03
+165.872000E-06,-201.005026698E-03
+165.880000E-06,-201.005026698E-03
+165.888000E-06,-402.010049813E-03
+165.896000E-06,-201.005030281E-03
+165.904000E-06,-201.005026698E-03
+165.912000E-06,-201.005026698E-03
+165.920000E-06,-201.005026698E-03
+165.928000E-06,-201.005026698E-03
+165.936000E-06,-201.005026698E-03
+165.944000E-06,-201.005026698E-03
+165.952000E-06,-201.005026698E-03
+165.960000E-06,-201.005026698E-03
+165.968000E-06,-201.005026698E-03
+165.976000E-06,-201.005026698E-03
+165.984000E-06,-201.005026698E-03
+165.992000E-06,-201.005026698E-03
+166.000000E-06,-402.010049810E-03
+166.008000E-06,-201.005030284E-03
+166.016000E-06,-201.005026698E-03
+166.024000E-06,-201.005026698E-03
+166.032000E-06,-201.005026698E-03
+166.040000E-06,-201.005026698E-03
+166.048000E-06,-201.005026698E-03
+166.056000E-06,-201.005026698E-03
+166.064000E-06,-201.005026698E-03
+166.072000E-06,-201.005026698E-03
+166.080000E-06,-201.005026698E-03
+166.088000E-06,-201.005026698E-03
+166.096000E-06,-201.005026698E-03
+166.104000E-06,-201.005026698E-03
+166.112000E-06,-201.005026698E-03
+166.120000E-06,-201.005026698E-03
+166.128000E-06,-201.005026698E-03
+166.136000E-06,-201.005026698E-03
+166.144000E-06,-201.005026698E-03
+166.152000E-06,-201.005026698E-03
+166.160000E-06,-201.005026698E-03
+166.168000E-06,-201.005026698E-03
+166.176000E-06,-201.005026698E-03
+166.184000E-06,-201.005026698E-03
+166.192000E-06,-201.005026698E-03
+166.200000E-06,-201.005026698E-03
+166.208000E-06,-201.005026698E-03
+166.216000E-06,-201.005026698E-03
+166.224000E-06,-201.005026698E-03
+166.232000E-06,-201.005026698E-03
+166.240000E-06,-201.005026698E-03
+166.248000E-06,-201.005026698E-03
+166.256000E-06,-201.005026698E-03
+166.264000E-06,-201.005026698E-03
+166.272000E-06,-201.005026698E-03
+166.280000E-06,-201.005026698E-03
+166.288000E-06,-201.005026698E-03
+166.296000E-06,-201.005026698E-03
+166.304000E-06,-201.005026698E-03
+166.312000E-06,-201.005026698E-03
+166.320000E-06,-201.005026698E-03
+166.328000E-06,-201.005026698E-03
+166.336000E-06,-201.005026698E-03
+166.344000E-06,-201.005026698E-03
+166.352000E-06,-201.005026698E-03
+166.360000E-06,-201.005026698E-03
+166.368000E-06,-402.010049798E-03
+166.376000E-06,-7.196E-09
+166.384000E-06,-201.005023100E-03
+166.392000E-06,-201.005026698E-03
+166.400000E-06,-201.005026698E-03
+166.408000E-06,-201.005026698E-03
+166.416000E-06,-201.005026698E-03
+166.424000E-06,-201.005026698E-03
+166.432000E-06,-201.005026698E-03
+166.440000E-06,-402.010049797E-03
+166.448000E-06,-201.005030297E-03
+166.456000E-06,-201.005026698E-03
+166.464000E-06,-201.005026698E-03
+166.472000E-06,-201.005026698E-03
+166.480000E-06,-201.005026698E-03
+166.488000E-06,-201.005026698E-03
+166.496000E-06,-201.005026698E-03
+166.504000E-06,-201.005026698E-03
+166.512000E-06,-201.005026698E-03
+166.520000E-06,-201.005026698E-03
+166.528000E-06,-201.005026698E-03
+166.536000E-06,-201.005026698E-03
+166.544000E-06,-201.005026698E-03
+166.552000E-06,-201.005026698E-03
+166.560000E-06,-201.005026698E-03
+166.568000E-06,-402.010049793E-03
+166.576000E-06,-201.005030302E-03
+166.584000E-06,-201.005026698E-03
+166.592000E-06,-201.005026698E-03
+166.600000E-06,-201.005026698E-03
+166.608000E-06,-201.005026698E-03
+166.616000E-06,-201.005026698E-03
+166.624000E-06,-201.005026698E-03
+166.632000E-06,-402.010049791E-03
+166.640000E-06,-201.005030303E-03
+166.648000E-06,-201.005026698E-03
+166.656000E-06,-201.005026698E-03
+166.664000E-06,-201.005026698E-03
+166.672000E-06,-201.005026698E-03
+166.680000E-06,-201.005026698E-03
+166.688000E-06,-201.005026698E-03
+166.696000E-06,-201.005026698E-03
+166.704000E-06,-201.005026698E-03
+166.712000E-06,-201.005026698E-03
+166.720000E-06,-201.005026698E-03
+166.728000E-06,-201.005026698E-03
+166.736000E-06,-201.005026698E-03
+166.744000E-06,-201.005026698E-03
+166.752000E-06,-201.005026698E-03
+166.760000E-06,-201.005026698E-03
+166.768000E-06,-201.005026698E-03
+166.776000E-06,-201.005026698E-03
+166.784000E-06,-201.005026698E-03
+166.792000E-06,-3.609E-09
+166.800000E-06,-201.005023089E-03
+166.808000E-06,-201.005026698E-03
+166.816000E-06,-402.010049787E-03
+166.824000E-06,-201.005030308E-03
+166.832000E-06,-201.005026698E-03
+166.840000E-06,-201.005026698E-03
+166.848000E-06,-201.005026698E-03
+166.856000E-06,-201.005026698E-03
+166.864000E-06,-201.005026698E-03
+166.872000E-06,-201.005026698E-03
+166.880000E-06,-201.005026698E-03
+166.888000E-06,-201.005026698E-03
+166.896000E-06,-201.005026698E-03
+166.904000E-06,-201.005026698E-03
+166.912000E-06,-201.005026698E-03
+166.920000E-06,-201.005026698E-03
+166.928000E-06,-201.005026698E-03
+166.936000E-06,-201.005026698E-03
+166.944000E-06,-201.005026698E-03
+166.952000E-06,-201.005026698E-03
+166.960000E-06,-201.005026698E-03
+166.968000E-06,-201.005026698E-03
+166.976000E-06,-201.005026698E-03
+166.984000E-06,-201.005026698E-03
+166.992000E-06,-201.005026698E-03
+167.000000E-06,-201.005026698E-03
+167.008000E-06,-201.005026698E-03
+167.016000E-06,-201.005026698E-03
+167.024000E-06,-201.005026698E-03
+167.032000E-06,-201.005026698E-03
+167.040000E-06,-201.005026698E-03
+167.048000E-06,-201.005026698E-03
+167.056000E-06,-201.005026698E-03
+167.064000E-06,-201.005026698E-03
+167.072000E-06,-201.005026698E-03
+167.080000E-06,-201.005026698E-03
+167.088000E-06,-201.005026698E-03
+167.096000E-06,-201.005026698E-03
+167.104000E-06,-201.005026698E-03
+167.112000E-06,-402.010049778E-03
+167.120000E-06,-201.005030318E-03
+167.128000E-06,-201.005026698E-03
+167.136000E-06,-3.620E-09
+167.144000E-06,-201.005023077E-03
+167.152000E-06,-3.621E-09
+167.160000E-06,-201.005023077E-03
+167.168000E-06,-201.005026698E-03
+167.176000E-06,-201.005026698E-03
+167.184000E-06,-3.621E-09
+167.192000E-06,-201.005023077E-03
+167.200000E-06,-3.621E-09
+167.208000E-06,-201.005023077E-03
+167.216000E-06,-201.005026698E-03
+167.224000E-06,-201.005026698E-03
+167.232000E-06,-201.005026698E-03
+167.240000E-06,-201.005026698E-03
+167.248000E-06,-201.005026698E-03
+167.256000E-06,-201.005026698E-03
+167.264000E-06,-201.005026698E-03
+167.272000E-06,-201.005026698E-03
+167.280000E-06,-201.005026698E-03
+167.288000E-06,-201.005026698E-03
+167.296000E-06,-201.005026698E-03
+167.304000E-06,-201.005026698E-03
+167.312000E-06,-3.626E-09
+167.320000E-06,-201.005023073E-03
+167.328000E-06,-201.005026698E-03
+167.336000E-06,-201.005026698E-03
+167.344000E-06,-201.005026698E-03
+167.352000E-06,-201.005026698E-03
+167.360000E-06,-402.010049769E-03
+167.368000E-06,-201.005030325E-03
+167.376000E-06,-201.005026698E-03
+167.384000E-06,-201.005026698E-03
+167.392000E-06,-201.005026698E-03
+167.400000E-06,-201.005026698E-03
+167.408000E-06,-201.005026698E-03
+167.416000E-06,-201.005026698E-03
+167.424000E-06,-201.005026698E-03
+167.432000E-06,-201.005026698E-03
+167.440000E-06,-201.005026698E-03
+167.448000E-06,-201.005026698E-03
+167.456000E-06,-201.005026698E-03
+167.464000E-06,-201.005026698E-03
+167.472000E-06,-201.005026698E-03
+167.480000E-06,-201.005026698E-03
+167.488000E-06,-201.005026698E-03
+167.496000E-06,-201.005026698E-03
+167.504000E-06,-201.005026698E-03
+167.512000E-06,-201.005026698E-03
+167.520000E-06,-201.005026698E-03
+167.528000E-06,-201.005026698E-03
+167.536000E-06,-201.005026698E-03
+167.544000E-06,-3.633E-09
+167.552000E-06,-201.005023065E-03
+167.560000E-06,-3.633E-09
+167.568000E-06,-201.005023065E-03
+167.576000E-06,-201.005026698E-03
+167.584000E-06,-201.005026698E-03
+167.592000E-06,-201.005026698E-03
+167.600000E-06,-201.005026698E-03
+167.608000E-06,-402.010049762E-03
+167.616000E-06,-201.005030332E-03
+167.624000E-06,-201.005026698E-03
+167.632000E-06,-3.636E-09
+167.640000E-06,-201.005023062E-03
+167.648000E-06,-201.005026698E-03
+167.656000E-06,-201.005026698E-03
+167.664000E-06,-3.636E-09
+167.672000E-06,-201.005023062E-03
+167.680000E-06,-201.005026698E-03
+167.688000E-06,-402.010049760E-03
+167.696000E-06,-7.272E-09
+167.704000E-06,-201.005023061E-03
+167.712000E-06,-201.005026698E-03
+167.720000E-06,-201.005026698E-03
+167.728000E-06,-201.005026698E-03
+167.736000E-06,-3.639E-09
+167.744000E-06,+0.0E+00
+167.752000E-06,-201.005023059E-03
+167.760000E-06,-201.005026698E-03
+167.768000E-06,-3.639E-09
+167.776000E-06,-201.005023059E-03
+167.784000E-06,-201.005026698E-03
+167.792000E-06,-201.005026698E-03
+167.800000E-06,-3.640E-09
+167.808000E-06,-201.005023058E-03
+167.816000E-06,-201.005026698E-03
+167.824000E-06,-201.005026698E-03
+167.832000E-06,-201.005026698E-03
+167.840000E-06,-201.005026698E-03
+167.848000E-06,-201.005026698E-03
+167.856000E-06,-201.005026698E-03
+167.864000E-06,-3.642E-09
+167.872000E-06,-201.005023056E-03
+167.880000E-06,-3.642E-09
+167.888000E-06,-201.005023056E-03
+167.896000E-06,-3.643E-09
+167.904000E-06,-201.005023055E-03
+167.912000E-06,-201.005026698E-03
+167.920000E-06,-201.005026698E-03
+167.928000E-06,-201.005026698E-03
+167.936000E-06,-201.005026698E-03
+167.944000E-06,-3.645E-09
+167.952000E-06,+0.0E+00
+167.960000E-06,-201.005023054E-03
+167.968000E-06,-201.005026698E-03
+167.976000E-06,-201.005026698E-03
+167.984000E-06,-3.645E-09
+167.992000E-06,-201.005023054E-03
+168.000000E-06,-201.005026698E-03
+168.008000E-06,-201.005026698E-03
+168.016000E-06,-201.005026698E-03
+168.024000E-06,-201.005026698E-03
+168.032000E-06,-201.005026698E-03
+168.040000E-06,-3.647E-09
+168.048000E-06,+0.0E+00
+168.056000E-06,-201.005023051E-03
+168.064000E-06,-201.005026698E-03
+168.072000E-06,-3.647E-09
+168.080000E-06,-201.005023051E-03
+168.088000E-06,-3.647E-09
+168.096000E-06,-201.005023049E-03
+168.104000E-06,-201.005026698E-03
+168.112000E-06,-3.649E-09
+168.120000E-06,+0.0E+00
+168.128000E-06,-201.005023048E-03
+168.136000E-06,-201.005026698E-03
+168.144000E-06,-201.005026698E-03
+168.152000E-06,-201.005026698E-03
+168.160000E-06,-201.005026698E-03
+168.168000E-06,-201.005026698E-03
+168.176000E-06,-3.650E-09
+168.184000E-06,-201.005023048E-03
+168.192000E-06,-201.005026698E-03
+168.200000E-06,-3.652E-09
+168.208000E-06,+0.0E+00
+168.216000E-06,-201.005023045E-03
+168.224000E-06,-3.653E-09
+168.232000E-06,-201.005023045E-03
+168.240000E-06,-3.653E-09
+168.248000E-06,-201.005023045E-03
+168.256000E-06,-201.005026698E-03
+168.264000E-06,-201.005026698E-03
+168.272000E-06,-201.005026698E-03
+168.280000E-06,-201.005026698E-03
+168.288000E-06,-201.005026698E-03
+168.296000E-06,-201.005026698E-03
+168.304000E-06,-201.005026698E-03
+168.312000E-06,-3.656E-09
+168.320000E-06,+0.0E+00
+168.328000E-06,-201.005023042E-03
+168.336000E-06,-201.005026698E-03
+168.344000E-06,-3.656E-09
+168.352000E-06,+0.0E+00
+168.360000E-06,-201.005023042E-03
+168.368000E-06,-201.005026698E-03
+168.376000E-06,-3.656E-09
+168.384000E-06,+0.0E+00
+168.392000E-06,+0.0E+00
+168.400000E-06,+0.0E+00
+168.408000E-06,+0.0E+00
+168.416000E-06,-201.005023039E-03
+168.424000E-06,-3.659E-09
+168.432000E-06,+0.0E+00
+168.440000E-06,-201.005023039E-03
+168.448000E-06,-201.005026698E-03
+168.456000E-06,-201.005026698E-03
+168.464000E-06,-3.659E-09
+168.472000E-06,+0.0E+00
+168.480000E-06,-201.005023039E-03
+168.488000E-06,-201.005026698E-03
+168.496000E-06,-3.661E-09
+168.504000E-06,-201.005023037E-03
+168.512000E-06,-201.005026698E-03
+168.520000E-06,-201.005026698E-03
+168.528000E-06,-201.005026698E-03
+168.536000E-06,-201.005026698E-03
+168.544000E-06,-3.662E-09
+168.552000E-06,-201.005023036E-03
+168.560000E-06,-3.662E-09
+168.568000E-06,-201.005023036E-03
+168.576000E-06,-201.005026698E-03
+168.584000E-06,-201.005026698E-03
+168.592000E-06,-201.005026698E-03
+168.600000E-06,-201.005026698E-03
+168.608000E-06,-201.005026698E-03
+168.616000E-06,-3.665E-09
+168.624000E-06,+0.0E+00
+168.632000E-06,-201.005023033E-03
+168.640000E-06,-3.665E-09
+168.648000E-06,+0.0E+00
+168.656000E-06,-201.005023033E-03
+168.664000E-06,-3.665E-09
+168.672000E-06,+0.0E+00
+168.680000E-06,-201.005023032E-03
+168.688000E-06,-3.666E-09
+168.696000E-06,-201.005023032E-03
+168.704000E-06,-201.005026698E-03
+168.712000E-06,-201.005026698E-03
+168.720000E-06,-201.005026698E-03
+168.728000E-06,-3.668E-09
+168.736000E-06,-201.005023030E-03
+168.744000E-06,-3.668E-09
+168.752000E-06,-201.005023030E-03
+168.760000E-06,-3.668E-09
+168.768000E-06,+0.0E+00
+168.776000E-06,-201.005023029E-03
+168.784000E-06,-201.005026698E-03
+168.792000E-06,-3.669E-09
+168.800000E-06,-201.005023027E-03
+168.808000E-06,-3.671E-09
+168.816000E-06,+0.0E+00
+168.824000E-06,+0.0E+00
+168.832000E-06,-201.005023027E-03
+168.840000E-06,-201.005026698E-03
+168.848000E-06,-201.005026698E-03
+168.856000E-06,-3.671E-09
+168.864000E-06,+0.0E+00
+168.872000E-06,+0.0E+00
+168.880000E-06,+0.0E+00
+168.888000E-06,-201.005023026E-03
+168.896000E-06,-3.674E-09
+168.904000E-06,-201.005023024E-03
+168.912000E-06,-3.674E-09
+168.920000E-06,-201.005023024E-03
+168.928000E-06,-201.005026698E-03
+168.936000E-06,-201.005026698E-03
+168.944000E-06,-3.674E-09
+168.952000E-06,+0.0E+00
+168.960000E-06,-201.005023024E-03
+168.968000E-06,-201.005026698E-03
+168.976000E-06,-3.675E-09
+168.984000E-06,+0.0E+00
+168.992000E-06,+0.0E+00
+169.000000E-06,-201.005023021E-03
+169.008000E-06,-3.677E-09
+169.016000E-06,-201.005023021E-03
+169.024000E-06,-3.677E-09
+169.032000E-06,+0.0E+00
+169.040000E-06,-201.005023021E-03
+169.048000E-06,-3.677E-09
+169.056000E-06,-201.005023021E-03
+169.064000E-06,-3.677E-09
+169.072000E-06,+0.0E+00
+169.080000E-06,+0.0E+00
+169.088000E-06,-201.005023020E-03
+169.096000E-06,-201.005026698E-03
+169.104000E-06,-201.005026698E-03
+169.112000E-06,-201.005026698E-03
+169.120000E-06,-3.680E-09
+169.128000E-06,-201.005023018E-03
+169.136000E-06,-3.680E-09
+169.144000E-06,+0.0E+00
+169.152000E-06,-201.005023018E-03
+169.160000E-06,-3.680E-09
+169.168000E-06,-201.005023017E-03
+169.176000E-06,-3.681E-09
+169.184000E-06,-201.005023017E-03
+169.192000E-06,-3.683E-09
+169.200000E-06,-201.005023016E-03
+169.208000E-06,-3.683E-09
+169.216000E-06,-201.005023016E-03
+169.224000E-06,-201.005026698E-03
+169.232000E-06,-3.683E-09
+169.240000E-06,-201.005023016E-03
+169.248000E-06,-3.683E-09
+169.256000E-06,-201.005023016E-03
+169.264000E-06,-3.684E-09
+169.272000E-06,-201.005023014E-03
+169.280000E-06,-201.005026698E-03
+169.288000E-06,-201.005026698E-03
+169.296000E-06,-3.686E-09
+169.304000E-06,-201.005023013E-03
+169.312000E-06,-3.686E-09
+169.320000E-06,+0.0E+00
+169.328000E-06,+0.0E+00
+169.336000E-06,+0.0E+00
+169.344000E-06,+0.0E+00
+169.352000E-06,-201.005023013E-03
+169.360000E-06,-3.687E-09
+169.368000E-06,+0.0E+00
+169.376000E-06,+0.0E+00
+169.384000E-06,+0.0E+00
+169.392000E-06,-201.005023010E-03
+169.400000E-06,-3.688E-09
+169.408000E-06,-201.005023010E-03
+169.416000E-06,-3.688E-09
+169.424000E-06,-201.005023010E-03
+169.432000E-06,-3.688E-09
+169.440000E-06,+0.0E+00
+169.448000E-06,-201.005023010E-03
+169.456000E-06,-201.005026698E-03
+169.464000E-06,-3.690E-09
+169.472000E-06,+0.0E+00
+169.480000E-06,+0.0E+00
+169.488000E-06,+0.0E+00
+169.496000E-06,-201.005023007E-03
+169.504000E-06,-201.005026698E-03
+169.512000E-06,-3.691E-09
+169.520000E-06,+0.0E+00
+169.528000E-06,+0.0E+00
+169.536000E-06,+0.0E+00
+169.544000E-06,+0.0E+00
+169.552000E-06,+0.0E+00
+169.560000E-06,+0.0E+00
+169.568000E-06,-201.005023005E-03
+169.576000E-06,-3.694E-09
+169.584000E-06,-201.005023004E-03
+169.592000E-06,-3.694E-09
+169.600000E-06,+0.0E+00
+169.608000E-06,+0.0E+00
+169.616000E-06,+0.0E+00
+169.624000E-06,+0.0E+00
+169.632000E-06,+0.0E+00
+169.640000E-06,-201.005023004E-03
+169.648000E-06,-3.694E-09
+169.656000E-06,+0.0E+00
+169.664000E-06,-201.005023002E-03
+169.672000E-06,-3.696E-09
+169.680000E-06,+0.0E+00
+169.688000E-06,+0.0E+00
+169.696000E-06,+0.0E+00
+169.704000E-06,+0.0E+00
+169.712000E-06,+0.0E+00
+169.720000E-06,+0.0E+00
+169.728000E-06,+0.0E+00
+169.736000E-06,-201.005023001E-03
+169.744000E-06,-3.697E-09
+169.752000E-06,-201.005022999E-03
+169.760000E-06,-201.005026698E-03
+169.768000E-06,-3.699E-09
+169.776000E-06,+0.0E+00
+169.784000E-06,+0.0E+00
+169.792000E-06,+0.0E+00
+169.800000E-06,+0.0E+00
+169.808000E-06,+0.0E+00
+169.816000E-06,+0.0E+00
+169.824000E-06,+0.0E+00
+169.832000E-06,+0.0E+00
+169.840000E-06,-201.005022998E-03
+169.848000E-06,-3.702E-09
+169.856000E-06,+0.0E+00
+169.864000E-06,+0.0E+00
+169.872000E-06,+0.0E+00
+169.880000E-06,+0.0E+00
+169.888000E-06,+0.0E+00
+169.896000E-06,+0.0E+00
+169.904000E-06,+0.0E+00
+169.912000E-06,+0.0E+00
+169.920000E-06,+0.0E+00
+169.928000E-06,+0.0E+00
+169.936000E-06,+0.0E+00
+169.944000E-06,+0.0E+00
+169.952000E-06,+0.0E+00
+169.960000E-06,+0.0E+00
+169.968000E-06,-201.005022992E-03
+169.976000E-06,-3.706E-09
+169.984000E-06,+0.0E+00
+169.992000E-06,+0.0E+00
+170.000000E-06,+0.0E+00
+170.008000E-06,-201.005022992E-03
+170.016000E-06,-3.706E-09
+170.024000E-06,-201.005022992E-03
+170.032000E-06,-3.706E-09
+170.040000E-06,+0.0E+00
+170.048000E-06,+0.0E+00
+170.056000E-06,+0.0E+00
+170.064000E-06,+0.0E+00
+170.072000E-06,+0.0E+00
+170.080000E-06,+0.0E+00
+170.088000E-06,+0.0E+00
+170.096000E-06,+0.0E+00
+170.104000E-06,+0.0E+00
+170.112000E-06,+0.0E+00
+170.120000E-06,+201.005022989E-03
+170.128000E-06,-201.005019280E-03
+170.136000E-06,-3.710E-09
+170.144000E-06,-201.005022988E-03
+170.152000E-06,-201.005026698E-03
+170.160000E-06,-3.710E-09
+170.168000E-06,+0.0E+00
+170.176000E-06,+0.0E+00
+170.184000E-06,+0.0E+00
+170.192000E-06,+0.0E+00
+170.200000E-06,+0.0E+00
+170.208000E-06,+0.0E+00
+170.216000E-06,+0.0E+00
+170.224000E-06,+0.0E+00
+170.232000E-06,+0.0E+00
+170.240000E-06,+0.0E+00
+170.248000E-06,+0.0E+00
+170.256000E-06,+0.0E+00
+170.264000E-06,+0.0E+00
+170.272000E-06,-201.005022983E-03
+170.280000E-06,-201.005026698E-03
+170.288000E-06,-3.715E-09
+170.296000E-06,+0.0E+00
+170.304000E-06,+0.0E+00
+170.312000E-06,+0.0E+00
+170.320000E-06,+0.0E+00
+170.328000E-06,+201.005022983E-03
+170.336000E-06,+3.716E-09
+170.344000E-06,-201.005022982E-03
+170.352000E-06,-3.716E-09
+170.360000E-06,+0.0E+00
+170.368000E-06,+0.0E+00
+170.376000E-06,-201.005022980E-03
+170.384000E-06,-3.718E-09
+170.392000E-06,+0.0E+00
+170.400000E-06,+0.0E+00
+170.408000E-06,+0.0E+00
+170.416000E-06,+0.0E+00
+170.424000E-06,+0.0E+00
+170.432000E-06,+0.0E+00
+170.440000E-06,+0.0E+00
+170.448000E-06,+0.0E+00
+170.456000E-06,+0.0E+00
+170.464000E-06,+0.0E+00
+170.472000E-06,+0.0E+00
+170.480000E-06,+0.0E+00
+170.488000E-06,+0.0E+00
+170.496000E-06,+0.0E+00
+170.504000E-06,+0.0E+00
+170.512000E-06,+0.0E+00
+170.520000E-06,+0.0E+00
+170.528000E-06,+0.0E+00
+170.536000E-06,+0.0E+00
+170.544000E-06,+0.0E+00
+170.552000E-06,+0.0E+00
+170.560000E-06,+0.0E+00
+170.568000E-06,+0.0E+00
+170.576000E-06,+0.0E+00
+170.584000E-06,+0.0E+00
+170.592000E-06,+0.0E+00
+170.600000E-06,+0.0E+00
+170.608000E-06,+0.0E+00
+170.616000E-06,+0.0E+00
+170.624000E-06,+0.0E+00
+170.632000E-06,+0.0E+00
+170.640000E-06,+0.0E+00
+170.648000E-06,+0.0E+00
+170.656000E-06,+0.0E+00
+170.664000E-06,+0.0E+00
+170.672000E-06,+0.0E+00
+170.680000E-06,+0.0E+00
+170.688000E-06,+0.0E+00
+170.696000E-06,+0.0E+00
+170.704000E-06,+0.0E+00
+170.712000E-06,+0.0E+00
+170.720000E-06,+0.0E+00
+170.728000E-06,+0.0E+00
+170.736000E-06,+0.0E+00
+170.744000E-06,+0.0E+00
+170.752000E-06,+0.0E+00
+170.760000E-06,+0.0E+00
+170.768000E-06,+0.0E+00
+170.776000E-06,+0.0E+00
+170.784000E-06,+0.0E+00
+170.792000E-06,+0.0E+00
+170.800000E-06,+0.0E+00
+170.808000E-06,+0.0E+00
+170.816000E-06,+0.0E+00
+170.824000E-06,+201.005022967E-03
+170.832000E-06,+201.005026698E-03
+170.840000E-06,+3.731E-09
+170.848000E-06,+0.0E+00
+170.856000E-06,+0.0E+00
+170.864000E-06,+0.0E+00
+170.872000E-06,+0.0E+00
+170.880000E-06,+0.0E+00
+170.888000E-06,+0.0E+00
+170.896000E-06,+0.0E+00
+170.904000E-06,+0.0E+00
+170.912000E-06,+0.0E+00
+170.920000E-06,+0.0E+00
+170.928000E-06,+0.0E+00
+170.936000E-06,+0.0E+00
+170.944000E-06,+0.0E+00
+170.952000E-06,+0.0E+00
+170.960000E-06,+201.005022963E-03
+170.968000E-06,+3.735E-09
+170.976000E-06,+0.0E+00
+170.984000E-06,+0.0E+00
+170.992000E-06,+0.0E+00
+171.000000E-06,+0.0E+00
+171.008000E-06,+0.0E+00
+171.016000E-06,+0.0E+00
+171.024000E-06,+0.0E+00
+171.032000E-06,+0.0E+00
+171.040000E-06,+0.0E+00
+171.048000E-06,+0.0E+00
+171.056000E-06,+0.0E+00
+171.064000E-06,+0.0E+00
+171.072000E-06,+0.0E+00
+171.080000E-06,+0.0E+00
+171.088000E-06,+0.0E+00
+171.096000E-06,+0.0E+00
+171.104000E-06,+201.005022960E-03
+171.112000E-06,+3.740E-09
+171.120000E-06,+201.005022958E-03
+171.128000E-06,+3.740E-09
+171.136000E-06,+0.0E+00
+171.144000E-06,-201.005022957E-03
+171.152000E-06,-3.741E-09
+171.160000E-06,+0.0E+00
+171.168000E-06,+0.0E+00
+171.176000E-06,+0.0E+00
+171.184000E-06,+0.0E+00
+171.192000E-06,+0.0E+00
+171.200000E-06,+0.0E+00
+171.208000E-06,+0.0E+00
+171.216000E-06,+0.0E+00
+171.224000E-06,+0.0E+00
+171.232000E-06,+201.005022954E-03
+171.240000E-06,+3.744E-09
+171.248000E-06,+0.0E+00
+171.256000E-06,+0.0E+00
+171.264000E-06,+0.0E+00
+171.272000E-06,+0.0E+00
+171.280000E-06,+0.0E+00
+171.288000E-06,+0.0E+00
+171.296000E-06,+0.0E+00
+171.304000E-06,-201.005022954E-03
+171.312000E-06,-3.745E-09
+171.320000E-06,+0.0E+00
+171.328000E-06,+0.0E+00
+171.336000E-06,+0.0E+00
+171.344000E-06,+0.0E+00
+171.352000E-06,+0.0E+00
+171.360000E-06,+0.0E+00
+171.368000E-06,+0.0E+00
+171.376000E-06,+0.0E+00
+171.384000E-06,+0.0E+00
+171.392000E-06,+0.0E+00
+171.400000E-06,+0.0E+00
+171.408000E-06,+0.0E+00
+171.416000E-06,+0.0E+00
+171.424000E-06,+0.0E+00
+171.432000E-06,+0.0E+00
+171.440000E-06,+0.0E+00
+171.448000E-06,+0.0E+00
+171.456000E-06,+0.0E+00
+171.464000E-06,+0.0E+00
+171.472000E-06,+0.0E+00
+171.480000E-06,+0.0E+00
+171.488000E-06,+0.0E+00
+171.496000E-06,+0.0E+00
+171.504000E-06,+0.0E+00
+171.512000E-06,+0.0E+00
+171.520000E-06,+201.005022947E-03
+171.528000E-06,+201.005026698E-03
+171.536000E-06,+201.005026698E-03
+171.544000E-06,+201.005026698E-03
+171.552000E-06,+3.753E-09
+171.560000E-06,+0.0E+00
+171.568000E-06,+0.0E+00
+171.576000E-06,+0.0E+00
+171.584000E-06,+0.0E+00
+171.592000E-06,+201.005022945E-03
+171.600000E-06,+201.005026698E-03
+171.608000E-06,+3.754E-09
+171.616000E-06,+0.0E+00
+171.624000E-06,+0.0E+00
+171.632000E-06,+0.0E+00
+171.640000E-06,+0.0E+00
+171.648000E-06,+0.0E+00
+171.656000E-06,+0.0E+00
+171.664000E-06,+0.0E+00
+171.672000E-06,+0.0E+00
+171.680000E-06,+201.005022942E-03
+171.688000E-06,+3.756E-09
+171.696000E-06,+0.0E+00
+171.704000E-06,+0.0E+00
+171.712000E-06,+0.0E+00
+171.720000E-06,+0.0E+00
+171.728000E-06,+0.0E+00
+171.736000E-06,+0.0E+00
+171.744000E-06,+0.0E+00
+171.752000E-06,+0.0E+00
+171.760000E-06,+0.0E+00
+171.768000E-06,+201.005022939E-03
+171.776000E-06,+201.005026698E-03
+171.784000E-06,+3.759E-09
+171.792000E-06,+0.0E+00
+171.800000E-06,+0.0E+00
+171.808000E-06,+0.0E+00
+171.816000E-06,+0.0E+00
+171.824000E-06,+0.0E+00
+171.832000E-06,+0.0E+00
+171.840000E-06,+0.0E+00
+171.848000E-06,+0.0E+00
+171.856000E-06,+0.0E+00
+171.864000E-06,+0.0E+00
+171.872000E-06,+0.0E+00
+171.880000E-06,+0.0E+00
+171.888000E-06,+0.0E+00
+171.896000E-06,+0.0E+00
+171.904000E-06,+0.0E+00
+171.912000E-06,+0.0E+00
+171.920000E-06,+0.0E+00
+171.928000E-06,+201.005022934E-03
+171.936000E-06,+201.005026698E-03
+171.944000E-06,+201.005026698E-03
+171.952000E-06,+201.005026698E-03
+171.960000E-06,+3.764E-09
+171.968000E-06,+0.0E+00
+171.976000E-06,+0.0E+00
+171.984000E-06,+0.0E+00
+171.992000E-06,+201.005022932E-03
+172.000000E-06,+201.005026698E-03
+172.008000E-06,+201.005026698E-03
+172.016000E-06,+3.767E-09
+172.024000E-06,+0.0E+00
+172.032000E-06,+201.005022931E-03
+172.040000E-06,+3.767E-09
+172.048000E-06,+0.0E+00
+172.056000E-06,+201.005022931E-03
+172.064000E-06,+3.767E-09
+172.072000E-06,+0.0E+00
+172.080000E-06,+0.0E+00
+172.088000E-06,+0.0E+00
+172.096000E-06,+0.0E+00
+172.104000E-06,+0.0E+00
+172.112000E-06,+0.0E+00
+172.120000E-06,+0.0E+00
+172.128000E-06,+201.005022928E-03
+172.136000E-06,+201.005026698E-03
+172.144000E-06,+3.770E-09
+172.152000E-06,+0.0E+00
+172.160000E-06,+201.005022928E-03
+172.168000E-06,+3.770E-09
+172.176000E-06,+0.0E+00
+172.184000E-06,+201.005022926E-03
+172.192000E-06,+3.772E-09
+172.200000E-06,+0.0E+00
+172.208000E-06,+0.0E+00
+172.216000E-06,+201.005022925E-03
+172.224000E-06,+201.005026698E-03
+172.232000E-06,+201.005026698E-03
+172.240000E-06,+201.005026698E-03
+172.248000E-06,+3.773E-09
+172.256000E-06,+0.0E+00
+172.264000E-06,+0.0E+00
+172.272000E-06,+0.0E+00
+172.280000E-06,+0.0E+00
+172.288000E-06,+0.0E+00
+172.296000E-06,+0.0E+00
+172.304000E-06,+0.0E+00
+172.312000E-06,+0.0E+00
+172.320000E-06,+0.0E+00
+172.328000E-06,+0.0E+00
+172.336000E-06,+201.005022922E-03
+172.344000E-06,+3.776E-09
+172.352000E-06,+201.005022922E-03
+172.360000E-06,+201.005026698E-03
+172.368000E-06,+3.776E-09
+172.376000E-06,+0.0E+00
+172.384000E-06,+0.0E+00
+172.392000E-06,+0.0E+00
+172.400000E-06,+201.005022920E-03
+172.408000E-06,+3.779E-09
+172.416000E-06,+0.0E+00
+172.424000E-06,+201.005022919E-03
+172.432000E-06,+3.779E-09
+172.440000E-06,+201.005022919E-03
+172.448000E-06,+3.779E-09
+172.456000E-06,+201.005022919E-03
+172.464000E-06,+201.005026698E-03
+172.472000E-06,+3.779E-09
+172.480000E-06,+0.0E+00
+172.488000E-06,+0.0E+00
+172.496000E-06,+0.0E+00
+172.504000E-06,+201.005022916E-03
+172.512000E-06,+3.782E-09
+172.520000E-06,+0.0E+00
+172.528000E-06,+201.005022916E-03
+172.536000E-06,+3.782E-09
+172.544000E-06,+201.005022916E-03
+172.552000E-06,+201.005026698E-03
+172.560000E-06,+3.782E-09
+172.568000E-06,+0.0E+00
+172.576000E-06,+0.0E+00
+172.584000E-06,+0.0E+00
+172.592000E-06,+0.0E+00
+172.600000E-06,+201.005022913E-03
+172.608000E-06,+3.785E-09
+172.616000E-06,+0.0E+00
+172.624000E-06,+201.005022913E-03
+172.632000E-06,+3.785E-09
+172.640000E-06,+0.0E+00
+172.648000E-06,+201.005022913E-03
+172.656000E-06,+3.785E-09
+172.664000E-06,+0.0E+00
+172.672000E-06,+201.005022912E-03
+172.680000E-06,+3.786E-09
+172.688000E-06,+201.005022912E-03
+172.696000E-06,+201.005026698E-03
+172.704000E-06,+3.788E-09
+172.712000E-06,+0.0E+00
+172.720000E-06,+0.0E+00
+172.728000E-06,+0.0E+00
+172.736000E-06,+201.005022910E-03
+172.744000E-06,+201.005026698E-03
+172.752000E-06,+201.005026698E-03
+172.760000E-06,+201.005026698E-03
+172.768000E-06,+3.789E-09
+172.776000E-06,+201.005022909E-03
+172.784000E-06,+3.789E-09
+172.792000E-06,+0.0E+00
+172.800000E-06,+201.005022907E-03
+172.808000E-06,+3.791E-09
+172.816000E-06,+0.0E+00
+172.824000E-06,+0.0E+00
+172.832000E-06,+201.005022907E-03
+172.840000E-06,+3.791E-09
+172.848000E-06,+0.0E+00
+172.856000E-06,+201.005022907E-03
+172.864000E-06,+201.005026698E-03
+172.872000E-06,+201.005026698E-03
+172.880000E-06,+3.792E-09
+172.888000E-06,+0.0E+00
+172.896000E-06,+201.005022904E-03
+172.904000E-06,+201.005026698E-03
+172.912000E-06,+201.005026698E-03
+172.920000E-06,+3.794E-09
+172.928000E-06,+0.0E+00
+172.936000E-06,+0.0E+00
+172.944000E-06,+0.0E+00
+172.952000E-06,+0.0E+00
+172.960000E-06,+201.005022904E-03
+172.968000E-06,+3.795E-09
+172.976000E-06,+0.0E+00
+172.984000E-06,+201.005022903E-03
+172.992000E-06,+3.797E-09
+173.000000E-06,+201.005022901E-03
+173.008000E-06,+201.005026698E-03
+173.016000E-06,+201.005026698E-03
+173.024000E-06,+3.797E-09
+173.032000E-06,+201.005022901E-03
+173.040000E-06,+3.797E-09
+173.048000E-06,+0.0E+00
+173.056000E-06,+0.0E+00
+173.064000E-06,+201.005022900E-03
+173.072000E-06,+201.005026698E-03
+173.080000E-06,+3.798E-09
+173.088000E-06,+0.0E+00
+173.096000E-06,+0.0E+00
+173.104000E-06,+0.0E+00
+173.112000E-06,+0.0E+00
+173.120000E-06,+201.005022899E-03
+173.128000E-06,+3.800E-09
+173.136000E-06,+0.0E+00
+173.144000E-06,+0.0E+00
+173.152000E-06,+0.0E+00
+173.160000E-06,+201.005022897E-03
+173.168000E-06,+201.005026698E-03
+173.176000E-06,+3.801E-09
+173.184000E-06,+0.0E+00
+173.192000E-06,+0.0E+00
+173.200000E-06,+0.0E+00
+173.208000E-06,+201.005022896E-03
+173.216000E-06,+201.005026698E-03
+173.224000E-06,+201.005026698E-03
+173.232000E-06,+3.803E-09
+173.240000E-06,+201.005022896E-03
+173.248000E-06,+201.005026698E-03
+173.256000E-06,+3.804E-09
+173.264000E-06,+0.0E+00
+173.272000E-06,+0.0E+00
+173.280000E-06,+201.005022893E-03
+173.288000E-06,+201.005026698E-03
+173.296000E-06,+201.005026698E-03
+173.304000E-06,+201.005026698E-03
+173.312000E-06,+3.805E-09
+173.320000E-06,+0.0E+00
+173.328000E-06,+0.0E+00
+173.336000E-06,+0.0E+00
+173.344000E-06,+0.0E+00
+173.352000E-06,+0.0E+00
+173.360000E-06,+0.0E+00
+173.368000E-06,+201.005022891E-03
+173.376000E-06,+201.005026698E-03
+173.384000E-06,+3.808E-09
+173.392000E-06,+0.0E+00
+173.400000E-06,+201.005022890E-03
+173.408000E-06,+3.808E-09
+173.416000E-06,+201.005022890E-03
+173.424000E-06,+201.005026698E-03
+173.432000E-06,+3.808E-09
+173.440000E-06,+201.005022890E-03
+173.448000E-06,+3.810E-09
+173.456000E-06,+0.0E+00
+173.464000E-06,+0.0E+00
+173.472000E-06,+0.0E+00
+173.480000E-06,+201.005022887E-03
+173.488000E-06,+3.811E-09
+173.496000E-06,+0.0E+00
+173.504000E-06,+0.0E+00
+173.512000E-06,+0.0E+00
+173.520000E-06,+0.0E+00
+173.528000E-06,+0.0E+00
+173.536000E-06,+201.005022887E-03
+173.544000E-06,+201.005026698E-03
+173.552000E-06,+201.005026698E-03
+173.560000E-06,+3.813E-09
+173.568000E-06,+0.0E+00
+173.576000E-06,+0.0E+00
+173.584000E-06,+0.0E+00
+173.592000E-06,+0.0E+00
+173.600000E-06,+0.0E+00
+173.608000E-06,+0.0E+00
+173.616000E-06,+201.005022884E-03
+173.624000E-06,+3.814E-09
+173.632000E-06,+0.0E+00
+173.640000E-06,+201.005022884E-03
+173.648000E-06,+201.005026698E-03
+173.656000E-06,+201.005026698E-03
+173.664000E-06,+3.816E-09
+173.672000E-06,+0.0E+00
+173.680000E-06,+201.005022881E-03
+173.688000E-06,+201.005026698E-03
+173.696000E-06,+3.817E-09
+173.704000E-06,+0.0E+00
+173.712000E-06,+0.0E+00
+173.720000E-06,+0.0E+00
+173.728000E-06,+201.005022881E-03
+173.736000E-06,+3.817E-09
+173.744000E-06,+0.0E+00
+173.752000E-06,+201.005022880E-03
+173.760000E-06,+3.819E-09
+173.768000E-06,+0.0E+00
+173.776000E-06,+0.0E+00
+173.784000E-06,+201.005022878E-03
+173.792000E-06,+3.820E-09
+173.800000E-06,+201.005022878E-03
+173.808000E-06,+201.005026698E-03
+173.816000E-06,+201.005026698E-03
+173.824000E-06,+3.820E-09
+173.832000E-06,+201.005022878E-03
+173.840000E-06,+201.005026698E-03
+173.848000E-06,+3.822E-09
+173.856000E-06,+0.0E+00
+173.864000E-06,+201.005022875E-03
+173.872000E-06,+201.005026698E-03
+173.880000E-06,+201.005026698E-03
+173.888000E-06,+3.823E-09
+173.896000E-06,+0.0E+00
+173.904000E-06,+0.0E+00
+173.912000E-06,+0.0E+00
+173.920000E-06,+201.005022875E-03
+173.928000E-06,+201.005026698E-03
+173.936000E-06,+3.824E-09
+173.944000E-06,+0.0E+00
+173.952000E-06,+0.0E+00
+173.960000E-06,+0.0E+00
+173.968000E-06,+0.0E+00
+173.976000E-06,+0.0E+00
+173.984000E-06,+201.005022872E-03
+173.992000E-06,+201.005026698E-03
+174.000000E-06,+201.005026698E-03
+174.008000E-06,+201.005026698E-03
+174.016000E-06,+3.826E-09
+174.024000E-06,+0.0E+00
+174.032000E-06,+201.005022871E-03
+174.040000E-06,+3.827E-09
+174.048000E-06,+201.005022871E-03
+174.056000E-06,+3.829E-09
+174.064000E-06,+201.005022869E-03
+174.072000E-06,+201.005026698E-03
+174.080000E-06,+201.005026698E-03
+174.088000E-06,+3.829E-09
+174.096000E-06,+201.005022869E-03
+174.104000E-06,+3.829E-09
+174.112000E-06,+201.005022869E-03
+174.120000E-06,+3.829E-09
+174.128000E-06,+0.0E+00
+174.136000E-06,+0.0E+00
+174.144000E-06,+0.0E+00
+174.152000E-06,+0.0E+00
+174.160000E-06,+0.0E+00
+174.168000E-06,+201.005022866E-03
+174.176000E-06,+201.005026698E-03
+174.184000E-06,+3.832E-09
+174.192000E-06,+0.0E+00
+174.200000E-06,+201.005022866E-03
+174.208000E-06,+201.005026698E-03
+174.216000E-06,+201.005026698E-03
+174.224000E-06,+201.005026698E-03
+174.232000E-06,+201.005026698E-03
+174.240000E-06,+201.005026698E-03
+174.248000E-06,+201.005026698E-03
+174.256000E-06,+3.835E-09
+174.264000E-06,+201.005022863E-03
+174.272000E-06,+201.005026698E-03
+174.280000E-06,+3.835E-09
+174.288000E-06,+201.005022863E-03
+174.296000E-06,+3.835E-09
+174.304000E-06,+0.0E+00
+174.312000E-06,+201.005022863E-03
+174.320000E-06,+3.835E-09
+174.328000E-06,+201.005022862E-03
+174.336000E-06,+201.005026698E-03
+174.344000E-06,+3.836E-09
+174.352000E-06,+0.0E+00
+174.360000E-06,+0.0E+00
+174.368000E-06,+201.005022861E-03
+174.376000E-06,+201.005026698E-03
+174.384000E-06,+201.005026698E-03
+174.392000E-06,+201.005026698E-03
+174.400000E-06,+3.838E-09
+174.408000E-06,+0.0E+00
+174.416000E-06,+0.0E+00
+174.424000E-06,+201.005022859E-03
+174.432000E-06,+201.005026698E-03
+174.440000E-06,+201.005026698E-03
+174.448000E-06,+3.841E-09
+174.456000E-06,+0.0E+00
+174.464000E-06,+0.0E+00
+174.472000E-06,+201.005022858E-03
+174.480000E-06,+201.005026698E-03
+174.488000E-06,+201.005026698E-03
+174.496000E-06,+3.841E-09
+174.504000E-06,+0.0E+00
+174.512000E-06,+0.0E+00
+174.520000E-06,+201.005022856E-03
+174.528000E-06,+201.005026698E-03
+174.536000E-06,+3.842E-09
+174.544000E-06,+201.005022855E-03
+174.552000E-06,+201.005026698E-03
+174.560000E-06,+3.843E-09
+174.568000E-06,+0.0E+00
+174.576000E-06,+0.0E+00
+174.584000E-06,+0.0E+00
+174.592000E-06,+201.005022855E-03
+174.600000E-06,+201.005026698E-03
+174.608000E-06,+201.005026698E-03
+174.616000E-06,+201.005026698E-03
+174.624000E-06,+201.005026698E-03
+174.632000E-06,+201.005026698E-03
+174.640000E-06,+201.005026698E-03
+174.648000E-06,+3.846E-09
+174.656000E-06,+201.005022852E-03
+174.664000E-06,+201.005026698E-03
+174.672000E-06,+201.005026698E-03
+174.680000E-06,+201.005026698E-03
+174.688000E-06,+201.005026698E-03
+174.696000E-06,+201.005026698E-03
+174.704000E-06,+201.005026698E-03
+174.712000E-06,+201.005026698E-03
+174.720000E-06,+201.005026698E-03
+174.728000E-06,+3.848E-09
+174.736000E-06,+201.005022850E-03
+174.744000E-06,+201.005026698E-03
+174.752000E-06,+201.005026698E-03
+174.760000E-06,+201.005026698E-03
+174.768000E-06,+3.849E-09
+174.776000E-06,+0.0E+00
+174.784000E-06,+0.0E+00
+174.792000E-06,+201.005022849E-03
+174.800000E-06,+3.849E-09
+174.808000E-06,+201.005022849E-03
+174.816000E-06,+3.851E-09
+174.824000E-06,+0.0E+00
+174.832000E-06,+0.0E+00
+174.840000E-06,+0.0E+00
+174.848000E-06,+0.0E+00
+174.856000E-06,+201.005022846E-03
+174.864000E-06,+201.005026698E-03
+174.872000E-06,+3.852E-09
+174.880000E-06,+201.005022846E-03
+174.888000E-06,+3.852E-09
+174.896000E-06,+201.005022846E-03
+174.904000E-06,+3.852E-09
+174.912000E-06,+0.0E+00
+174.920000E-06,+0.0E+00
+174.928000E-06,+0.0E+00
+174.936000E-06,+201.005022843E-03
+174.944000E-06,+3.855E-09
+174.952000E-06,+201.005022843E-03
+174.960000E-06,+201.005026698E-03
+174.968000E-06,+3.855E-09
+174.976000E-06,+201.005022843E-03
+174.984000E-06,+3.855E-09
+174.992000E-06,+0.0E+00
+175.000000E-06,+201.005022843E-03
+175.008000E-06,+201.005026698E-03
+175.016000E-06,+201.005026698E-03
+175.024000E-06,+3.857E-09
+175.032000E-06,+201.005022840E-03
+175.040000E-06,+3.858E-09
+175.048000E-06,+0.0E+00
+175.056000E-06,+0.0E+00
+175.064000E-06,+0.0E+00
+175.072000E-06,+201.005022840E-03
+175.080000E-06,+3.858E-09
+175.088000E-06,+201.005022840E-03
+175.096000E-06,+3.858E-09
+175.104000E-06,+201.005022839E-03
+175.112000E-06,+201.005026698E-03
+175.120000E-06,+201.005026698E-03
+175.128000E-06,+3.861E-09
+175.136000E-06,+0.0E+00
+175.144000E-06,+201.005022837E-03
+175.152000E-06,+3.861E-09
+175.160000E-06,+201.005022837E-03
+175.168000E-06,+201.005026698E-03
+175.176000E-06,+201.005026698E-03
+175.184000E-06,+3.861E-09
+175.192000E-06,+201.005022837E-03
+175.200000E-06,+3.861E-09
+175.208000E-06,+0.0E+00
+175.216000E-06,+201.005022836E-03
+175.224000E-06,+201.005026698E-03
+175.232000E-06,+3.864E-09
+175.240000E-06,+201.005022834E-03
+175.248000E-06,+201.005026698E-03
+175.256000E-06,+201.005026698E-03
+175.264000E-06,+3.864E-09
+175.272000E-06,+0.0E+00
+175.280000E-06,+0.0E+00
+175.288000E-06,+201.005022834E-03
+175.296000E-06,+201.005026698E-03
+175.304000E-06,+201.005026698E-03
+175.312000E-06,+201.005026698E-03
+175.320000E-06,+3.865E-09
+175.328000E-06,+201.005022831E-03
+175.336000E-06,+3.867E-09
+175.344000E-06,+0.0E+00
+175.352000E-06,+201.005022831E-03
+175.360000E-06,+3.867E-09
+175.368000E-06,+201.005022831E-03
+175.376000E-06,+3.867E-09
+175.384000E-06,+201.005022831E-03
+175.392000E-06,+3.867E-09
+175.400000E-06,+0.0E+00
+175.408000E-06,+201.005022830E-03
+175.416000E-06,+201.005026698E-03
+175.424000E-06,+201.005026698E-03
+175.432000E-06,+201.005026698E-03
+175.440000E-06,+201.005026698E-03
+175.448000E-06,+201.005026698E-03
+175.456000E-06,+3.870E-09
+175.464000E-06,+201.005022828E-03
+175.472000E-06,+3.870E-09
+175.480000E-06,+0.0E+00
+175.488000E-06,+201.005022828E-03
+175.496000E-06,+201.005026698E-03
+175.504000E-06,+201.005026698E-03
+175.512000E-06,+201.005026698E-03
+175.520000E-06,+201.005026698E-03
+175.528000E-06,+201.005026698E-03
+175.536000E-06,+3.873E-09
+175.544000E-06,+0.0E+00
+175.552000E-06,+0.0E+00
+175.560000E-06,+0.0E+00
+175.568000E-06,+201.005022825E-03
+175.576000E-06,+201.005026698E-03
+175.584000E-06,+3.873E-09
+175.592000E-06,+201.005022824E-03
+175.600000E-06,+201.005026698E-03
+175.608000E-06,+201.005026698E-03
+175.616000E-06,+201.005026698E-03
+175.624000E-06,+3.876E-09
+175.632000E-06,+0.0E+00
+175.640000E-06,+0.0E+00
+175.648000E-06,+201.005022822E-03
+175.656000E-06,+201.005026698E-03
+175.664000E-06,+3.876E-09
+175.672000E-06,+201.005022822E-03
+175.680000E-06,+201.005026698E-03
+175.688000E-06,+201.005026698E-03
+175.696000E-06,+3.877E-09
+175.704000E-06,+201.005022821E-03
+175.712000E-06,+3.879E-09
+175.720000E-06,+201.005022820E-03
+175.728000E-06,+3.879E-09
+175.736000E-06,+201.005022820E-03
+175.744000E-06,+201.005026698E-03
+175.752000E-06,+3.879E-09
+175.760000E-06,+201.005022820E-03
+175.768000E-06,+3.879E-09
+175.776000E-06,+0.0E+00
+175.784000E-06,+0.0E+00
+175.792000E-06,+0.0E+00
+175.800000E-06,+201.005022818E-03
+175.808000E-06,+3.880E-09
+175.816000E-06,+201.005022817E-03
+175.824000E-06,+201.005026698E-03
+175.832000E-06,+3.881E-09
+175.840000E-06,+201.005022817E-03
+175.848000E-06,+201.005026698E-03
+175.856000E-06,+3.881E-09
+175.864000E-06,+0.0E+00
+175.872000E-06,+0.0E+00
+175.880000E-06,+0.0E+00
+175.888000E-06,+201.005022815E-03
+175.896000E-06,+201.005026698E-03
+175.904000E-06,+201.005026698E-03
+175.912000E-06,+3.884E-09
+175.920000E-06,+0.0E+00
+175.928000E-06,+201.005022814E-03
+175.936000E-06,+3.884E-09
+175.944000E-06,+201.005022814E-03
+175.952000E-06,+3.884E-09
+175.960000E-06,+0.0E+00
+175.968000E-06,+201.005022814E-03
+175.976000E-06,+3.884E-09
+175.984000E-06,+0.0E+00
+175.992000E-06,+0.0E+00
+176.000000E-06,+201.005022812E-03
+176.008000E-06,+201.005026698E-03
+176.016000E-06,+201.005026698E-03
+176.024000E-06,+201.005026698E-03
+176.032000E-06,+3.887E-09
+176.040000E-06,+0.0E+00
+176.048000E-06,+201.005022811E-03
+176.056000E-06,+3.887E-09
+176.064000E-06,+201.005022811E-03
+176.072000E-06,+3.887E-09
+176.080000E-06,+0.0E+00
+176.088000E-06,+0.0E+00
+176.096000E-06,+201.005022809E-03
+176.104000E-06,+201.005026698E-03
+176.112000E-06,+3.890E-09
+176.120000E-06,+0.0E+00
+176.128000E-06,+0.0E+00
+176.136000E-06,+201.005022808E-03
+176.144000E-06,+3.890E-09
+176.152000E-06,+0.0E+00
+176.160000E-06,+201.005022808E-03
+176.168000E-06,+201.005026698E-03
+176.176000E-06,+201.005026698E-03
+176.184000E-06,+201.005026698E-03
+176.192000E-06,+201.005026698E-03
+176.200000E-06,+3.893E-09
+176.208000E-06,+201.005022805E-03
+176.216000E-06,+3.893E-09
+176.224000E-06,+0.0E+00
+176.232000E-06,+0.0E+00
+176.240000E-06,+201.005022805E-03
+176.248000E-06,+201.005026698E-03
+176.256000E-06,+3.893E-09
+176.264000E-06,+201.005022805E-03
+176.272000E-06,+3.895E-09
+176.280000E-06,+0.0E+00
+176.288000E-06,+0.0E+00
+176.296000E-06,+0.0E+00
+176.304000E-06,+201.005022802E-03
+176.312000E-06,+201.005026698E-03
+176.320000E-06,+3.896E-09
+176.328000E-06,+0.0E+00
+176.336000E-06,+201.005022802E-03
+176.344000E-06,+3.896E-09
+176.352000E-06,+0.0E+00
+176.360000E-06,+0.0E+00
+176.368000E-06,+201.005022802E-03
+176.376000E-06,+201.005026698E-03
+176.384000E-06,+201.005026698E-03
+176.392000E-06,+201.005026698E-03
+176.400000E-06,+201.005026698E-03
+176.408000E-06,+201.005026698E-03
+176.416000E-06,+3.899E-09
+176.424000E-06,+0.0E+00
+176.432000E-06,+0.0E+00
+176.440000E-06,+201.005022799E-03
+176.448000E-06,+3.899E-09
+176.456000E-06,+0.0E+00
+176.464000E-06,+201.005022799E-03
+176.472000E-06,+3.900E-09
+176.480000E-06,+201.005022798E-03
+176.488000E-06,+201.005026698E-03
+176.496000E-06,+201.005026698E-03
+176.504000E-06,+3.902E-09
+176.512000E-06,+201.005022796E-03
+176.520000E-06,+201.005026698E-03
+176.528000E-06,+3.902E-09
+176.536000E-06,+0.0E+00
+176.544000E-06,+0.0E+00
+176.552000E-06,+0.0E+00
+176.560000E-06,+0.0E+00
+176.568000E-06,+201.005022795E-03
+176.576000E-06,+3.903E-09
+176.584000E-06,+201.005022795E-03
+176.592000E-06,+201.005026698E-03
+176.600000E-06,+201.005026698E-03
+176.608000E-06,+3.905E-09
+176.616000E-06,+201.005022793E-03
+176.624000E-06,+3.905E-09
+176.632000E-06,+201.005022793E-03
+176.640000E-06,+201.005026698E-03
+176.648000E-06,+201.005026698E-03
+176.656000E-06,+3.905E-09
+176.664000E-06,+0.0E+00
+176.672000E-06,+201.005022792E-03
+176.680000E-06,+3.906E-09
+176.688000E-06,+0.0E+00
+176.696000E-06,+0.0E+00
+176.704000E-06,+201.005022790E-03
+176.712000E-06,+201.005026698E-03
+176.720000E-06,+201.005026698E-03
+176.728000E-06,+201.005026698E-03
+176.736000E-06,+201.005026698E-03
+176.744000E-06,+201.005026698E-03
+176.752000E-06,+201.005026698E-03
+176.760000E-06,+3.909E-09
+176.768000E-06,+0.0E+00
+176.776000E-06,+0.0E+00
+176.784000E-06,+201.005022787E-03
+176.792000E-06,+201.005026698E-03
+176.800000E-06,+201.005026698E-03
+176.808000E-06,+3.911E-09
+176.816000E-06,+0.0E+00
+176.824000E-06,+201.005022787E-03
+176.832000E-06,+201.005026698E-03
+176.840000E-06,+201.005026698E-03
+176.848000E-06,+201.005026698E-03
+176.856000E-06,+201.005026698E-03
+176.864000E-06,+201.005026698E-03
+176.872000E-06,+3.912E-09
+176.880000E-06,+0.0E+00
+176.888000E-06,+201.005022784E-03
+176.896000E-06,+3.914E-09
+176.904000E-06,+0.0E+00
+176.912000E-06,+0.0E+00
+176.920000E-06,+201.005022784E-03
+176.928000E-06,+3.914E-09
+176.936000E-06,+201.005022784E-03
+176.944000E-06,+3.914E-09
+176.952000E-06,+0.0E+00
+176.960000E-06,+0.0E+00
+176.968000E-06,+0.0E+00
+176.976000E-06,+201.005022783E-03
+176.984000E-06,+3.917E-09
+176.992000E-06,+201.005022782E-03
+177.000000E-06,+201.005026698E-03
+177.008000E-06,+3.917E-09
+177.016000E-06,+201.005022782E-03
+177.024000E-06,+3.917E-09
+177.032000E-06,+201.005022782E-03
+177.040000E-06,+201.005026698E-03
+177.048000E-06,+3.917E-09
+177.056000E-06,+0.0E+00
+177.064000E-06,+201.005022780E-03
+177.072000E-06,+201.005026698E-03
+177.080000E-06,+201.005026698E-03
+177.088000E-06,+201.005026698E-03
+177.096000E-06,+3.920E-09
+177.104000E-06,+201.005022779E-03
+177.112000E-06,+201.005026698E-03
+177.120000E-06,+3.920E-09
+177.128000E-06,+201.005022779E-03
+177.136000E-06,+201.005026698E-03
+177.144000E-06,+201.005026698E-03
+177.152000E-06,+3.921E-09
+177.160000E-06,+201.005022777E-03
+177.168000E-06,+3.921E-09
+177.176000E-06,+201.005022776E-03
+177.184000E-06,+3.922E-09
+177.192000E-06,+0.0E+00
+177.200000E-06,+0.0E+00
+177.208000E-06,+201.005022776E-03
+177.216000E-06,+3.922E-09
+177.224000E-06,+201.005022776E-03
+177.232000E-06,+3.922E-09
+177.240000E-06,+0.0E+00
+177.248000E-06,+0.0E+00
+177.256000E-06,+201.005022774E-03
+177.264000E-06,+3.924E-09
+177.272000E-06,+201.005022773E-03
+177.280000E-06,+201.005026698E-03
+177.288000E-06,+3.925E-09
+177.296000E-06,+0.0E+00
+177.304000E-06,+201.005022773E-03
+177.312000E-06,+201.005026698E-03
+177.320000E-06,+201.005026698E-03
+177.328000E-06,+3.925E-09
+177.336000E-06,+0.0E+00
+177.344000E-06,+0.0E+00
+177.352000E-06,+0.0E+00
+177.360000E-06,+0.0E+00
+177.368000E-06,+201.005022770E-03
+177.376000E-06,+201.005026698E-03
+177.384000E-06,+201.005026698E-03
+177.392000E-06,+201.005026698E-03
+177.400000E-06,+3.928E-09
+177.408000E-06,+0.0E+00
+177.416000E-06,+0.0E+00
+177.424000E-06,+201.005022770E-03
+177.432000E-06,+3.928E-09
+177.440000E-06,+0.0E+00
+177.448000E-06,+201.005022768E-03
+177.456000E-06,+201.005026698E-03
+177.464000E-06,+201.005026698E-03
+177.472000E-06,+3.931E-09
+177.480000E-06,+0.0E+00
+177.488000E-06,+0.0E+00
+177.496000E-06,+201.005022767E-03
+177.504000E-06,+3.931E-09
+177.512000E-06,+0.0E+00
+177.520000E-06,+0.0E+00
+177.528000E-06,+201.005022767E-03
+177.536000E-06,+3.931E-09
+177.544000E-06,+201.005022765E-03
+177.552000E-06,+201.005026698E-03
+177.560000E-06,+3.933E-09
+177.568000E-06,+0.0E+00
+177.576000E-06,+201.005022764E-03
+177.584000E-06,+3.934E-09
+177.592000E-06,+201.005022764E-03
+177.600000E-06,+3.934E-09
+177.608000E-06,+201.005022764E-03
+177.616000E-06,+3.934E-09
+177.624000E-06,+0.0E+00
+177.632000E-06,+0.0E+00
+177.640000E-06,+201.005022763E-03
+177.648000E-06,+201.005026698E-03
+177.656000E-06,+201.005026698E-03
+177.664000E-06,+201.005026698E-03
+177.672000E-06,+3.937E-09
+177.680000E-06,+201.005022761E-03
+177.688000E-06,+201.005026698E-03
+177.696000E-06,+201.005026698E-03
+177.704000E-06,+3.937E-09
+177.712000E-06,+201.005022761E-03
+177.720000E-06,+201.005026698E-03
+177.728000E-06,+3.937E-09
+177.736000E-06,+0.0E+00
+177.744000E-06,+201.005022760E-03
+177.752000E-06,+201.005026698E-03
+177.760000E-06,+3.940E-09
+177.768000E-06,+201.005022758E-03
+177.776000E-06,+201.005026698E-03
+177.784000E-06,+3.940E-09
+177.792000E-06,+201.005022758E-03
+177.800000E-06,+3.940E-09
+177.808000E-06,+201.005022758E-03
+177.816000E-06,+201.005026698E-03
+177.824000E-06,+201.005026698E-03
+177.832000E-06,+201.005026698E-03
+177.840000E-06,+3.941E-09
+177.848000E-06,+201.005022757E-03
+177.856000E-06,+3.943E-09
+177.864000E-06,+201.005022755E-03
+177.872000E-06,+3.943E-09
+177.880000E-06,+201.005022755E-03
+177.888000E-06,+3.943E-09
+177.896000E-06,+0.0E+00
+177.904000E-06,+0.0E+00
+177.912000E-06,+0.0E+00
+177.920000E-06,+201.005022755E-03
+177.928000E-06,+3.944E-09
+177.936000E-06,+201.005022754E-03
+177.944000E-06,+201.005026698E-03
+177.952000E-06,+3.946E-09
+177.960000E-06,+201.005022752E-03
+177.968000E-06,+201.005026698E-03
+177.976000E-06,+201.005026698E-03
+177.984000E-06,+3.946E-09
+177.992000E-06,+0.0E+00
+178.000000E-06,+0.0E+00
+178.008000E-06,+0.0E+00
+178.016000E-06,+0.0E+00
+178.024000E-06,+0.0E+00
+178.032000E-06,+0.0E+00
+178.040000E-06,+0.0E+00
+178.048000E-06,+0.0E+00
+178.056000E-06,+0.0E+00
+178.064000E-06,+0.0E+00
+178.072000E-06,+0.0E+00
+178.080000E-06,+201.005022749E-03
+178.088000E-06,+201.005026698E-03
+178.096000E-06,+201.005026698E-03
+178.104000E-06,+3.949E-09
+178.112000E-06,+0.0E+00
+178.120000E-06,+201.005022749E-03
+178.128000E-06,+3.950E-09
+178.136000E-06,+0.0E+00
+178.144000E-06,+0.0E+00
+178.152000E-06,+0.0E+00
+178.160000E-06,+0.0E+00
+178.168000E-06,+201.005022746E-03
+178.176000E-06,+201.005026698E-03
+178.184000E-06,+3.952E-09
+178.192000E-06,+201.005022746E-03
+178.200000E-06,+201.005026698E-03
+178.208000E-06,+3.952E-09
+178.216000E-06,+0.0E+00
+178.224000E-06,+201.005022745E-03
+178.232000E-06,+201.005026698E-03
+178.240000E-06,+3.953E-09
+178.248000E-06,+201.005022744E-03
+178.256000E-06,+3.955E-09
+178.264000E-06,+0.0E+00
+178.272000E-06,+0.0E+00
+178.280000E-06,+201.005022744E-03
+178.288000E-06,+3.955E-09
+178.296000E-06,+0.0E+00
+178.304000E-06,+0.0E+00
+178.312000E-06,+0.0E+00
+178.320000E-06,+201.005022742E-03
+178.328000E-06,+3.956E-09
+178.336000E-06,+0.0E+00
+178.344000E-06,+201.005022741E-03
+178.352000E-06,+3.958E-09
+178.360000E-06,+0.0E+00
+178.368000E-06,+0.0E+00
+178.376000E-06,+0.0E+00
+178.384000E-06,+0.0E+00
+178.392000E-06,+0.0E+00
+178.400000E-06,+0.0E+00
+178.408000E-06,+0.0E+00
+178.416000E-06,+0.0E+00
+178.424000E-06,+201.005022739E-03
+178.432000E-06,+201.005026698E-03
+178.440000E-06,+3.960E-09
+178.448000E-06,+201.005022738E-03
+178.456000E-06,+3.960E-09
+178.464000E-06,+0.0E+00
+178.472000E-06,+0.0E+00
+178.480000E-06,+0.0E+00
+178.488000E-06,+201.005022738E-03
+178.496000E-06,+3.960E-09
+178.504000E-06,+0.0E+00
+178.512000E-06,+0.0E+00
+178.520000E-06,+201.005022736E-03
+178.528000E-06,+3.962E-09
+178.536000E-06,+0.0E+00
+178.544000E-06,+0.0E+00
+178.552000E-06,+0.0E+00
+178.560000E-06,+201.005022735E-03
+178.568000E-06,+3.963E-09
+178.576000E-06,+0.0E+00
+178.584000E-06,+201.005022735E-03
+178.592000E-06,+3.963E-09
+178.600000E-06,+201.005022735E-03
+178.608000E-06,+3.963E-09
+178.616000E-06,+0.0E+00
+178.624000E-06,+0.0E+00
+178.632000E-06,+0.0E+00
+178.640000E-06,+0.0E+00
+178.648000E-06,+0.0E+00
+178.656000E-06,+0.0E+00
+178.664000E-06,+0.0E+00
+178.672000E-06,+201.005022732E-03
+178.680000E-06,+3.966E-09
+178.688000E-06,+0.0E+00
+178.696000E-06,+0.0E+00
+178.704000E-06,+201.005022732E-03
+178.712000E-06,+3.968E-09
+178.720000E-06,+201.005022730E-03
+178.728000E-06,+3.968E-09
+178.736000E-06,+0.0E+00
+178.744000E-06,+0.0E+00
+178.752000E-06,+0.0E+00
+178.760000E-06,+201.005022729E-03
+178.768000E-06,+3.969E-09
+178.776000E-06,+0.0E+00
+178.784000E-06,+0.0E+00
+178.792000E-06,+0.0E+00
+178.800000E-06,+201.005022729E-03
+178.808000E-06,+3.971E-09
+178.816000E-06,+0.0E+00
+178.824000E-06,+0.0E+00
+178.832000E-06,+0.0E+00
+178.840000E-06,+0.0E+00
+178.848000E-06,-201.005022726E-03
+178.856000E-06,-3.972E-09
+178.864000E-06,+0.0E+00
+178.872000E-06,+201.005022726E-03
+178.880000E-06,+3.972E-09
+178.888000E-06,+201.005022726E-03
+178.896000E-06,+3.972E-09
+178.904000E-06,+201.005022724E-03
+178.912000E-06,+201.005026698E-03
+178.920000E-06,+3.974E-09
+178.928000E-06,+0.0E+00
+178.936000E-06,+0.0E+00
+178.944000E-06,+0.0E+00
+178.952000E-06,+0.0E+00
+178.960000E-06,+0.0E+00
+178.968000E-06,+0.0E+00
+178.976000E-06,+201.005022723E-03
+178.984000E-06,+201.005026698E-03
+178.992000E-06,+3.975E-09
+179.000000E-06,+0.0E+00
+179.008000E-06,+201.005022722E-03
+179.016000E-06,+3.977E-09
+179.024000E-06,+0.0E+00
+179.032000E-06,+0.0E+00
+179.040000E-06,+0.0E+00
+179.048000E-06,+201.005022720E-03
+179.056000E-06,+201.005026698E-03
+179.064000E-06,+3.978E-09
+179.072000E-06,+0.0E+00
+179.080000E-06,+0.0E+00
+179.088000E-06,+0.0E+00
+179.096000E-06,+201.005022720E-03
+179.104000E-06,+3.979E-09
+179.112000E-06,+0.0E+00
+179.120000E-06,+0.0E+00
+179.128000E-06,+0.0E+00
+179.136000E-06,+0.0E+00
+179.144000E-06,+201.005022717E-03
+179.152000E-06,+3.981E-09
+179.160000E-06,+0.0E+00
+179.168000E-06,+0.0E+00
+179.176000E-06,+0.0E+00
+179.184000E-06,+201.005022717E-03
+179.192000E-06,+3.981E-09
+179.200000E-06,+0.0E+00
+179.208000E-06,+0.0E+00
+179.216000E-06,+0.0E+00
+179.224000E-06,+0.0E+00
+179.232000E-06,+0.0E+00
+179.240000E-06,+0.0E+00
+179.248000E-06,+0.0E+00
+179.256000E-06,+0.0E+00
+179.264000E-06,+201.005022714E-03
+179.272000E-06,+3.984E-09
+179.280000E-06,+0.0E+00
+179.288000E-06,+0.0E+00
+179.296000E-06,+0.0E+00
+179.304000E-06,+0.0E+00
+179.312000E-06,+201.005022713E-03
+179.320000E-06,+3.987E-09
+179.328000E-06,+0.0E+00
+179.336000E-06,+0.0E+00
+179.344000E-06,+0.0E+00
+179.352000E-06,+201.005022711E-03
+179.360000E-06,+3.987E-09
+179.368000E-06,+201.005022711E-03
+179.376000E-06,+3.987E-09
+179.384000E-06,+0.0E+00
+179.392000E-06,+0.0E+00
+179.400000E-06,+0.0E+00
+179.408000E-06,+0.0E+00
+179.416000E-06,+201.005022708E-03
+179.424000E-06,+3.990E-09
+179.432000E-06,+0.0E+00
+179.440000E-06,+0.0E+00
+179.448000E-06,+201.005022708E-03
+179.456000E-06,+3.990E-09
+179.464000E-06,+0.0E+00
+179.472000E-06,+0.0E+00
+179.480000E-06,+0.0E+00
+179.488000E-06,+201.005022707E-03
+179.496000E-06,+3.991E-09
+179.504000E-06,+0.0E+00
+179.512000E-06,+0.0E+00
+179.520000E-06,+0.0E+00
+179.528000E-06,+0.0E+00
+179.536000E-06,+0.0E+00
+179.544000E-06,+0.0E+00
+179.552000E-06,+201.005022705E-03
+179.560000E-06,+3.993E-09
+179.568000E-06,+0.0E+00
+179.576000E-06,+0.0E+00
+179.584000E-06,+201.005022704E-03
+179.592000E-06,+3.994E-09
+179.600000E-06,+0.0E+00
+179.608000E-06,+201.005022703E-03
+179.616000E-06,+3.996E-09
+179.624000E-06,+201.005022703E-03
+179.632000E-06,+3.996E-09
+179.640000E-06,+0.0E+00
+179.648000E-06,+0.0E+00
+179.656000E-06,-201.005022703E-03
+179.664000E-06,-3.996E-09
+179.672000E-06,+0.0E+00
+179.680000E-06,+0.0E+00
+179.688000E-06,+0.0E+00
+179.696000E-06,+0.0E+00
+179.704000E-06,+0.0E+00
+179.712000E-06,+0.0E+00
+179.720000E-06,+0.0E+00
+179.728000E-06,+0.0E+00
+179.736000E-06,+0.0E+00
+179.744000E-06,+201.005022700E-03
+179.752000E-06,+3.998E-09
+179.760000E-06,+0.0E+00
+179.768000E-06,+0.0E+00
+179.776000E-06,+0.0E+00
+179.784000E-06,+0.0E+00
+179.792000E-06,+0.0E+00
+179.800000E-06,+0.0E+00
+179.808000E-06,+0.0E+00
+179.816000E-06,+0.0E+00
+179.824000E-06,+0.0E+00
+179.832000E-06,+0.0E+00
+179.840000E-06,+0.0E+00
+179.848000E-06,+0.0E+00
+179.856000E-06,+0.0E+00
+179.864000E-06,+0.0E+00
+179.872000E-06,-201.005022697E-03
+179.880000E-06,-4.003E-09
+179.888000E-06,+0.0E+00
+179.896000E-06,+0.0E+00
+179.904000E-06,+0.0E+00
+179.912000E-06,+0.0E+00
+179.920000E-06,+0.0E+00
+179.928000E-06,+0.0E+00
+179.936000E-06,+0.0E+00
+179.944000E-06,+0.0E+00
+179.952000E-06,+201.005022694E-03
+179.960000E-06,+4.004E-09
+179.968000E-06,+0.0E+00
+179.976000E-06,+0.0E+00
+179.984000E-06,+201.005022692E-03
+179.992000E-06,+4.006E-09
+180.000000E-06,+0.0E+00
+180.008000E-06,+0.0E+00
+180.016000E-06,+0.0E+00
+180.024000E-06,+0.0E+00
+180.032000E-06,+0.0E+00
+180.040000E-06,+0.0E+00
+180.048000E-06,+201.005022691E-03
+180.056000E-06,+4.007E-09
+180.064000E-06,-201.005022691E-03
+180.072000E-06,-4.009E-09
+180.080000E-06,+0.0E+00
+180.088000E-06,+0.0E+00
+180.096000E-06,+0.0E+00
+180.104000E-06,+0.0E+00
+180.112000E-06,+0.0E+00
+180.120000E-06,+0.0E+00
+180.128000E-06,+0.0E+00
+180.136000E-06,+0.0E+00
+180.144000E-06,+0.0E+00
+180.152000E-06,+0.0E+00
+180.160000E-06,+201.005022688E-03
+180.168000E-06,+4.012E-09
+180.176000E-06,+0.0E+00
+180.184000E-06,+0.0E+00
+180.192000E-06,+0.0E+00
+180.200000E-06,+201.005022685E-03
+180.208000E-06,+4.013E-09
+180.216000E-06,+0.0E+00
+180.224000E-06,+0.0E+00
+180.232000E-06,+0.0E+00
+180.240000E-06,+0.0E+00
+180.248000E-06,+201.005022685E-03
+180.256000E-06,+4.013E-09
+180.264000E-06,+0.0E+00
+180.272000E-06,+0.0E+00
+180.280000E-06,+0.0E+00
+180.288000E-06,+0.0E+00
+180.296000E-06,+0.0E+00
+180.304000E-06,+0.0E+00
+180.312000E-06,+201.005022682E-03
+180.320000E-06,+4.016E-09
+180.328000E-06,+0.0E+00
+180.336000E-06,+0.0E+00
+180.344000E-06,+0.0E+00
+180.352000E-06,+0.0E+00
+180.360000E-06,+0.0E+00
+180.368000E-06,+0.0E+00
+180.376000E-06,+0.0E+00
+180.384000E-06,+201.005022681E-03
+180.392000E-06,+4.019E-09
+180.400000E-06,+0.0E+00
+180.408000E-06,+0.0E+00
+180.416000E-06,+0.0E+00
+180.424000E-06,+0.0E+00
+180.432000E-06,+0.0E+00
+180.440000E-06,+0.0E+00
+180.448000E-06,+0.0E+00
+180.456000E-06,+0.0E+00
+180.464000E-06,+0.0E+00
+180.472000E-06,+0.0E+00
+180.480000E-06,+0.0E+00
+180.488000E-06,+0.0E+00
+180.496000E-06,+0.0E+00
+180.504000E-06,+0.0E+00
+180.512000E-06,+0.0E+00
+180.520000E-06,+0.0E+00
+180.528000E-06,+0.0E+00
+180.536000E-06,+0.0E+00
+180.544000E-06,+0.0E+00
+180.552000E-06,+0.0E+00
+180.560000E-06,+0.0E+00
+180.568000E-06,+0.0E+00
+180.576000E-06,+0.0E+00
+180.584000E-06,+0.0E+00
+180.592000E-06,+0.0E+00
+180.600000E-06,+0.0E+00
+180.608000E-06,+0.0E+00
+180.616000E-06,+0.0E+00
+180.624000E-06,+0.0E+00
+180.632000E-06,+0.0E+00
+180.640000E-06,+0.0E+00
+180.648000E-06,+0.0E+00
+180.656000E-06,+0.0E+00
+180.664000E-06,+0.0E+00
+180.672000E-06,-201.005022672E-03
+180.680000E-06,-4.028E-09
+180.688000E-06,+0.0E+00
+180.696000E-06,-201.005022670E-03
+180.704000E-06,+201.005018643E-03
+180.712000E-06,+4.028E-09
+180.720000E-06,+0.0E+00
+180.728000E-06,-201.005022670E-03
+180.736000E-06,-4.028E-09
+180.744000E-06,+0.0E+00
+180.752000E-06,+0.0E+00
+180.760000E-06,+0.0E+00
+180.768000E-06,+0.0E+00
+180.776000E-06,+0.0E+00
+180.784000E-06,+0.0E+00
+180.792000E-06,+201.005022667E-03
+180.800000E-06,+4.031E-09
+180.808000E-06,+0.0E+00
+180.816000E-06,+0.0E+00
+180.824000E-06,-201.005022667E-03
+180.832000E-06,-4.031E-09
+180.840000E-06,+0.0E+00
+180.848000E-06,+0.0E+00
+180.856000E-06,+0.0E+00
+180.864000E-06,+0.0E+00
+180.872000E-06,-201.005022666E-03
+180.880000E-06,-4.034E-09
+180.888000E-06,+0.0E+00
+180.896000E-06,+0.0E+00
+180.904000E-06,+0.0E+00
+180.912000E-06,+0.0E+00
+180.920000E-06,+0.0E+00
+180.928000E-06,-201.005022665E-03
+180.936000E-06,-4.034E-09
+180.944000E-06,+0.0E+00
+180.952000E-06,+0.0E+00
+180.960000E-06,+0.0E+00
+180.968000E-06,+0.0E+00
+180.976000E-06,+0.0E+00
+180.984000E-06,+0.0E+00
+180.992000E-06,+0.0E+00
+181.000000E-06,+0.0E+00
+181.008000E-06,+0.0E+00
+181.016000E-06,+201.005022662E-03
+181.024000E-06,+4.037E-09
+181.032000E-06,+0.0E+00
+181.040000E-06,+0.0E+00
+181.048000E-06,+0.0E+00
+181.056000E-06,+0.0E+00
+181.064000E-06,-201.005022660E-03
+181.072000E-06,-4.039E-09
+181.080000E-06,+201.005022659E-03
+181.088000E-06,-201.005018619E-03
+181.096000E-06,-4.039E-09
+181.104000E-06,+0.0E+00
+181.112000E-06,+0.0E+00
+181.120000E-06,+0.0E+00
+181.128000E-06,+0.0E+00
+181.136000E-06,+0.0E+00
+181.144000E-06,+0.0E+00
+181.152000E-06,+0.0E+00
+181.160000E-06,+0.0E+00
+181.168000E-06,+0.0E+00
+181.176000E-06,+0.0E+00
+181.184000E-06,+0.0E+00
+181.192000E-06,+0.0E+00
+181.200000E-06,-201.005022656E-03
+181.208000E-06,-4.042E-09
+181.216000E-06,-201.005022656E-03
+181.224000E-06,-4.042E-09
+181.232000E-06,+0.0E+00
+181.240000E-06,-201.005022654E-03
+181.248000E-06,-4.044E-09
+181.256000E-06,+0.0E+00
+181.264000E-06,+0.0E+00
+181.272000E-06,+0.0E+00
+181.280000E-06,+0.0E+00
+181.288000E-06,+0.0E+00
+181.296000E-06,+0.0E+00
+181.304000E-06,+0.0E+00
+181.312000E-06,-201.005022653E-03
+181.320000E-06,-201.005026698E-03
+181.328000E-06,-4.045E-09
+181.336000E-06,+0.0E+00
+181.344000E-06,+0.0E+00
+181.352000E-06,+0.0E+00
+181.360000E-06,+0.0E+00
+181.368000E-06,+0.0E+00
+181.376000E-06,+0.0E+00
+181.384000E-06,+0.0E+00
+181.392000E-06,+0.0E+00
+181.400000E-06,+0.0E+00
+181.408000E-06,+0.0E+00
+181.416000E-06,+0.0E+00
+181.424000E-06,+0.0E+00
+181.432000E-06,+0.0E+00
+181.440000E-06,+0.0E+00
+181.448000E-06,+0.0E+00
+181.456000E-06,+0.0E+00
+181.464000E-06,+0.0E+00
+181.472000E-06,+0.0E+00
+181.480000E-06,+0.0E+00
+181.488000E-06,+0.0E+00
+181.496000E-06,-201.005022647E-03
+181.504000E-06,-4.051E-09
+181.512000E-06,+0.0E+00
+181.520000E-06,+0.0E+00
+181.528000E-06,-201.005022647E-03
+181.536000E-06,-4.053E-09
+181.544000E-06,+0.0E+00
+181.552000E-06,+0.0E+00
+181.560000E-06,+0.0E+00
+181.568000E-06,+0.0E+00
+181.576000E-06,+0.0E+00
+181.584000E-06,+0.0E+00
+181.592000E-06,+0.0E+00
+181.600000E-06,-201.005022644E-03
+181.608000E-06,-4.054E-09
+181.616000E-06,+0.0E+00
+181.624000E-06,+0.0E+00
+181.632000E-06,+0.0E+00
+181.640000E-06,-201.005022643E-03
+181.648000E-06,-4.056E-09
+181.656000E-06,+0.0E+00
+181.664000E-06,+0.0E+00
+181.672000E-06,+0.0E+00
+181.680000E-06,+0.0E+00
+181.688000E-06,+0.0E+00
+181.696000E-06,+0.0E+00
+181.704000E-06,+0.0E+00
+181.712000E-06,+0.0E+00
+181.720000E-06,+0.0E+00
+181.728000E-06,+0.0E+00
+181.736000E-06,+201.005022640E-03
+181.744000E-06,+4.058E-09
+181.752000E-06,-201.005022638E-03
+181.760000E-06,-201.005026698E-03
+181.768000E-06,-4.060E-09
+181.776000E-06,+0.0E+00
+181.784000E-06,+0.0E+00
+181.792000E-06,+0.0E+00
+181.800000E-06,+0.0E+00
+181.808000E-06,-201.005022638E-03
+181.816000E-06,-4.060E-09
+181.824000E-06,-201.005022637E-03
+181.832000E-06,-4.061E-09
+181.840000E-06,+0.0E+00
+181.848000E-06,-201.005022635E-03
+181.856000E-06,-4.063E-09
+181.864000E-06,+201.005022635E-03
+181.872000E-06,+4.063E-09
+181.880000E-06,+0.0E+00
+181.888000E-06,+0.0E+00
+181.896000E-06,+0.0E+00
+181.904000E-06,+0.0E+00
+181.912000E-06,+0.0E+00
+181.920000E-06,+0.0E+00
+181.928000E-06,+0.0E+00
+181.936000E-06,+0.0E+00
+181.944000E-06,-201.005022634E-03
+181.952000E-06,+201.005018567E-03
+181.960000E-06,+201.005026698E-03
+181.968000E-06,+4.066E-09
+181.976000E-06,+0.0E+00
+181.984000E-06,+0.0E+00
+181.992000E-06,+0.0E+00
+182.000000E-06,+0.0E+00
+182.008000E-06,+0.0E+00
+182.016000E-06,+0.0E+00
+182.024000E-06,+0.0E+00
+182.032000E-06,+0.0E+00
+182.040000E-06,+0.0E+00
+182.048000E-06,+0.0E+00
+182.056000E-06,+0.0E+00
+182.064000E-06,+0.0E+00
+182.072000E-06,+0.0E+00
+182.080000E-06,-201.005022629E-03
+182.088000E-06,-201.005026698E-03
+182.096000E-06,-4.069E-09
+182.104000E-06,+0.0E+00
+182.112000E-06,+0.0E+00
+182.120000E-06,+0.0E+00
+182.128000E-06,-201.005022628E-03
+182.136000E-06,-4.070E-09
+182.144000E-06,+0.0E+00
+182.152000E-06,+0.0E+00
+182.160000E-06,+0.0E+00
+182.168000E-06,+0.0E+00
+182.176000E-06,-201.005022627E-03
+182.184000E-06,-4.072E-09
+182.192000E-06,+0.0E+00
+182.200000E-06,+0.0E+00
+182.208000E-06,+0.0E+00
+182.216000E-06,+0.0E+00
+182.224000E-06,+0.0E+00
+182.232000E-06,+0.0E+00
+182.240000E-06,+0.0E+00
+182.248000E-06,+0.0E+00
+182.256000E-06,+0.0E+00
+182.264000E-06,+0.0E+00
+182.272000E-06,+0.0E+00
+182.280000E-06,+0.0E+00
+182.288000E-06,+0.0E+00
+182.296000E-06,+0.0E+00
+182.304000E-06,+0.0E+00
+182.312000E-06,+0.0E+00
+182.320000E-06,+0.0E+00
+182.328000E-06,+0.0E+00
+182.336000E-06,+0.0E+00
+182.344000E-06,+0.0E+00
+182.352000E-06,+0.0E+00
+182.360000E-06,+0.0E+00
+182.368000E-06,+0.0E+00
+182.376000E-06,+0.0E+00
+182.384000E-06,+0.0E+00
+182.392000E-06,+0.0E+00
+182.400000E-06,+0.0E+00
+182.408000E-06,+0.0E+00
+182.416000E-06,+0.0E+00
+182.424000E-06,+0.0E+00
+182.432000E-06,+0.0E+00
+182.440000E-06,+0.0E+00
+182.448000E-06,+0.0E+00
+182.456000E-06,+0.0E+00
+182.464000E-06,+0.0E+00
+182.472000E-06,+0.0E+00
+182.480000E-06,+0.0E+00
+182.488000E-06,+0.0E+00
+182.496000E-06,+0.0E+00
+182.504000E-06,+0.0E+00
+182.512000E-06,+0.0E+00
+182.520000E-06,+0.0E+00
+182.528000E-06,+0.0E+00
+182.536000E-06,+0.0E+00
+182.544000E-06,-201.005022615E-03
+182.552000E-06,-4.083E-09
+182.560000E-06,+0.0E+00
+182.568000E-06,+0.0E+00
+182.576000E-06,+0.0E+00
+182.584000E-06,+0.0E+00
+182.592000E-06,+201.005022615E-03
+182.600000E-06,-201.005018531E-03
+182.608000E-06,+201.005018529E-03
+182.616000E-06,+4.085E-09
+182.624000E-06,+0.0E+00
+182.632000E-06,+0.0E+00
+182.640000E-06,+0.0E+00
+182.648000E-06,+0.0E+00
+182.656000E-06,+0.0E+00
+182.664000E-06,+0.0E+00
+182.672000E-06,-201.005022612E-03
+182.680000E-06,-4.086E-09
+182.688000E-06,+0.0E+00
+182.696000E-06,+0.0E+00
+182.704000E-06,+0.0E+00
+182.712000E-06,+0.0E+00
+182.720000E-06,+0.0E+00
+182.728000E-06,+0.0E+00
+182.736000E-06,+0.0E+00
+182.744000E-06,+0.0E+00
+182.752000E-06,+0.0E+00
+182.760000E-06,+0.0E+00
+182.768000E-06,+0.0E+00
+182.776000E-06,-201.005022609E-03
+182.784000E-06,-4.089E-09
+182.792000E-06,+0.0E+00
+182.800000E-06,+0.0E+00
+182.808000E-06,-201.005022607E-03
+182.816000E-06,-4.091E-09
+182.824000E-06,+0.0E+00
+182.832000E-06,+0.0E+00
+182.840000E-06,+0.0E+00
+182.848000E-06,+0.0E+00
+182.856000E-06,+0.0E+00
+182.864000E-06,+0.0E+00
+182.872000E-06,-201.005022606E-03
+182.880000E-06,-201.005026698E-03
+182.888000E-06,-4.092E-09
+182.896000E-06,+0.0E+00
+182.904000E-06,-201.005022605E-03
+182.912000E-06,-4.094E-09
+182.920000E-06,+0.0E+00
+182.928000E-06,+0.0E+00
+182.936000E-06,+0.0E+00
+182.944000E-06,-201.005022603E-03
+182.952000E-06,-4.095E-09
+182.960000E-06,-201.005022603E-03
+182.968000E-06,-4.095E-09
+182.976000E-06,-201.005022603E-03
+182.984000E-06,-201.005026698E-03
+182.992000E-06,-4.095E-09
+183.000000E-06,-201.005022602E-03
+183.008000E-06,-4.096E-09
+183.016000E-06,-201.005022602E-03
+183.024000E-06,-4.098E-09
+183.032000E-06,+0.0E+00
+183.040000E-06,+0.0E+00
+183.048000E-06,+0.0E+00
+183.056000E-06,+0.0E+00
+183.064000E-06,+0.0E+00
+183.072000E-06,+0.0E+00
+183.080000E-06,+0.0E+00
+183.088000E-06,+0.0E+00
+183.096000E-06,-201.005022599E-03
+183.104000E-06,-4.099E-09
+183.112000E-06,+0.0E+00
+183.120000E-06,-201.005022597E-03
+183.128000E-06,-4.101E-09
+183.136000E-06,+0.0E+00
+183.144000E-06,+0.0E+00
+183.152000E-06,+0.0E+00
+183.160000E-06,+0.0E+00
+183.168000E-06,+0.0E+00
+183.176000E-06,-201.005022597E-03
+183.184000E-06,-4.101E-09
+183.192000E-06,-201.005022596E-03
+183.200000E-06,-4.102E-09
+183.208000E-06,+0.0E+00
+183.216000E-06,+0.0E+00
+183.224000E-06,+0.0E+00
+183.232000E-06,+0.0E+00
+183.240000E-06,+0.0E+00
+183.248000E-06,+0.0E+00
+183.256000E-06,+0.0E+00
+183.264000E-06,+0.0E+00
+183.272000E-06,-201.005022594E-03
+183.280000E-06,-201.005026698E-03
+183.288000E-06,-201.005026698E-03
+183.296000E-06,-201.005026698E-03
+183.304000E-06,-4.105E-09
+183.312000E-06,+0.0E+00
+183.320000E-06,-201.005022591E-03
+183.328000E-06,-4.107E-09
+183.336000E-06,+0.0E+00
+183.344000E-06,-201.005022591E-03
+183.352000E-06,-4.107E-09
+183.360000E-06,+0.0E+00
+183.368000E-06,+0.0E+00
+183.376000E-06,-201.005022591E-03
+183.384000E-06,-4.108E-09
+183.392000E-06,-201.005022590E-03
+183.400000E-06,-4.108E-09
+183.408000E-06,+0.0E+00
+183.416000E-06,-201.005022588E-03
+183.424000E-06,-201.005026698E-03
+183.432000E-06,-201.005026698E-03
+183.440000E-06,-4.110E-09
+183.448000E-06,-201.005022588E-03
+183.456000E-06,-4.110E-09
+183.464000E-06,-201.005022588E-03
+183.472000E-06,-4.110E-09
+183.480000E-06,-201.005022587E-03
+183.488000E-06,-201.005026698E-03
+183.496000E-06,-4.111E-09
+183.504000E-06,+0.0E+00
+183.512000E-06,-201.005022586E-03
+183.520000E-06,-4.113E-09
+183.528000E-06,-201.005022586E-03
+183.536000E-06,-201.005026698E-03
+183.544000E-06,-4.113E-09
+183.552000E-06,-201.005022586E-03
+183.560000E-06,-4.113E-09
+183.568000E-06,+0.0E+00
+183.576000E-06,+0.0E+00
+183.584000E-06,+0.0E+00
+183.592000E-06,-201.005022584E-03
+183.600000E-06,-201.005026698E-03
+183.608000E-06,-4.115E-09
+183.616000E-06,-201.005022583E-03
+183.624000E-06,-201.005026698E-03
+183.632000E-06,-4.115E-09
+183.640000E-06,+0.0E+00
+183.648000E-06,+0.0E+00
+183.656000E-06,-201.005022583E-03
+183.664000E-06,-4.115E-09
+183.672000E-06,+0.0E+00
+183.680000E-06,+0.0E+00
+183.688000E-06,+0.0E+00
+183.696000E-06,+0.0E+00
+183.704000E-06,+0.0E+00
+183.712000E-06,+0.0E+00
+183.720000E-06,-201.005022580E-03
+183.728000E-06,-4.118E-09
+183.736000E-06,+0.0E+00
+183.744000E-06,+0.0E+00
+183.752000E-06,+0.0E+00
+183.760000E-06,+0.0E+00
+183.768000E-06,+0.0E+00
+183.776000E-06,+0.0E+00
+183.784000E-06,+0.0E+00
+183.792000E-06,-201.005022578E-03
+183.800000E-06,-201.005026698E-03
+183.808000E-06,-4.121E-09
+183.816000E-06,-201.005022577E-03
+183.824000E-06,-4.121E-09
+183.832000E-06,-201.005022577E-03
+183.840000E-06,-201.005026698E-03
+183.848000E-06,-4.121E-09
+183.856000E-06,+0.0E+00
+183.864000E-06,-201.005022577E-03
+183.872000E-06,-201.005026698E-03
+183.880000E-06,-201.005026698E-03
+183.888000E-06,-4.123E-09
+183.896000E-06,+0.0E+00
+183.904000E-06,-201.005022574E-03
+183.912000E-06,-4.124E-09
+183.920000E-06,+0.0E+00
+183.928000E-06,-201.005022574E-03
+183.936000E-06,-4.124E-09
+183.944000E-06,+0.0E+00
+183.952000E-06,+0.0E+00
+183.960000E-06,+0.0E+00
+183.968000E-06,-201.005022572E-03
+183.976000E-06,-4.126E-09
+183.984000E-06,-201.005022572E-03
+183.992000E-06,-4.127E-09
+184.000000E-06,-201.005022571E-03
+184.008000E-06,-201.005026698E-03
+184.016000E-06,-4.127E-09
+184.024000E-06,+0.0E+00
+184.032000E-06,-201.005022571E-03
+184.040000E-06,-4.127E-09
+184.048000E-06,-201.005022571E-03
+184.056000E-06,-201.005026698E-03
+184.064000E-06,-201.005026698E-03
+184.072000E-06,-4.129E-09
+184.080000E-06,+0.0E+00
+184.088000E-06,+0.0E+00
+184.096000E-06,+0.0E+00
+184.104000E-06,+0.0E+00
+184.112000E-06,+0.0E+00
+184.120000E-06,+0.0E+00
+184.128000E-06,+0.0E+00
+184.136000E-06,-201.005022568E-03
+184.144000E-06,-201.005026698E-03
+184.152000E-06,-4.130E-09
+184.160000E-06,+0.0E+00
+184.168000E-06,+0.0E+00
+184.176000E-06,+0.0E+00
+184.184000E-06,+0.0E+00
+184.192000E-06,+0.0E+00
+184.200000E-06,+0.0E+00
+184.208000E-06,-201.005022565E-03
+184.216000E-06,-201.005026698E-03
+184.224000E-06,-201.005026698E-03
+184.232000E-06,-201.005026698E-03
+184.240000E-06,-4.133E-09
+184.248000E-06,+0.0E+00
+184.256000E-06,+0.0E+00
+184.264000E-06,+0.0E+00
+184.272000E-06,-201.005022564E-03
+184.280000E-06,-4.134E-09
+184.288000E-06,+0.0E+00
+184.296000E-06,+0.0E+00
+184.304000E-06,+0.0E+00
+184.312000E-06,+0.0E+00
+184.320000E-06,+0.0E+00
+184.328000E-06,+0.0E+00
+184.336000E-06,+0.0E+00
+184.344000E-06,-201.005022562E-03
+184.352000E-06,-4.136E-09
+184.360000E-06,+0.0E+00
+184.368000E-06,-201.005022561E-03
+184.376000E-06,-4.137E-09
+184.384000E-06,+0.0E+00
+184.392000E-06,+0.0E+00
+184.400000E-06,+0.0E+00
+184.408000E-06,-201.005022559E-03
+184.416000E-06,-4.139E-09
+184.424000E-06,+0.0E+00
+184.432000E-06,-201.005022559E-03
+184.440000E-06,-4.139E-09
+184.448000E-06,+0.0E+00
+184.456000E-06,+0.0E+00
+184.464000E-06,-201.005022558E-03
+184.472000E-06,-4.140E-09
+184.480000E-06,-201.005022556E-03
+184.488000E-06,-4.142E-09
+184.496000E-06,+0.0E+00
+184.504000E-06,+0.0E+00
+184.512000E-06,+0.0E+00
+184.520000E-06,-201.005022556E-03
+184.528000E-06,-201.005026698E-03
+184.536000E-06,-4.142E-09
+184.544000E-06,+0.0E+00
+184.552000E-06,-201.005022555E-03
+184.560000E-06,-4.143E-09
+184.568000E-06,-201.005022555E-03
+184.576000E-06,-201.005026698E-03
+184.584000E-06,-4.145E-09
+184.592000E-06,+0.0E+00
+184.600000E-06,+0.0E+00
+184.608000E-06,+0.0E+00
+184.616000E-06,+0.0E+00
+184.624000E-06,+0.0E+00
+184.632000E-06,+0.0E+00
+184.640000E-06,+0.0E+00
+184.648000E-06,+0.0E+00
+184.656000E-06,-201.005022552E-03
+184.664000E-06,-4.146E-09
+184.672000E-06,-201.005022552E-03
+184.680000E-06,-4.148E-09
+184.688000E-06,-201.005022550E-03
+184.696000E-06,-4.148E-09
+184.704000E-06,+0.0E+00
+184.712000E-06,+0.0E+00
+184.720000E-06,+0.0E+00
+184.728000E-06,-201.005022550E-03
+184.736000E-06,-201.005026698E-03
+184.744000E-06,-201.005026698E-03
+184.752000E-06,-4.149E-09
+184.760000E-06,+0.0E+00
+184.768000E-06,+0.0E+00
+184.776000E-06,+0.0E+00
+184.784000E-06,+0.0E+00
+184.792000E-06,+0.0E+00
+184.800000E-06,+0.0E+00
+184.808000E-06,-201.005022548E-03
+184.816000E-06,-4.151E-09
+184.824000E-06,+0.0E+00
+184.832000E-06,-201.005022548E-03
+184.840000E-06,-201.005026698E-03
+184.848000E-06,-201.005026698E-03
+184.856000E-06,-201.005026698E-03
+184.864000E-06,-201.005026698E-03
+184.872000E-06,-4.154E-09
+184.880000E-06,+0.0E+00
+184.888000E-06,+0.0E+00
+184.896000E-06,+0.0E+00
+184.904000E-06,+0.0E+00
+184.912000E-06,+0.0E+00
+184.920000E-06,+0.0E+00
+184.928000E-06,+201.005022545E-03
+184.936000E-06,+4.154E-09
+184.944000E-06,+0.0E+00
+184.952000E-06,+0.0E+00
+184.960000E-06,-201.005022543E-03
+184.968000E-06,-4.156E-09
+184.976000E-06,-201.005022542E-03
+184.984000E-06,-4.156E-09
+184.992000E-06,+0.0E+00
+185.000000E-06,-201.005022542E-03
+185.008000E-06,-4.156E-09
+185.016000E-06,+0.0E+00
+185.024000E-06,+0.0E+00
+185.032000E-06,-201.005022542E-03
+185.040000E-06,-4.158E-09
+185.048000E-06,+0.0E+00
+185.056000E-06,+0.0E+00
+185.064000E-06,+0.0E+00
+185.072000E-06,-201.005022539E-03
+185.080000E-06,-4.159E-09
+185.088000E-06,+0.0E+00
+185.096000E-06,+0.0E+00
+185.104000E-06,+0.0E+00
+185.112000E-06,-201.005022539E-03
+185.120000E-06,-4.159E-09
+185.128000E-06,+0.0E+00
+185.136000E-06,+0.0E+00
+185.144000E-06,+0.0E+00
+185.152000E-06,-201.005022537E-03
+185.160000E-06,-4.162E-09
+185.168000E-06,-201.005022536E-03
+185.176000E-06,-201.005026698E-03
+185.184000E-06,-4.162E-09
+185.192000E-06,-201.005022536E-03
+185.200000E-06,-201.005026698E-03
+185.208000E-06,-201.005026698E-03
+185.216000E-06,-4.162E-09
+185.224000E-06,-201.005022536E-03
+185.232000E-06,-4.162E-09
+185.240000E-06,+0.0E+00
+185.248000E-06,+0.0E+00
+185.256000E-06,-201.005022534E-03
+185.264000E-06,-201.005026698E-03
+185.272000E-06,-4.165E-09
+185.280000E-06,+0.0E+00
+185.288000E-06,+0.0E+00
+185.296000E-06,+0.0E+00
+185.304000E-06,+0.0E+00
+185.312000E-06,-201.005022533E-03
+185.320000E-06,-4.165E-09
+185.328000E-06,-201.005022533E-03
+185.336000E-06,-4.167E-09
+185.344000E-06,+0.0E+00
+185.352000E-06,+0.0E+00
+185.360000E-06,+0.0E+00
+185.368000E-06,+0.0E+00
+185.376000E-06,+0.0E+00
+185.384000E-06,-201.005022530E-03
+185.392000E-06,-4.168E-09
+185.400000E-06,-201.005022530E-03
+185.408000E-06,-4.168E-09
+185.416000E-06,-201.005022530E-03
+185.424000E-06,-4.168E-09
+185.432000E-06,+0.0E+00
+185.440000E-06,+0.0E+00
+185.448000E-06,+0.0E+00
+185.456000E-06,-201.005022527E-03
+185.464000E-06,-4.171E-09
+185.472000E-06,+0.0E+00
+185.480000E-06,-201.005022527E-03
+185.488000E-06,-201.005026698E-03
+185.496000E-06,-4.171E-09
+185.504000E-06,+0.0E+00
+185.512000E-06,+0.0E+00
+185.520000E-06,+0.0E+00
+185.528000E-06,-201.005022526E-03
+185.536000E-06,-201.005026698E-03
+185.544000E-06,-201.005026698E-03
+185.552000E-06,-4.174E-09
+185.560000E-06,+0.0E+00
+185.568000E-06,+0.0E+00
+185.576000E-06,+0.0E+00
+185.584000E-06,+0.0E+00
+185.592000E-06,+0.0E+00
+185.600000E-06,+0.0E+00
+185.608000E-06,+0.0E+00
+185.616000E-06,-201.005022524E-03
+185.624000E-06,-4.175E-09
+185.632000E-06,+0.0E+00
+185.640000E-06,+0.0E+00
+185.648000E-06,+0.0E+00
+185.656000E-06,+0.0E+00
+185.664000E-06,+0.0E+00
+185.672000E-06,+0.0E+00
+185.680000E-06,+0.0E+00
+185.688000E-06,+0.0E+00
+185.696000E-06,+0.0E+00
+185.704000E-06,+0.0E+00
+185.712000E-06,-201.005022521E-03
+185.720000E-06,-4.178E-09
+185.728000E-06,+0.0E+00
+185.736000E-06,+0.0E+00
+185.744000E-06,+0.0E+00
+185.752000E-06,+0.0E+00
+185.760000E-06,+0.0E+00
+185.768000E-06,+0.0E+00
+185.776000E-06,+0.0E+00
+185.784000E-06,+0.0E+00
+185.792000E-06,+0.0E+00
+185.800000E-06,+0.0E+00
+185.808000E-06,+0.0E+00
+185.816000E-06,+0.0E+00
+185.824000E-06,+0.0E+00
+185.832000E-06,+201.005022517E-03
+185.840000E-06,+4.181E-09
+185.848000E-06,+0.0E+00
+185.856000E-06,+0.0E+00
+185.864000E-06,+0.0E+00
+185.872000E-06,+0.0E+00
+185.880000E-06,+0.0E+00
+185.888000E-06,+0.0E+00
+185.896000E-06,+0.0E+00
+185.904000E-06,-201.005022515E-03
+185.912000E-06,-4.183E-09
+185.920000E-06,+0.0E+00
+185.928000E-06,+0.0E+00
+185.936000E-06,+0.0E+00
+185.944000E-06,+0.0E+00
+185.952000E-06,+0.0E+00
+185.960000E-06,+0.0E+00
+185.968000E-06,+0.0E+00
+185.976000E-06,+0.0E+00
+185.984000E-06,-201.005022512E-03
+185.992000E-06,-201.005026698E-03
+186.000000E-06,-4.186E-09
+186.008000E-06,+0.0E+00
+186.016000E-06,+0.0E+00
+186.024000E-06,+0.0E+00
+186.032000E-06,+0.0E+00
+186.040000E-06,+0.0E+00
+186.048000E-06,+0.0E+00
+186.056000E-06,+0.0E+00
+186.064000E-06,-201.005022510E-03
+186.072000E-06,-4.189E-09
+186.080000E-06,+0.0E+00
+186.088000E-06,-201.005022510E-03
+186.096000E-06,-4.189E-09
+186.104000E-06,+0.0E+00
+186.112000E-06,+0.0E+00
+186.120000E-06,+0.0E+00
+186.128000E-06,+0.0E+00
+186.136000E-06,-201.005022507E-03
+186.144000E-06,-4.192E-09
+186.152000E-06,+0.0E+00
+186.160000E-06,+0.0E+00
+186.168000E-06,+0.0E+00
+186.176000E-06,-201.005022507E-03
+186.184000E-06,-4.192E-09
+186.192000E-06,+0.0E+00
+186.200000E-06,+0.0E+00
+186.208000E-06,+0.0E+00
+186.216000E-06,+0.0E+00
+186.224000E-06,+0.0E+00
+186.232000E-06,+0.0E+00
+186.240000E-06,+0.0E+00
+186.248000E-06,-201.005022504E-03
+186.256000E-06,-201.005026698E-03
+186.264000E-06,-4.194E-09
+186.272000E-06,+0.0E+00
+186.280000E-06,-201.005022504E-03
+186.288000E-06,-4.194E-09
+186.296000E-06,+0.0E+00
+186.304000E-06,+201.005022502E-03
+186.312000E-06,+4.196E-09
+186.320000E-06,+0.0E+00
+186.328000E-06,+0.0E+00
+186.336000E-06,+0.0E+00
+186.344000E-06,+0.0E+00
+186.352000E-06,+0.0E+00
+186.360000E-06,+0.0E+00
+186.368000E-06,+0.0E+00
+186.376000E-06,+0.0E+00
+186.384000E-06,-201.005022501E-03
+186.392000E-06,-4.197E-09
+186.400000E-06,+0.0E+00
+186.408000E-06,+0.0E+00
+186.416000E-06,-201.005022499E-03
+186.424000E-06,-4.199E-09
+186.432000E-06,+0.0E+00
+186.440000E-06,+0.0E+00
+186.448000E-06,+0.0E+00
+186.456000E-06,+0.0E+00
+186.464000E-06,+0.0E+00
+186.472000E-06,-201.005022498E-03
+186.480000E-06,-4.200E-09
+186.488000E-06,+0.0E+00
+186.496000E-06,+0.0E+00
+186.504000E-06,+0.0E+00
+186.512000E-06,+0.0E+00
+186.520000E-06,+0.0E+00
+186.528000E-06,+0.0E+00
+186.536000E-06,+0.0E+00
+186.544000E-06,+0.0E+00
+186.552000E-06,+0.0E+00
+186.560000E-06,+0.0E+00
+186.568000E-06,+0.0E+00
+186.576000E-06,+0.0E+00
+186.584000E-06,+0.0E+00
+186.592000E-06,+0.0E+00
+186.600000E-06,+0.0E+00
+186.608000E-06,+0.0E+00
+186.616000E-06,+0.0E+00
+186.624000E-06,+0.0E+00
+186.632000E-06,+0.0E+00
+186.640000E-06,+0.0E+00
+186.648000E-06,+201.005022492E-03
+186.656000E-06,+4.206E-09
+186.664000E-06,+0.0E+00
+186.672000E-06,+0.0E+00
+186.680000E-06,+0.0E+00
+186.688000E-06,+0.0E+00
+186.696000E-06,-201.005022490E-03
+186.704000E-06,-201.005026698E-03
+186.712000E-06,+201.005018283E-03
+186.720000E-06,+4.209E-09
+186.728000E-06,+0.0E+00
+186.736000E-06,+201.005022489E-03
+186.744000E-06,+4.209E-09
+186.752000E-06,+0.0E+00
+186.760000E-06,+0.0E+00
+186.768000E-06,+0.0E+00
+186.776000E-06,+0.0E+00
+186.784000E-06,+0.0E+00
+186.792000E-06,+0.0E+00
+186.800000E-06,+0.0E+00
+186.808000E-06,+0.0E+00
+186.816000E-06,+0.0E+00
+186.824000E-06,+0.0E+00
+186.832000E-06,+0.0E+00
+186.840000E-06,+0.0E+00
+186.848000E-06,+0.0E+00
+186.856000E-06,+0.0E+00
+186.864000E-06,-201.005022486E-03
+186.872000E-06,-4.212E-09
+186.880000E-06,+0.0E+00
+186.888000E-06,+0.0E+00
+186.896000E-06,+0.0E+00
+186.904000E-06,+0.0E+00
+186.912000E-06,+0.0E+00
+186.920000E-06,+0.0E+00
+186.928000E-06,+0.0E+00
+186.936000E-06,+0.0E+00
+186.944000E-06,+0.0E+00
+186.952000E-06,+0.0E+00
+186.960000E-06,+0.0E+00
+186.968000E-06,+0.0E+00
+186.976000E-06,+0.0E+00
+186.984000E-06,+0.0E+00
+186.992000E-06,+0.0E+00
+187.000000E-06,+0.0E+00
+187.008000E-06,+0.0E+00
+187.016000E-06,+0.0E+00
+187.024000E-06,+0.0E+00
+187.032000E-06,+0.0E+00
+187.040000E-06,+0.0E+00
+187.048000E-06,+0.0E+00
+187.056000E-06,+0.0E+00
+187.064000E-06,+0.0E+00
+187.072000E-06,+0.0E+00
+187.080000E-06,+0.0E+00
+187.088000E-06,+0.0E+00
+187.096000E-06,+0.0E+00
+187.104000E-06,+0.0E+00
+187.112000E-06,+0.0E+00
+187.120000E-06,+0.0E+00
+187.128000E-06,+0.0E+00
+187.136000E-06,+0.0E+00
+187.144000E-06,+0.0E+00
+187.152000E-06,+0.0E+00
+187.160000E-06,+0.0E+00
+187.168000E-06,+0.0E+00
+187.176000E-06,+0.0E+00
+187.184000E-06,+0.0E+00
+187.192000E-06,+201.005022476E-03
+187.200000E-06,+4.222E-09
+187.208000E-06,+201.005022474E-03
+187.216000E-06,+4.224E-09
+187.224000E-06,+0.0E+00
+187.232000E-06,+0.0E+00
+187.240000E-06,+0.0E+00
+187.248000E-06,+0.0E+00
+187.256000E-06,+0.0E+00
+187.264000E-06,+0.0E+00
+187.272000E-06,+0.0E+00
+187.280000E-06,+201.005022473E-03
+187.288000E-06,+4.225E-09
+187.296000E-06,+0.0E+00
+187.304000E-06,+0.0E+00
+187.312000E-06,+0.0E+00
+187.320000E-06,+0.0E+00
+187.328000E-06,+0.0E+00
+187.336000E-06,+0.0E+00
+187.344000E-06,+0.0E+00
+187.352000E-06,+0.0E+00
+187.360000E-06,+0.0E+00
+187.368000E-06,+0.0E+00
+187.376000E-06,+0.0E+00
+187.384000E-06,+201.005022470E-03
+187.392000E-06,+201.005026698E-03
+187.400000E-06,+4.230E-09
+187.408000E-06,+201.005022469E-03
+187.416000E-06,+4.230E-09
+187.424000E-06,+0.0E+00
+187.432000E-06,-201.005022469E-03
+187.440000E-06,-201.005026698E-03
+187.448000E-06,-4.230E-09
+187.456000E-06,+0.0E+00
+187.464000E-06,+0.0E+00
+187.472000E-06,+0.0E+00
+187.480000E-06,+0.0E+00
+187.488000E-06,+0.0E+00
+187.496000E-06,+0.0E+00
+187.504000E-06,+201.005022466E-03
+187.512000E-06,+4.232E-09
+187.520000E-06,+0.0E+00
+187.528000E-06,+0.0E+00
+187.536000E-06,-201.005022466E-03
+187.544000E-06,-4.232E-09
+187.552000E-06,+0.0E+00
+187.560000E-06,+0.0E+00
+187.568000E-06,+0.0E+00
+187.576000E-06,+0.0E+00
+187.584000E-06,+0.0E+00
+187.592000E-06,+0.0E+00
+187.600000E-06,+0.0E+00
+187.608000E-06,+201.005022463E-03
+187.616000E-06,+4.235E-09
+187.624000E-06,+0.0E+00
+187.632000E-06,+0.0E+00
+187.640000E-06,+0.0E+00
+187.648000E-06,+0.0E+00
+187.656000E-06,+201.005022463E-03
+187.664000E-06,+4.235E-09
+187.672000E-06,+0.0E+00
+187.680000E-06,+0.0E+00
+187.688000E-06,+0.0E+00
+187.696000E-06,+0.0E+00
+187.704000E-06,+201.005022460E-03
+187.712000E-06,+201.005026698E-03
+187.720000E-06,+4.238E-09
+187.728000E-06,+0.0E+00
+187.736000E-06,+201.005022460E-03
+187.744000E-06,+4.238E-09
+187.752000E-06,+0.0E+00
+187.760000E-06,+201.005022460E-03
+187.768000E-06,+4.240E-09
+187.776000E-06,+201.005022458E-03
+187.784000E-06,+201.005026698E-03
+187.792000E-06,+4.241E-09
+187.800000E-06,+201.005022457E-03
+187.808000E-06,+4.241E-09
+187.816000E-06,+0.0E+00
+187.824000E-06,+201.005022457E-03
+187.832000E-06,+4.241E-09
+187.840000E-06,+201.005022457E-03
+187.848000E-06,+4.241E-09
+187.856000E-06,+0.0E+00
+187.864000E-06,+0.0E+00
+187.872000E-06,+0.0E+00
+187.880000E-06,+0.0E+00
+187.888000E-06,+201.005022454E-03
+187.896000E-06,+4.244E-09
+187.904000E-06,+0.0E+00
+187.912000E-06,+0.0E+00
+187.920000E-06,+0.0E+00
+187.928000E-06,+0.0E+00
+187.936000E-06,+0.0E+00
+187.944000E-06,+201.005022454E-03
+187.952000E-06,+4.244E-09
+187.960000E-06,+201.005022452E-03
+187.968000E-06,+4.246E-09
+187.976000E-06,+0.0E+00
+187.984000E-06,+201.005022451E-03
+187.992000E-06,+4.247E-09
+188.000000E-06,+0.0E+00
+188.008000E-06,+0.0E+00
+188.016000E-06,+0.0E+00
+188.024000E-06,+0.0E+00
+188.032000E-06,+0.0E+00
+188.040000E-06,+201.005022451E-03
+188.048000E-06,+4.247E-09
+188.056000E-06,+0.0E+00
+188.064000E-06,+0.0E+00
+188.072000E-06,+201.005022450E-03
+188.080000E-06,+201.005026698E-03
+188.088000E-06,+4.250E-09
+188.096000E-06,+0.0E+00
+188.104000E-06,+201.005022448E-03
+188.112000E-06,+4.250E-09
+188.120000E-06,+0.0E+00
+188.128000E-06,+201.005022448E-03
+188.136000E-06,+4.250E-09
+188.144000E-06,+201.005022448E-03
+188.152000E-06,+4.250E-09
+188.160000E-06,+0.0E+00
+188.168000E-06,+0.0E+00
+188.176000E-06,+201.005022447E-03
+188.184000E-06,+4.253E-09
+188.192000E-06,+201.005022445E-03
+188.200000E-06,+4.253E-09
+188.208000E-06,+0.0E+00
+188.216000E-06,+0.0E+00
+188.224000E-06,+0.0E+00
+188.232000E-06,+0.0E+00
+188.240000E-06,+201.005022445E-03
+188.248000E-06,+201.005026698E-03
+188.256000E-06,+4.254E-09
+188.264000E-06,+0.0E+00
+188.272000E-06,+0.0E+00
+188.280000E-06,+0.0E+00
+188.288000E-06,+0.0E+00
+188.296000E-06,+0.0E+00
+188.304000E-06,+201.005022442E-03
+188.312000E-06,+4.256E-09
+188.320000E-06,+0.0E+00
+188.328000E-06,+0.0E+00
+188.336000E-06,+201.005022442E-03
+188.344000E-06,+201.005026698E-03
+188.352000E-06,+4.257E-09
+188.360000E-06,+201.005022441E-03
+188.368000E-06,+201.005026698E-03
+188.376000E-06,+201.005026698E-03
+188.384000E-06,+201.005026698E-03
+188.392000E-06,+201.005026698E-03
+188.400000E-06,+4.259E-09
+188.408000E-06,+0.0E+00
+188.416000E-06,+0.0E+00
+188.424000E-06,+0.0E+00
+188.432000E-06,+0.0E+00
+188.440000E-06,+201.005022439E-03
+188.448000E-06,+4.260E-09
+188.456000E-06,+201.005022438E-03
+188.464000E-06,+201.005026698E-03
+188.472000E-06,+4.262E-09
+188.480000E-06,+201.005022436E-03
+188.488000E-06,+201.005026698E-03
+188.496000E-06,+201.005026698E-03
+188.504000E-06,+201.005026698E-03
+188.512000E-06,+201.005026698E-03
+188.520000E-06,+4.262E-09
+188.528000E-06,+201.005022436E-03
+188.536000E-06,+201.005026698E-03
+188.544000E-06,+201.005026698E-03
+188.552000E-06,+4.263E-09
+188.560000E-06,+0.0E+00
+188.568000E-06,+201.005022433E-03
+188.576000E-06,+201.005026698E-03
+188.584000E-06,+4.265E-09
+188.592000E-06,+0.0E+00
+188.600000E-06,+0.0E+00
+188.608000E-06,+201.005022433E-03
+188.616000E-06,+4.265E-09
+188.624000E-06,+201.005022433E-03
+188.632000E-06,+201.005026698E-03
+188.640000E-06,+4.265E-09
+188.648000E-06,+0.0E+00
+188.656000E-06,+201.005022432E-03
+188.664000E-06,+201.005026698E-03
+188.672000E-06,+201.005026698E-03
+188.680000E-06,+201.005026698E-03
+188.688000E-06,+201.005026698E-03
+188.696000E-06,+4.268E-09
+188.704000E-06,+201.005022431E-03
+188.712000E-06,+201.005026698E-03
+188.720000E-06,+4.268E-09
+188.728000E-06,+201.005022431E-03
+188.736000E-06,+4.268E-09
+188.744000E-06,+201.005022429E-03
+188.752000E-06,+201.005026698E-03
+188.760000E-06,+201.005026698E-03
+188.768000E-06,+4.271E-09
+188.776000E-06,+201.005022428E-03
+188.784000E-06,+4.271E-09
+188.792000E-06,+201.005022428E-03
+188.800000E-06,+201.005026698E-03
+188.808000E-06,+201.005026698E-03
+188.816000E-06,+4.271E-09
+188.824000E-06,+0.0E+00
+188.832000E-06,+201.005022428E-03
+188.840000E-06,+201.005026698E-03
+188.848000E-06,+4.272E-09
+188.856000E-06,+0.0E+00
+188.864000E-06,+0.0E+00
+188.872000E-06,+201.005022425E-03
+188.880000E-06,+201.005026698E-03
+188.888000E-06,+201.005026698E-03
+188.896000E-06,+201.005026698E-03
+188.904000E-06,+201.005026698E-03
+188.912000E-06,+4.273E-09
+188.920000E-06,+0.0E+00
+188.928000E-06,+201.005022425E-03
+188.936000E-06,+4.275E-09
+188.944000E-06,+201.005022423E-03
+188.952000E-06,+4.275E-09
+188.960000E-06,+201.005022422E-03
+188.968000E-06,+4.276E-09
+188.976000E-06,+201.005022422E-03
+188.984000E-06,+4.276E-09
+188.992000E-06,+201.005022422E-03
+189.000000E-06,+4.276E-09
+189.008000E-06,+201.005022422E-03
+189.016000E-06,+201.005026698E-03
+189.024000E-06,+201.005026698E-03
+189.032000E-06,+201.005026698E-03
+189.040000E-06,+201.005026698E-03
+189.048000E-06,+201.005026698E-03
+189.056000E-06,+201.005026698E-03
+189.064000E-06,+201.005026698E-03
+189.072000E-06,+201.005026698E-03
+189.080000E-06,+201.005026698E-03
+189.088000E-06,+4.279E-09
+189.096000E-06,+0.0E+00
+189.104000E-06,+201.005022419E-03
+189.112000E-06,+201.005026698E-03
+189.120000E-06,+201.005026698E-03
+189.128000E-06,+4.279E-09
+189.136000E-06,+201.005022417E-03
+189.144000E-06,+4.281E-09
+189.152000E-06,+201.005022417E-03
+189.160000E-06,+4.282E-09
+189.168000E-06,+201.005022416E-03
+189.176000E-06,+201.005026698E-03
+189.184000E-06,+201.005026698E-03
+189.192000E-06,+201.005026698E-03
+189.200000E-06,+201.005026698E-03
+189.208000E-06,+201.005026698E-03
+189.216000E-06,+201.005026698E-03
+189.224000E-06,+201.005026698E-03
+189.232000E-06,+201.005026698E-03
+189.240000E-06,+201.005026698E-03
+189.248000E-06,+201.005026698E-03
+189.256000E-06,+201.005026698E-03
+189.264000E-06,+201.005026698E-03
+189.272000E-06,+201.005026698E-03
+189.280000E-06,+201.005026698E-03
+189.288000E-06,+4.285E-09
+189.296000E-06,+201.005022413E-03
+189.304000E-06,+201.005026698E-03
+189.312000E-06,+201.005026698E-03
+189.320000E-06,+4.285E-09
+189.328000E-06,+201.005022412E-03
+189.336000E-06,+201.005026698E-03
+189.344000E-06,+4.287E-09
+189.352000E-06,+201.005022410E-03
+189.360000E-06,+4.288E-09
+189.368000E-06,+201.005022410E-03
+189.376000E-06,+201.005026698E-03
+189.384000E-06,+201.005026698E-03
+189.392000E-06,+201.005026698E-03
+189.400000E-06,+201.005026698E-03
+189.408000E-06,+201.005026698E-03
+189.416000E-06,+201.005026698E-03
+189.424000E-06,+201.005026698E-03
+189.432000E-06,+201.005026698E-03
+189.440000E-06,+201.005026698E-03
+189.448000E-06,+201.005026698E-03
+189.456000E-06,+4.291E-09
+189.464000E-06,+201.005022407E-03
+189.472000E-06,+201.005026698E-03
+189.480000E-06,+201.005026698E-03
+189.488000E-06,+201.005026698E-03
+189.496000E-06,+201.005026698E-03
+189.504000E-06,+4.291E-09
+189.512000E-06,+201.005022407E-03
+189.520000E-06,+201.005026698E-03
+189.528000E-06,+201.005026698E-03
+189.536000E-06,+201.005026698E-03
+189.544000E-06,+201.005026698E-03
+189.552000E-06,+201.005026698E-03
+189.560000E-06,+201.005026698E-03
+189.568000E-06,+201.005026698E-03
+189.576000E-06,+201.005026698E-03
+189.584000E-06,+201.005026698E-03
+189.592000E-06,+4.294E-09
+189.600000E-06,+201.005022404E-03
+189.608000E-06,+201.005026698E-03
+189.616000E-06,+201.005026698E-03
+189.624000E-06,+201.005026698E-03
+189.632000E-06,+201.005026698E-03
+189.640000E-06,+201.005026698E-03
+189.648000E-06,+201.005026698E-03
+189.656000E-06,+201.005026698E-03
+189.664000E-06,+201.005026698E-03
+189.672000E-06,+201.005026698E-03
+189.680000E-06,+201.005026698E-03
+189.688000E-06,+201.005026698E-03
+189.696000E-06,+201.005026698E-03
+189.704000E-06,+201.005026698E-03
+189.712000E-06,+201.005026698E-03
+189.720000E-06,+201.005026698E-03
+189.728000E-06,+201.005026698E-03
+189.736000E-06,+201.005026698E-03
+189.744000E-06,+201.005026698E-03
+189.752000E-06,+201.005026698E-03
+189.760000E-06,+201.005026698E-03
+189.768000E-06,+201.005026698E-03
+189.776000E-06,+201.005026698E-03
+189.784000E-06,+201.005026698E-03
+189.792000E-06,+201.005026698E-03
+189.800000E-06,+201.005026698E-03
+189.808000E-06,+201.005026698E-03
+189.816000E-06,+201.005026698E-03
+189.824000E-06,+201.005026698E-03
+189.832000E-06,+201.005026698E-03
+189.840000E-06,+201.005026698E-03
+189.848000E-06,+201.005026698E-03
+189.856000E-06,+201.005026698E-03
+189.864000E-06,+201.005026698E-03
+189.872000E-06,+201.005026698E-03
+189.880000E-06,+402.010049094E-03
+189.888000E-06,+201.005031001E-03
+189.896000E-06,+201.005026698E-03
+189.904000E-06,+201.005026698E-03
+189.912000E-06,+201.005026698E-03
+189.920000E-06,+201.005026698E-03
+189.928000E-06,+4.304E-09
+189.936000E-06,+201.005022393E-03
+189.944000E-06,+201.005026698E-03
+189.952000E-06,+201.005026698E-03
+189.960000E-06,+201.005026698E-03
+189.968000E-06,+201.005026698E-03
+189.976000E-06,+201.005026698E-03
+189.984000E-06,+402.010049091E-03
+189.992000E-06,+201.005031004E-03
+190.000000E-06,+201.005026698E-03
+190.008000E-06,+201.005026698E-03
+190.016000E-06,+201.005026698E-03
+190.024000E-06,+201.005026698E-03
+190.032000E-06,+201.005026698E-03
+190.040000E-06,+201.005026698E-03
+190.048000E-06,+201.005026698E-03
+190.056000E-06,+402.010049088E-03
+190.064000E-06,+201.005031007E-03
+190.072000E-06,+201.005026698E-03
+190.080000E-06,+201.005026698E-03
+190.088000E-06,+201.005026698E-03
+190.096000E-06,+201.005026698E-03
+190.104000E-06,+201.005026698E-03
+190.112000E-06,+402.010049086E-03
+190.120000E-06,+201.005031008E-03
+190.128000E-06,+201.005026698E-03
+190.136000E-06,+201.005026698E-03
+190.144000E-06,+201.005026698E-03
+190.152000E-06,+201.005026698E-03
+190.160000E-06,+201.005026698E-03
+190.168000E-06,+201.005026698E-03
+190.176000E-06,+201.005026698E-03
+190.184000E-06,+201.005026698E-03
+190.192000E-06,+201.005026698E-03
+190.200000E-06,+201.005026698E-03
+190.208000E-06,+201.005026698E-03
+190.216000E-06,+201.005026698E-03
+190.224000E-06,+201.005026698E-03
+190.232000E-06,+201.005026698E-03
+190.240000E-06,+201.005026698E-03
+190.248000E-06,+402.010049082E-03
+190.256000E-06,+402.010053396E-03
+190.264000E-06,+201.005031012E-03
+190.272000E-06,+201.005026698E-03
+190.280000E-06,+201.005026698E-03
+190.288000E-06,+201.005026698E-03
+190.296000E-06,+201.005026698E-03
+190.304000E-06,+201.005026698E-03
+190.312000E-06,+201.005026698E-03
+190.320000E-06,+201.005026698E-03
+190.328000E-06,+201.005026698E-03
+190.336000E-06,+201.005026698E-03
+190.344000E-06,+402.010049079E-03
+190.352000E-06,+201.005031015E-03
+190.360000E-06,+201.005026698E-03
+190.368000E-06,+201.005026698E-03
+190.376000E-06,+201.005026698E-03
+190.384000E-06,+201.005026698E-03
+190.392000E-06,+201.005026698E-03
+190.400000E-06,+402.010049077E-03
+190.408000E-06,+201.005031017E-03
+190.416000E-06,+201.005026698E-03
+190.424000E-06,+201.005026698E-03
+190.432000E-06,+402.010049076E-03
+190.440000E-06,+201.005031018E-03
+190.448000E-06,+201.005026698E-03
+190.456000E-06,+201.005026698E-03
+190.464000E-06,+201.005026698E-03
+190.472000E-06,+201.005026698E-03
+190.480000E-06,+201.005026698E-03
+190.488000E-06,+201.005026698E-03
+190.496000E-06,+201.005026698E-03
+190.504000E-06,+201.005026698E-03
+190.512000E-06,+402.010049075E-03
+190.520000E-06,+201.005031021E-03
+190.528000E-06,+201.005026698E-03
+190.536000E-06,+201.005026698E-03
+190.544000E-06,+402.010049073E-03
+190.552000E-06,+201.005031021E-03
+190.560000E-06,+201.005026698E-03
+190.568000E-06,+201.005026698E-03
+190.576000E-06,+201.005026698E-03
+190.584000E-06,+201.005026698E-03
+190.592000E-06,+201.005026698E-03
+190.600000E-06,+402.010049072E-03
+190.608000E-06,+201.005031023E-03
+190.616000E-06,+201.005026698E-03
+190.624000E-06,+402.010049070E-03
+190.632000E-06,+201.005031024E-03
+190.640000E-06,+201.005026698E-03
+190.648000E-06,+201.005026698E-03
+190.656000E-06,+402.010049070E-03
+190.664000E-06,+402.010053396E-03
+190.672000E-06,+402.010053396E-03
+190.680000E-06,+201.005031024E-03
+190.688000E-06,+201.005026698E-03
+190.696000E-06,+201.005026698E-03
+190.704000E-06,+201.005026698E-03
+190.712000E-06,+201.005026698E-03
+190.720000E-06,+201.005026698E-03
+190.728000E-06,+201.005026698E-03
+190.736000E-06,+402.010049067E-03
+190.744000E-06,+402.010053396E-03
+190.752000E-06,+402.010053396E-03
+190.760000E-06,+201.005031027E-03
+190.768000E-06,+201.005026698E-03
+190.776000E-06,+402.010049067E-03
+190.784000E-06,+402.010053396E-03
+190.792000E-06,+201.005031029E-03
+190.800000E-06,+201.005026698E-03
+190.808000E-06,+201.005026698E-03
+190.816000E-06,+201.005026698E-03
+190.824000E-06,+402.010049064E-03
+190.832000E-06,+402.010053396E-03
+190.840000E-06,+402.010053396E-03
+190.848000E-06,+402.010053396E-03
+190.856000E-06,+201.005031030E-03
+190.864000E-06,+201.005026698E-03
+190.872000E-06,+201.005026698E-03
+190.880000E-06,+201.005026698E-03
+190.888000E-06,+201.005026698E-03
+190.896000E-06,+201.005026698E-03
+190.904000E-06,+201.005026698E-03
+190.912000E-06,+402.010049061E-03
+190.920000E-06,+201.005031033E-03
+190.928000E-06,+201.005026698E-03
+190.936000E-06,+201.005026698E-03
+190.944000E-06,+201.005026698E-03
+190.952000E-06,+201.005026698E-03
+190.960000E-06,+201.005026698E-03
+190.968000E-06,+402.010049061E-03
+190.976000E-06,+402.010053396E-03
+190.984000E-06,+201.005031034E-03
+190.992000E-06,+201.005026698E-03
+191.000000E-06,+402.010049060E-03
+191.008000E-06,+402.010053396E-03
+191.016000E-06,+402.010053396E-03
+191.024000E-06,+201.005031036E-03
+191.032000E-06,+201.005026698E-03
+191.040000E-06,+402.010049058E-03
+191.048000E-06,+402.010053396E-03
+191.056000E-06,+402.010053396E-03
+191.064000E-06,+201.005031036E-03
+191.072000E-06,+402.010049058E-03
+191.080000E-06,+201.005031037E-03
+191.088000E-06,+201.005026698E-03
+191.096000E-06,+402.010049057E-03
+191.104000E-06,+201.005031039E-03
+191.112000E-06,+201.005026698E-03
+191.120000E-06,+402.010049056E-03
+191.128000E-06,+402.010053396E-03
+191.136000E-06,+402.010053396E-03
+191.144000E-06,+402.010053396E-03
+191.152000E-06,+402.010053396E-03
+191.160000E-06,+402.010053396E-03
+191.168000E-06,+201.005031039E-03
+191.176000E-06,+201.005026698E-03
+191.184000E-06,+402.010049054E-03
+191.192000E-06,+402.010053396E-03
+191.200000E-06,+402.010053396E-03
+191.208000E-06,+402.010053396E-03
+191.216000E-06,+402.010053396E-03
+191.224000E-06,+201.005031042E-03
+191.232000E-06,+402.010049053E-03
+191.240000E-06,+201.005031042E-03
+191.248000E-06,+201.005026698E-03
+191.256000E-06,+201.005026698E-03
+191.264000E-06,+201.005026698E-03
+191.272000E-06,+402.010049051E-03
+191.280000E-06,+201.005031043E-03
+191.288000E-06,+402.010049051E-03
+191.296000E-06,+402.010053396E-03
+191.304000E-06,+402.010053396E-03
+191.312000E-06,+201.005031045E-03
+191.320000E-06,+402.010049050E-03
+191.328000E-06,+402.010053396E-03
+191.336000E-06,+402.010053396E-03
+191.344000E-06,+201.005031045E-03
+191.352000E-06,+402.010049050E-03
+191.360000E-06,+201.005031045E-03
+191.368000E-06,+402.010049050E-03
+191.376000E-06,+402.010053396E-03
+191.384000E-06,+402.010053396E-03
+191.392000E-06,+201.005031046E-03
+191.400000E-06,+201.005026698E-03
+191.408000E-06,+402.010049047E-03
+191.416000E-06,+402.010053396E-03
+191.424000E-06,+201.005031048E-03
+191.432000E-06,+201.005026698E-03
+191.440000E-06,+201.005026698E-03
+191.448000E-06,+201.005026698E-03
+191.456000E-06,+201.005026698E-03
+191.464000E-06,+402.010049047E-03
+191.472000E-06,+402.010053396E-03
+191.480000E-06,+201.005031049E-03
+191.488000E-06,+402.010049045E-03
+191.496000E-06,+402.010053396E-03
+191.504000E-06,+201.005031051E-03
+191.512000E-06,+402.010049044E-03
+191.520000E-06,+402.010053396E-03
+191.528000E-06,+201.005031051E-03
+191.536000E-06,+201.005026698E-03
+191.544000E-06,+402.010049044E-03
+191.552000E-06,+402.010053396E-03
+191.560000E-06,+402.010053396E-03
+191.568000E-06,+402.010053396E-03
+191.576000E-06,+402.010053396E-03
+191.584000E-06,+201.005031052E-03
+191.592000E-06,+201.005026698E-03
+191.600000E-06,+402.010049041E-03
+191.608000E-06,+402.010053396E-03
+191.616000E-06,+402.010053396E-03
+191.624000E-06,+201.005031053E-03
+191.632000E-06,+402.010049041E-03
+191.640000E-06,+402.010053396E-03
+191.648000E-06,+402.010053396E-03
+191.656000E-06,+402.010053396E-03
+191.664000E-06,+402.010053396E-03
+191.672000E-06,+402.010053396E-03
+191.680000E-06,+402.010053396E-03
+191.688000E-06,+402.010053396E-03
+191.696000E-06,+402.010053396E-03
+191.704000E-06,+402.010053396E-03
+191.712000E-06,+402.010053396E-03
+191.720000E-06,+402.010053396E-03
+191.728000E-06,+402.010053396E-03
+191.736000E-06,+402.010053396E-03
+191.744000E-06,+402.010053396E-03
+191.752000E-06,+402.010053396E-03
+191.760000E-06,+402.010053396E-03
+191.768000E-06,+201.005031058E-03
+191.776000E-06,+402.010049037E-03
+191.784000E-06,+402.010053396E-03
+191.792000E-06,+402.010053396E-03
+191.800000E-06,+402.010053396E-03
+191.808000E-06,+402.010053396E-03
+191.816000E-06,+402.010053396E-03
+191.824000E-06,+201.005031059E-03
+191.832000E-06,+402.010049035E-03
+191.840000E-06,+402.010053396E-03
+191.848000E-06,+402.010053396E-03
+191.856000E-06,+402.010053396E-03
+191.864000E-06,+402.010053396E-03
+191.872000E-06,+402.010053396E-03
+191.880000E-06,+201.005031062E-03
+191.888000E-06,+402.010049032E-03
+191.896000E-06,+201.005031062E-03
+191.904000E-06,+402.010049032E-03
+191.912000E-06,+402.010053396E-03
+191.920000E-06,+402.010053396E-03
+191.928000E-06,+402.010053396E-03
+191.936000E-06,+402.010053396E-03
+191.944000E-06,+402.010053396E-03
+191.952000E-06,+402.010053396E-03
+191.960000E-06,+402.010053396E-03
+191.968000E-06,+402.010053396E-03
+191.976000E-06,+402.010053396E-03
+191.984000E-06,+201.005031065E-03
+191.992000E-06,+402.010049029E-03
+192.000000E-06,+402.010053396E-03
+192.008000E-06,+402.010053396E-03
+192.016000E-06,+402.010053396E-03
+192.024000E-06,+402.010053396E-03
+192.032000E-06,+402.010053396E-03
+192.040000E-06,+402.010053396E-03
+192.048000E-06,+402.010053396E-03
+192.056000E-06,+402.010053396E-03
+192.064000E-06,+402.010053396E-03
+192.072000E-06,+402.010053396E-03
+192.080000E-06,+402.010053396E-03
+192.088000E-06,+402.010053396E-03
+192.096000E-06,+402.010053396E-03
+192.104000E-06,+402.010053396E-03
+192.112000E-06,+402.010053396E-03
+192.120000E-06,+402.010053396E-03
+192.128000E-06,+402.010053396E-03
+192.136000E-06,+402.010053396E-03
+192.144000E-06,+201.005031068E-03
+192.152000E-06,+402.010049025E-03
+192.160000E-06,+402.010053396E-03
+192.168000E-06,+402.010053396E-03
+192.176000E-06,+402.010053396E-03
+192.184000E-06,+402.010053396E-03
+192.192000E-06,+402.010053396E-03
+192.200000E-06,+402.010053396E-03
+192.208000E-06,+402.010053396E-03
+192.216000E-06,+402.010053396E-03
+192.224000E-06,+402.010053396E-03
+192.232000E-06,+402.010053396E-03
+192.240000E-06,+402.010053396E-03
+192.248000E-06,+603.015075720E-03
+192.256000E-06,+402.010057771E-03
+192.264000E-06,+402.010053396E-03
+192.272000E-06,+402.010053396E-03
+192.280000E-06,+402.010053396E-03
+192.288000E-06,+402.010053396E-03
+192.296000E-06,+402.010053396E-03
+192.304000E-06,+402.010053396E-03
+192.312000E-06,+402.010053396E-03
+192.320000E-06,+402.010053396E-03
+192.328000E-06,+402.010053396E-03
+192.336000E-06,+402.010053396E-03
+192.344000E-06,+402.010053396E-03
+192.352000E-06,+402.010053396E-03
+192.360000E-06,+402.010053396E-03
+192.368000E-06,+402.010053396E-03
+192.376000E-06,+402.010053396E-03
+192.384000E-06,+402.010053396E-03
+192.392000E-06,+402.010053396E-03
+192.400000E-06,+402.010053396E-03
+192.408000E-06,+402.010053396E-03
+192.416000E-06,+402.010053396E-03
+192.424000E-06,+402.010053396E-03
+192.432000E-06,+402.010053396E-03
+192.440000E-06,+402.010053396E-03
+192.448000E-06,+402.010053396E-03
+192.456000E-06,+402.010053396E-03
+192.464000E-06,+402.010053396E-03
+192.472000E-06,+402.010053396E-03
+192.480000E-06,+402.010053396E-03
+192.488000E-06,+402.010053396E-03
+192.496000E-06,+402.010053396E-03
+192.504000E-06,+402.010053396E-03
+192.512000E-06,+402.010053396E-03
+192.520000E-06,+402.010053396E-03
+192.528000E-06,+402.010053396E-03
+192.536000E-06,+402.010053396E-03
+192.544000E-06,+402.010053396E-03
+192.552000E-06,+402.010053396E-03
+192.560000E-06,+402.010053396E-03
+192.568000E-06,+402.010053396E-03
+192.576000E-06,+402.010053396E-03
+192.584000E-06,+603.015075710E-03
+192.592000E-06,+603.015080094E-03
+192.600000E-06,+402.010057781E-03
+192.608000E-06,+402.010053396E-03
+192.616000E-06,+402.010053396E-03
+192.624000E-06,+603.015075710E-03
+192.632000E-06,+402.010057781E-03
+192.640000E-06,+402.010053396E-03
+192.648000E-06,+402.010053396E-03
+192.656000E-06,+402.010053396E-03
+192.664000E-06,+402.010053396E-03
+192.672000E-06,+402.010053396E-03
+192.680000E-06,+402.010053396E-03
+192.688000E-06,+402.010053396E-03
+192.696000E-06,+402.010053396E-03
+192.704000E-06,+402.010053396E-03
+192.712000E-06,+402.010053396E-03
+192.720000E-06,+402.010053396E-03
+192.728000E-06,+402.010053396E-03
+192.736000E-06,+402.010053396E-03
+192.744000E-06,+402.010053396E-03
+192.752000E-06,+402.010053396E-03
+192.760000E-06,+402.010053396E-03
+192.768000E-06,+402.010053396E-03
+192.776000E-06,+402.010053396E-03
+192.784000E-06,+402.010053396E-03
+192.792000E-06,+402.010053396E-03
+192.800000E-06,+402.010053396E-03
+192.808000E-06,+402.010053396E-03
+192.816000E-06,+402.010053396E-03
+192.824000E-06,+402.010053396E-03
+192.832000E-06,+402.010053396E-03
+192.840000E-06,+402.010053396E-03
+192.848000E-06,+402.010053396E-03
+192.856000E-06,+402.010053396E-03
+192.864000E-06,+402.010053396E-03
+192.872000E-06,+402.010053396E-03
+192.880000E-06,+402.010053396E-03
+192.888000E-06,+402.010053396E-03
+192.896000E-06,+402.010053396E-03
+192.904000E-06,+402.010053396E-03
+192.912000E-06,+402.010053396E-03
+192.920000E-06,+603.015075701E-03
+192.928000E-06,+603.015080094E-03
+192.936000E-06,+402.010057791E-03
+192.944000E-06,+402.010053396E-03
+192.952000E-06,+402.010053396E-03
+192.960000E-06,+402.010053396E-03
+192.968000E-06,+402.010053396E-03
+192.976000E-06,+402.010053396E-03
+192.984000E-06,+603.015075698E-03
+192.992000E-06,+402.010057793E-03
+193.000000E-06,+402.010053396E-03
+193.008000E-06,+402.010053396E-03
+193.016000E-06,+402.010053396E-03
+193.024000E-06,+402.010053396E-03
+193.032000E-06,+402.010053396E-03
+193.040000E-06,+402.010053396E-03
+193.048000E-06,+402.010053396E-03
+193.056000E-06,+603.015075695E-03
+193.064000E-06,+402.010057795E-03
+193.072000E-06,+603.015075695E-03
+193.080000E-06,+603.015080094E-03
+193.088000E-06,+402.010057795E-03
+193.096000E-06,+402.010053396E-03
+193.104000E-06,+402.010053396E-03
+193.112000E-06,+402.010053396E-03
+193.120000E-06,+402.010053396E-03
+193.128000E-06,+603.015075694E-03
+193.136000E-06,+402.010057797E-03
+193.144000E-06,+603.015075694E-03
+193.152000E-06,+603.015080094E-03
+193.160000E-06,+603.015080094E-03
+193.168000E-06,+402.010057798E-03
+193.176000E-06,+402.010053396E-03
+193.184000E-06,+402.010053396E-03
+193.192000E-06,+402.010053396E-03
+193.200000E-06,+603.015075692E-03
+193.208000E-06,+402.010057798E-03
+193.216000E-06,+402.010053396E-03
+193.224000E-06,+402.010053396E-03
+193.232000E-06,+603.015075691E-03
+193.240000E-06,+402.010057800E-03
+193.248000E-06,+402.010053396E-03
+193.256000E-06,+402.010053396E-03
+193.264000E-06,+402.010053396E-03
+193.272000E-06,+402.010053396E-03
+193.280000E-06,+402.010053396E-03
+193.288000E-06,+402.010053396E-03
+193.296000E-06,+402.010053396E-03
+193.304000E-06,+402.010053396E-03
+193.312000E-06,+402.010053396E-03
+193.320000E-06,+603.015075688E-03
+193.328000E-06,+402.010057803E-03
+193.336000E-06,+603.015075688E-03
+193.344000E-06,+603.015080094E-03
+193.352000E-06,+603.015080094E-03
+193.360000E-06,+402.010057804E-03
+193.368000E-06,+402.010053396E-03
+193.376000E-06,+402.010053396E-03
+193.384000E-06,+402.010053396E-03
+193.392000E-06,+603.015075686E-03
+193.400000E-06,+402.010057804E-03
+193.408000E-06,+402.010053396E-03
+193.416000E-06,+402.010053396E-03
+193.424000E-06,+603.015075685E-03
+193.432000E-06,+402.010057806E-03
+193.440000E-06,+402.010053396E-03
+193.448000E-06,+402.010053396E-03
+193.456000E-06,+603.015075683E-03
+193.464000E-06,+402.010057807E-03
+193.472000E-06,+402.010053396E-03
+193.480000E-06,+402.010053396E-03
+193.488000E-06,+603.015075683E-03
+193.496000E-06,+402.010057807E-03
+193.504000E-06,+603.015075683E-03
+193.512000E-06,+402.010057809E-03
+193.520000E-06,+603.015075682E-03
+193.528000E-06,+402.010057809E-03
+193.536000E-06,+402.010053396E-03
+193.544000E-06,+402.010053396E-03
+193.552000E-06,+603.015075681E-03
+193.560000E-06,+603.015080094E-03
+193.568000E-06,+402.010057810E-03
+193.576000E-06,+603.015075681E-03
+193.584000E-06,+603.015080094E-03
+193.592000E-06,+402.010057810E-03
+193.600000E-06,+402.010053396E-03
+193.608000E-06,+402.010053396E-03
+193.616000E-06,+402.010053396E-03
+193.624000E-06,+603.015075679E-03
+193.632000E-06,+402.010057812E-03
+193.640000E-06,+402.010053396E-03
+193.648000E-06,+402.010053396E-03
+193.656000E-06,+402.010053396E-03
+193.664000E-06,+402.010053396E-03
+193.672000E-06,+402.010053396E-03
+193.680000E-06,+603.015075678E-03
+193.688000E-06,+402.010057813E-03
+193.696000E-06,+402.010053396E-03
+193.704000E-06,+402.010053396E-03
+193.712000E-06,+603.015075676E-03
+193.720000E-06,+402.010057814E-03
+193.728000E-06,+402.010053396E-03
+193.736000E-06,+402.010053396E-03
+193.744000E-06,+402.010053396E-03
+193.752000E-06,+603.015075675E-03
+193.760000E-06,+402.010057816E-03
+193.768000E-06,+402.010053396E-03
+193.776000E-06,+603.015075675E-03
+193.784000E-06,+603.015080094E-03
+193.792000E-06,+603.015080094E-03
+193.800000E-06,+402.010057816E-03
+193.808000E-06,+402.010053396E-03
+193.816000E-06,+402.010053396E-03
+193.824000E-06,+402.010053396E-03
+193.832000E-06,+603.015075672E-03
+193.840000E-06,+402.010057819E-03
+193.848000E-06,+402.010053396E-03
+193.856000E-06,+603.015075672E-03
+193.864000E-06,+402.010057819E-03
+193.872000E-06,+603.015075672E-03
+193.880000E-06,+402.010057819E-03
+193.888000E-06,+402.010053396E-03
+193.896000E-06,+402.010053396E-03
+193.904000E-06,+603.015075670E-03
+193.912000E-06,+603.015080094E-03
+193.920000E-06,+603.015080094E-03
+193.928000E-06,+402.010057822E-03
+193.936000E-06,+402.010053396E-03
+193.944000E-06,+603.015075669E-03
+193.952000E-06,+402.010057822E-03
+193.960000E-06,+402.010053396E-03
+193.968000E-06,+603.015075669E-03
+193.976000E-06,+402.010057822E-03
+193.984000E-06,+402.010053396E-03
+193.992000E-06,+603.015075669E-03
+194.000000E-06,+603.015080094E-03
+194.008000E-06,+402.010057823E-03
+194.016000E-06,+603.015075667E-03
+194.024000E-06,+603.015080094E-03
+194.032000E-06,+603.015080094E-03
+194.040000E-06,+603.015080094E-03
+194.048000E-06,+402.010057825E-03
+194.056000E-06,+402.010053396E-03
+194.064000E-06,+402.010053396E-03
+194.072000E-06,+402.010053396E-03
+194.080000E-06,+402.010053396E-03
+194.088000E-06,+402.010053396E-03
+194.096000E-06,+402.010053396E-03
+194.104000E-06,+402.010053396E-03
+194.112000E-06,+402.010053396E-03
+194.120000E-06,+603.015075663E-03
+194.128000E-06,+402.010057828E-03
+194.136000E-06,+402.010053396E-03
+194.144000E-06,+603.015075663E-03
+194.152000E-06,+603.015080094E-03
+194.160000E-06,+402.010057828E-03
+194.168000E-06,+402.010053396E-03
+194.176000E-06,+402.010053396E-03
+194.184000E-06,+603.015075663E-03
+194.192000E-06,+603.015080094E-03
+194.200000E-06,+603.015080094E-03
+194.208000E-06,+603.015080094E-03
+194.216000E-06,+402.010057829E-03
+194.224000E-06,+402.010053396E-03
+194.232000E-06,+603.015075660E-03
+194.240000E-06,+603.015080094E-03
+194.248000E-06,+603.015080094E-03
+194.256000E-06,+402.010057831E-03
+194.264000E-06,+402.010053396E-03
+194.272000E-06,+603.015075660E-03
+194.280000E-06,+603.015080094E-03
+194.288000E-06,+402.010057831E-03
+194.296000E-06,+603.015075659E-03
+194.304000E-06,+603.015080094E-03
+194.312000E-06,+603.015080094E-03
+194.320000E-06,+603.015080094E-03
+194.328000E-06,+603.015080094E-03
+194.336000E-06,+402.010057833E-03
+194.344000E-06,+603.015075657E-03
+194.352000E-06,+603.015080094E-03
+194.360000E-06,+603.015080094E-03
+194.368000E-06,+603.015080094E-03
+194.376000E-06,+603.015080094E-03
+194.384000E-06,+603.015080094E-03
+194.392000E-06,+603.015080094E-03
+194.400000E-06,+603.015080094E-03
+194.408000E-06,+402.010057835E-03
+194.416000E-06,+603.015075654E-03
+194.424000E-06,+402.010057836E-03
+194.432000E-06,+603.015075654E-03
+194.440000E-06,+603.015080094E-03
+194.448000E-06,+603.015080094E-03
+194.456000E-06,+603.015080094E-03
+194.464000E-06,+402.010057836E-03
+194.472000E-06,+402.010053396E-03
+194.480000E-06,+402.010053396E-03
+194.488000E-06,+603.015075653E-03
+194.496000E-06,+402.010057838E-03
+194.504000E-06,+603.015075653E-03
+194.512000E-06,+603.015080094E-03
+194.520000E-06,+603.015080094E-03
+194.528000E-06,+603.015080094E-03
+194.536000E-06,+402.010057839E-03
+194.544000E-06,+603.015075651E-03
+194.552000E-06,+603.015080094E-03
+194.560000E-06,+402.010057839E-03
+194.568000E-06,+603.015075651E-03
+194.576000E-06,+603.015080094E-03
+194.584000E-06,+603.015080094E-03
+194.592000E-06,+402.010057841E-03
+194.600000E-06,+402.010053396E-03
+194.608000E-06,+402.010053396E-03
+194.616000E-06,+603.015075648E-03
+194.624000E-06,+402.010057842E-03
+194.632000E-06,+402.010053396E-03
+194.640000E-06,+402.010053396E-03
+194.648000E-06,+402.010053396E-03
+194.656000E-06,+603.015075648E-03
+194.664000E-06,+603.015080094E-03
+194.672000E-06,+603.015080094E-03
+194.680000E-06,+603.015080094E-03
+194.688000E-06,+603.015080094E-03
+194.696000E-06,+603.015080094E-03
+194.704000E-06,+402.010057845E-03
+194.712000E-06,+402.010053396E-03
+194.720000E-06,+603.015075645E-03
+194.728000E-06,+402.010057845E-03
+194.736000E-06,+402.010053396E-03
+194.744000E-06,+402.010053396E-03
+194.752000E-06,+603.015075645E-03
+194.760000E-06,+402.010057845E-03
+194.768000E-06,+603.015075645E-03
+194.776000E-06,+603.015080094E-03
+194.784000E-06,+603.015080094E-03
+194.792000E-06,+402.010057847E-03
+194.800000E-06,+402.010053396E-03
+194.808000E-06,+402.010053396E-03
+194.816000E-06,+402.010053396E-03
+194.824000E-06,+603.015075642E-03
+194.832000E-06,+402.010057848E-03
+194.840000E-06,+603.015075642E-03
+194.848000E-06,+402.010057848E-03
+194.856000E-06,+402.010053396E-03
+194.864000E-06,+603.015075642E-03
+194.872000E-06,+603.015080094E-03
+194.880000E-06,+603.015080094E-03
+194.888000E-06,+603.015080094E-03
+194.896000E-06,+603.015080094E-03
+194.904000E-06,+603.015080094E-03
+194.912000E-06,+603.015080094E-03
+194.920000E-06,+402.010057851E-03
+194.928000E-06,+603.015075640E-03
+194.936000E-06,+402.010057851E-03
+194.944000E-06,+603.015075640E-03
+194.952000E-06,+603.015080094E-03
+194.960000E-06,+402.010057851E-03
+194.968000E-06,+402.010053396E-03
+194.976000E-06,+402.010053396E-03
+194.984000E-06,+603.015075638E-03
+194.992000E-06,+603.015080094E-03
+195.000000E-06,+603.015080094E-03
+195.008000E-06,+402.010057854E-03
+195.016000E-06,+603.015075637E-03
+195.024000E-06,+603.015080094E-03
+195.032000E-06,+402.010057854E-03
+195.040000E-06,+402.010053396E-03
+195.048000E-06,+603.015075637E-03
+195.056000E-06,+402.010057854E-03
+195.064000E-06,+603.015075637E-03
+195.072000E-06,+603.015080094E-03
+195.080000E-06,+603.015080094E-03
+195.088000E-06,+603.015080094E-03
+195.096000E-06,+603.015080094E-03
+195.104000E-06,+603.015080094E-03
+195.112000E-06,+603.015080094E-03
+195.120000E-06,+603.015080094E-03
+195.128000E-06,+603.015080094E-03
+195.136000E-06,+603.015080094E-03
+195.144000E-06,+603.015080094E-03
+195.152000E-06,+603.015080094E-03
+195.160000E-06,+603.015080094E-03
+195.168000E-06,+603.015080094E-03
+195.176000E-06,+402.010057858E-03
+195.184000E-06,+603.015075632E-03
+195.192000E-06,+402.010057860E-03
+195.200000E-06,+603.015075631E-03
+195.208000E-06,+603.015080094E-03
+195.216000E-06,+603.015080094E-03
+195.224000E-06,+603.015080094E-03
+195.232000E-06,+603.015080094E-03
+195.240000E-06,+603.015080094E-03
+195.248000E-06,+402.010057860E-03
+195.256000E-06,+603.015075631E-03
+195.264000E-06,+603.015080094E-03
+195.272000E-06,+603.015080094E-03
+195.280000E-06,+603.015080094E-03
+195.288000E-06,+603.015080094E-03
+195.296000E-06,+603.015080094E-03
+195.304000E-06,+603.015080094E-03
+195.312000E-06,+603.015080094E-03
+195.320000E-06,+603.015080094E-03
+195.328000E-06,+603.015080094E-03
+195.336000E-06,+402.010057863E-03
+195.344000E-06,+603.015075628E-03
+195.352000E-06,+603.015080094E-03
+195.360000E-06,+603.015080094E-03
+195.368000E-06,+603.015080094E-03
+195.376000E-06,+402.010057864E-03
+195.384000E-06,+402.010053396E-03
+195.392000E-06,+603.015075625E-03
+195.400000E-06,+603.015080094E-03
+195.408000E-06,+603.015080094E-03
+195.416000E-06,+603.015080094E-03
+195.424000E-06,+603.015080094E-03
+195.432000E-06,+603.015080094E-03
+195.440000E-06,+603.015080094E-03
+195.448000E-06,+603.015080094E-03
+195.456000E-06,+603.015080094E-03
+195.464000E-06,+603.015080094E-03
+195.472000E-06,+603.015080094E-03
+195.480000E-06,+402.010057867E-03
+195.488000E-06,+603.015075622E-03
+195.496000E-06,+402.010057869E-03
+195.504000E-06,+402.010053396E-03
+195.512000E-06,+402.010053396E-03
+195.520000E-06,+603.015075622E-03
+195.528000E-06,+603.015080094E-03
+195.536000E-06,+603.015080094E-03
+195.544000E-06,+603.015080094E-03
+195.552000E-06,+603.015080094E-03
+195.560000E-06,+603.015080094E-03
+195.568000E-06,+402.010057870E-03
+195.576000E-06,+603.015075621E-03
+195.584000E-06,+603.015080094E-03
+195.592000E-06,+603.015080094E-03
+195.600000E-06,+603.015080094E-03
+195.608000E-06,+603.015080094E-03
+195.616000E-06,+402.010057871E-03
+195.624000E-06,+603.015075619E-03
+195.632000E-06,+402.010057871E-03
+195.640000E-06,+402.010053396E-03
+195.648000E-06,+603.015075619E-03
+195.656000E-06,+402.010057873E-03
+195.664000E-06,+603.015075618E-03
+195.672000E-06,+603.015080094E-03
+195.680000E-06,+603.015080094E-03
+195.688000E-06,+603.015080094E-03
+195.696000E-06,+402.010057874E-03
+195.704000E-06,+402.010053396E-03
+195.712000E-06,+603.015075616E-03
+195.720000E-06,+402.010057874E-03
+195.728000E-06,+603.015075616E-03
+195.736000E-06,+603.015080094E-03
+195.744000E-06,+603.015080094E-03
+195.752000E-06,+603.015080094E-03
+195.760000E-06,+603.015080094E-03
+195.768000E-06,+603.015080094E-03
+195.776000E-06,+603.015080094E-03
+195.784000E-06,+603.015080094E-03
+195.792000E-06,+603.015080094E-03
+195.800000E-06,+402.010057877E-03
+195.808000E-06,+603.015075613E-03
+195.816000E-06,+603.015080094E-03
+195.824000E-06,+603.015080094E-03
+195.832000E-06,+603.015080094E-03
+195.840000E-06,+402.010057877E-03
+195.848000E-06,+402.010053396E-03
+195.856000E-06,+603.015075612E-03
+195.864000E-06,+603.015080094E-03
+195.872000E-06,+603.015080094E-03
+195.880000E-06,+603.015080094E-03
+195.888000E-06,+603.015080094E-03
+195.896000E-06,+603.015080094E-03
+195.904000E-06,+603.015080094E-03
+195.912000E-06,+402.010057880E-03
+195.920000E-06,+402.010053396E-03
+195.928000E-06,+603.015075610E-03
+195.936000E-06,+603.015080094E-03
+195.944000E-06,+402.010057880E-03
+195.952000E-06,+402.010053396E-03
+195.960000E-06,+402.010053396E-03
+195.968000E-06,+603.015075609E-03
+195.976000E-06,+603.015080094E-03
+195.984000E-06,+603.015080094E-03
+195.992000E-06,+603.015080094E-03
+196.000000E-06,+603.015080094E-03
+196.008000E-06,+603.015080094E-03
+196.016000E-06,+603.015080094E-03
+196.024000E-06,+603.015080094E-03
+196.032000E-06,+603.015080094E-03
+196.040000E-06,+402.010057883E-03
+196.048000E-06,+402.010053396E-03
+196.056000E-06,+603.015075606E-03
+196.064000E-06,+402.010057885E-03
+196.072000E-06,+402.010053396E-03
+196.080000E-06,+402.010053396E-03
+196.088000E-06,+402.010053396E-03
+196.096000E-06,+603.015075604E-03
+196.104000E-06,+402.010057886E-03
+196.112000E-06,+603.015075604E-03
+196.120000E-06,+603.015080094E-03
+196.128000E-06,+603.015080094E-03
+196.136000E-06,+402.010057886E-03
+196.144000E-06,+603.015075603E-03
+196.152000E-06,+603.015080094E-03
+196.160000E-06,+603.015080094E-03
+196.168000E-06,+603.015080094E-03
+196.176000E-06,+603.015080094E-03
+196.184000E-06,+402.010057889E-03
+196.192000E-06,+603.015075602E-03
+196.200000E-06,+603.015080094E-03
+196.208000E-06,+603.015080094E-03
+196.216000E-06,+603.015080094E-03
+196.224000E-06,+603.015080094E-03
+196.232000E-06,+603.015080094E-03
+196.240000E-06,+603.015080094E-03
+196.248000E-06,+402.010057891E-03
+196.256000E-06,+603.015075600E-03
+196.264000E-06,+402.010057892E-03
+196.272000E-06,+603.015075599E-03
+196.280000E-06,+603.015080094E-03
+196.288000E-06,+402.010057892E-03
+196.296000E-06,+603.015075599E-03
+196.304000E-06,+603.015080094E-03
+196.312000E-06,+603.015080094E-03
+196.320000E-06,+603.015080094E-03
+196.328000E-06,+603.015080094E-03
+196.336000E-06,+603.015080094E-03
+196.344000E-06,+603.015080094E-03
+196.352000E-06,+402.010057893E-03
+196.360000E-06,+402.010053396E-03
+196.368000E-06,+603.015075596E-03
+196.376000E-06,+402.010057895E-03
+196.384000E-06,+603.015075596E-03
+196.392000E-06,+603.015080094E-03
+196.400000E-06,+603.015080094E-03
+196.408000E-06,+603.015080094E-03
+196.416000E-06,+603.015080094E-03
+196.424000E-06,+603.015080094E-03
+196.432000E-06,+603.015080094E-03
+196.440000E-06,+603.015080094E-03
+196.448000E-06,+402.010057896E-03
+196.456000E-06,+603.015075594E-03
+196.464000E-06,+603.015080094E-03
+196.472000E-06,+603.015080094E-03
+196.480000E-06,+603.015080094E-03
+196.488000E-06,+603.015080094E-03
+196.496000E-06,+603.015080094E-03
+196.504000E-06,+603.015080094E-03
+196.512000E-06,+402.010057898E-03
+196.520000E-06,+402.010053396E-03
+196.528000E-06,+402.010053396E-03
+196.536000E-06,+603.015075591E-03
+196.544000E-06,+603.015080094E-03
+196.552000E-06,+603.015080094E-03
+196.560000E-06,+402.010057901E-03
+196.568000E-06,+603.015075590E-03
+196.576000E-06,+603.015080094E-03
+196.584000E-06,+603.015080094E-03
+196.592000E-06,+603.015080094E-03
+196.600000E-06,+603.015080094E-03
+196.608000E-06,+603.015080094E-03
+196.616000E-06,+402.010057901E-03
+196.624000E-06,+603.015075590E-03
+196.632000E-06,+603.015080094E-03
+196.640000E-06,+402.010057902E-03
+196.648000E-06,+603.015075588E-03
+196.656000E-06,+603.015080094E-03
+196.664000E-06,+402.010057904E-03
+196.672000E-06,+603.015075587E-03
+196.680000E-06,+402.010057904E-03
+196.688000E-06,+603.015075587E-03
+196.696000E-06,+603.015080094E-03
+196.704000E-06,+603.015080094E-03
+196.712000E-06,+402.010057904E-03
+196.720000E-06,+402.010053396E-03
+196.728000E-06,+402.010053396E-03
+196.736000E-06,+603.015075585E-03
+196.744000E-06,+402.010057905E-03
+196.752000E-06,+603.015075584E-03
+196.760000E-06,+402.010057907E-03
+196.768000E-06,+603.015075584E-03
+196.776000E-06,+603.015080094E-03
+196.784000E-06,+603.015080094E-03
+196.792000E-06,+603.015080094E-03
+196.800000E-06,+603.015080094E-03
+196.808000E-06,+402.010057907E-03
+196.816000E-06,+603.015075584E-03
+196.824000E-06,+603.015080094E-03
+196.832000E-06,+603.015080094E-03
+196.840000E-06,+402.010057908E-03
+196.848000E-06,+402.010053396E-03
+196.856000E-06,+603.015075581E-03
+196.864000E-06,+603.015080094E-03
+196.872000E-06,+402.010057910E-03
+196.880000E-06,+402.010053396E-03
+196.888000E-06,+603.015075581E-03
+196.896000E-06,+402.010057910E-03
+196.904000E-06,+402.010053396E-03
+196.912000E-06,+603.015075581E-03
+196.920000E-06,+402.010057911E-03
+196.928000E-06,+402.010053396E-03
+196.936000E-06,+402.010053396E-03
+196.944000E-06,+402.010053396E-03
+196.952000E-06,+402.010053396E-03
+196.960000E-06,+603.015075578E-03
+196.968000E-06,+603.015080094E-03
+196.976000E-06,+603.015080094E-03
+196.984000E-06,+603.015080094E-03
+196.992000E-06,+603.015080094E-03
+197.000000E-06,+603.015080094E-03
+197.008000E-06,+603.015080094E-03
+197.016000E-06,+603.015080094E-03
+197.024000E-06,+603.015080094E-03
+197.032000E-06,+603.015080094E-03
+197.040000E-06,+402.010057914E-03
+197.048000E-06,+603.015075575E-03
+197.056000E-06,+603.015080094E-03
+197.064000E-06,+603.015080094E-03
+197.072000E-06,+402.010057915E-03
+197.080000E-06,+603.015075575E-03
+197.088000E-06,+603.015080094E-03
+197.096000E-06,+603.015080094E-03
+197.104000E-06,+402.010057915E-03
+197.112000E-06,+402.010053396E-03
+197.120000E-06,+402.010053396E-03
+197.128000E-06,+603.015075574E-03
+197.136000E-06,+603.015080094E-03
+197.144000E-06,+402.010057918E-03
+197.152000E-06,+603.015075572E-03
+197.160000E-06,+402.010057918E-03
+197.168000E-06,+402.010053396E-03
+197.176000E-06,+603.015075572E-03
+197.184000E-06,+603.015080094E-03
+197.192000E-06,+603.015080094E-03
+197.200000E-06,+402.010057918E-03
+197.208000E-06,+402.010053396E-03
+197.216000E-06,+603.015075571E-03
+197.224000E-06,+402.010057920E-03
+197.232000E-06,+603.015075571E-03
+197.240000E-06,+402.010057921E-03
+197.248000E-06,+402.010053396E-03
+197.256000E-06,+402.010053396E-03
+197.264000E-06,+402.010053396E-03
+197.272000E-06,+402.010053396E-03
+197.280000E-06,+603.015075569E-03
+197.288000E-06,+402.010057921E-03
+197.296000E-06,+402.010053396E-03
+197.304000E-06,+402.010053396E-03
+197.312000E-06,+603.015075568E-03
+197.320000E-06,+603.015080094E-03
+197.328000E-06,+603.015080094E-03
+197.336000E-06,+402.010057924E-03
+197.344000E-06,+402.010053396E-03
+197.352000E-06,+402.010053396E-03
+197.360000E-06,+402.010053396E-03
+197.368000E-06,+603.015075566E-03
+197.376000E-06,+402.010057924E-03
+197.384000E-06,+402.010053396E-03
+197.392000E-06,+603.015075566E-03
+197.400000E-06,+402.010057924E-03
+197.408000E-06,+402.010053396E-03
+197.416000E-06,+402.010053396E-03
+197.424000E-06,+603.015075565E-03
+197.432000E-06,+402.010057927E-03
+197.440000E-06,+603.015075564E-03
+197.448000E-06,+402.010057927E-03
+197.456000E-06,+402.010053396E-03
+197.464000E-06,+402.010053396E-03
+197.472000E-06,+603.015075564E-03
+197.480000E-06,+402.010057927E-03
+197.488000E-06,+603.015075564E-03
+197.496000E-06,+402.010057927E-03
+197.504000E-06,+402.010053396E-03
+197.512000E-06,+402.010053396E-03
+197.520000E-06,+402.010053396E-03
+197.528000E-06,+402.010053396E-03
+197.536000E-06,+603.015075561E-03
+197.544000E-06,+603.015080094E-03
+197.552000E-06,+603.015080094E-03
+197.560000E-06,+603.015080094E-03
+197.568000E-06,+402.010057930E-03
+197.576000E-06,+402.010053396E-03
+197.584000E-06,+603.015075561E-03
+197.592000E-06,+402.010057930E-03
+197.600000E-06,+603.015075561E-03
+197.608000E-06,+402.010057931E-03
+197.616000E-06,+402.010053396E-03
+197.624000E-06,+603.015075559E-03
+197.632000E-06,+402.010057933E-03
+197.640000E-06,+402.010053396E-03
+197.648000E-06,+402.010053396E-03
+197.656000E-06,+402.010053396E-03
+197.664000E-06,+402.010053396E-03
+197.672000E-06,+402.010053396E-03
+197.680000E-06,+402.010053396E-03
+197.688000E-06,+402.010053396E-03
+197.696000E-06,+603.015075558E-03
+197.704000E-06,+402.010057934E-03
+197.712000E-06,+402.010053396E-03
+197.720000E-06,+402.010053396E-03
+197.728000E-06,+603.015075555E-03
+197.736000E-06,+603.015080094E-03
+197.744000E-06,+402.010057936E-03
+197.752000E-06,+603.015075555E-03
+197.760000E-06,+402.010057936E-03
+197.768000E-06,+402.010053396E-03
+197.776000E-06,+603.015075555E-03
+197.784000E-06,+603.015080094E-03
+197.792000E-06,+603.015080094E-03
+197.800000E-06,+603.015080094E-03
+197.808000E-06,+603.015080094E-03
+197.816000E-06,+402.010057937E-03
+197.824000E-06,+603.015075552E-03
+197.832000E-06,+603.015080094E-03
+197.840000E-06,+402.010057939E-03
+197.848000E-06,+603.015075552E-03
+197.856000E-06,+402.010057939E-03
+197.864000E-06,+402.010053396E-03
+197.872000E-06,+402.010053396E-03
+197.880000E-06,+402.010053396E-03
+197.888000E-06,+402.010053396E-03
+197.896000E-06,+402.010053396E-03
+197.904000E-06,+402.010053396E-03
+197.912000E-06,+402.010053396E-03
+197.920000E-06,+402.010053396E-03
+197.928000E-06,+402.010053396E-03
+197.936000E-06,+402.010053396E-03
+197.944000E-06,+402.010053396E-03
+197.952000E-06,+402.010053396E-03
+197.960000E-06,+402.010053396E-03
+197.968000E-06,+402.010053396E-03
+197.976000E-06,+402.010053396E-03
+197.984000E-06,+402.010053396E-03
+197.992000E-06,+402.010053396E-03
+198.000000E-06,+402.010053396E-03
+198.008000E-06,+402.010053396E-03
+198.016000E-06,+402.010053396E-03
+198.024000E-06,+402.010053396E-03
+198.032000E-06,+402.010053396E-03
+198.040000E-06,+402.010053396E-03
+198.048000E-06,+603.015075546E-03
+198.056000E-06,+402.010057945E-03
+198.064000E-06,+402.010053396E-03
+198.072000E-06,+402.010053396E-03
+198.080000E-06,+402.010053396E-03
+198.088000E-06,+402.010053396E-03
+198.096000E-06,+402.010053396E-03
+198.104000E-06,+402.010053396E-03
+198.112000E-06,+603.015075544E-03
+198.120000E-06,+402.010057948E-03
+198.128000E-06,+402.010053396E-03
+198.136000E-06,+402.010053396E-03
+198.144000E-06,+402.010053396E-03
+198.152000E-06,+402.010053396E-03
+198.160000E-06,+402.010053396E-03
+198.168000E-06,+402.010053396E-03
+198.176000E-06,+402.010053396E-03
+198.184000E-06,+603.015075543E-03
+198.192000E-06,+603.015080094E-03
+198.200000E-06,+402.010057949E-03
+198.208000E-06,+402.010053396E-03
+198.216000E-06,+402.010053396E-03
+198.224000E-06,+402.010053396E-03
+198.232000E-06,+402.010053396E-03
+198.240000E-06,+402.010053396E-03
+198.248000E-06,+402.010053396E-03
+198.256000E-06,+402.010053396E-03
+198.264000E-06,+402.010053396E-03
+198.272000E-06,+402.010053396E-03
+198.280000E-06,+402.010053396E-03
+198.288000E-06,+402.010053396E-03
+198.296000E-06,+402.010053396E-03
+198.304000E-06,+402.010053396E-03
+198.312000E-06,+402.010053396E-03
+198.320000E-06,+402.010053396E-03
+198.328000E-06,+402.010053396E-03
+198.336000E-06,+402.010053396E-03
+198.344000E-06,+402.010053396E-03
+198.352000E-06,+402.010053396E-03
+198.360000E-06,+402.010053396E-03
+198.368000E-06,+402.010053396E-03
+198.376000E-06,+402.010053396E-03
+198.384000E-06,+603.015075536E-03
+198.392000E-06,+402.010057955E-03
+198.400000E-06,+402.010053396E-03
+198.408000E-06,+402.010053396E-03
+198.416000E-06,+402.010053396E-03
+198.424000E-06,+402.010053396E-03
+198.432000E-06,+402.010053396E-03
+198.440000E-06,+402.010053396E-03
+198.448000E-06,+402.010053396E-03
+198.456000E-06,+402.010053396E-03
+198.464000E-06,+402.010053396E-03
+198.472000E-06,+402.010053396E-03
+198.480000E-06,+201.005031260E-03
+198.488000E-06,+201.005026698E-03
+198.496000E-06,+603.015070971E-03
+198.504000E-06,+402.010057959E-03
+198.512000E-06,+402.010053396E-03
+198.520000E-06,+402.010053396E-03
+198.528000E-06,+603.015075531E-03
+198.536000E-06,+603.015080094E-03
+198.544000E-06,+402.010057959E-03
+198.552000E-06,+402.010053396E-03
+198.560000E-06,+402.010053396E-03
+198.568000E-06,+402.010053396E-03
+198.576000E-06,+402.010053396E-03
+198.584000E-06,+402.010053396E-03
+198.592000E-06,+402.010053396E-03
+198.600000E-06,+603.015075528E-03
+198.608000E-06,+402.010057962E-03
+198.616000E-06,+402.010053396E-03
+198.624000E-06,+402.010053396E-03
+198.632000E-06,+402.010053396E-03
+198.640000E-06,+402.010053396E-03
+198.648000E-06,+402.010053396E-03
+198.656000E-06,+402.010053396E-03
+198.664000E-06,+402.010053396E-03
+198.672000E-06,+402.010053396E-03
+198.680000E-06,+402.010053396E-03
+198.688000E-06,+402.010053396E-03
+198.696000E-06,+402.010053396E-03
+198.704000E-06,+402.010053396E-03
+198.712000E-06,+402.010053396E-03
+198.720000E-06,+402.010053396E-03
+198.728000E-06,+603.015075525E-03
+198.736000E-06,+402.010057965E-03
+198.744000E-06,+402.010053396E-03
+198.752000E-06,+402.010053396E-03
+198.760000E-06,+402.010053396E-03
+198.768000E-06,+402.010053396E-03
+198.776000E-06,+402.010053396E-03
+198.784000E-06,+402.010053396E-03
+198.792000E-06,+402.010053396E-03
+198.800000E-06,+402.010053396E-03
+198.808000E-06,+402.010053396E-03
+198.816000E-06,+402.010053396E-03
+198.824000E-06,+402.010053396E-03
+198.832000E-06,+402.010053396E-03
+198.840000E-06,+402.010053396E-03
+198.848000E-06,+402.010053396E-03
+198.856000E-06,+402.010053396E-03
+198.864000E-06,+402.010053396E-03
+198.872000E-06,+402.010053396E-03
+198.880000E-06,+402.010053396E-03
+198.888000E-06,+402.010053396E-03
+198.896000E-06,+603.015075520E-03
+198.904000E-06,+402.010057971E-03
+198.912000E-06,+402.010053396E-03
+198.920000E-06,+402.010053396E-03
+198.928000E-06,+402.010053396E-03
+198.936000E-06,+402.010053396E-03
+198.944000E-06,+402.010053396E-03
+198.952000E-06,+402.010053396E-03
+198.960000E-06,+402.010053396E-03
+198.968000E-06,+402.010053396E-03
+198.976000E-06,+402.010053396E-03
+198.984000E-06,+402.010053396E-03
+198.992000E-06,+402.010053396E-03
+199.000000E-06,+402.010053396E-03
+199.008000E-06,+402.010053396E-03
+199.016000E-06,+402.010053396E-03
+199.024000E-06,+603.015075517E-03
+199.032000E-06,+402.010057974E-03
+199.040000E-06,+402.010053396E-03
+199.048000E-06,+402.010053396E-03
+199.056000E-06,+402.010053396E-03
+199.064000E-06,+402.010053396E-03
+199.072000E-06,+402.010053396E-03
+199.080000E-06,+402.010053396E-03
+199.088000E-06,+402.010053396E-03
+199.096000E-06,+603.015075514E-03
+199.104000E-06,+402.010057977E-03
+199.112000E-06,+402.010053396E-03
+199.120000E-06,+402.010053396E-03
+199.128000E-06,+402.010053396E-03
+199.136000E-06,+402.010053396E-03
+199.144000E-06,+201.005031279E-03
+199.152000E-06,+201.005026698E-03
+199.160000E-06,+402.010048814E-03
+199.168000E-06,+402.010053396E-03
+199.176000E-06,+402.010053396E-03
+199.184000E-06,+402.010053396E-03
+199.192000E-06,+402.010053396E-03
+199.200000E-06,+402.010053396E-03
+199.208000E-06,+402.010053396E-03
+199.216000E-06,+402.010053396E-03
+199.224000E-06,+402.010053396E-03
+199.232000E-06,+402.010053396E-03
+199.240000E-06,+402.010053396E-03
+199.248000E-06,+402.010053396E-03
+199.256000E-06,+402.010053396E-03
+199.264000E-06,+402.010053396E-03
+199.272000E-06,+402.010053396E-03
+199.280000E-06,+402.010053396E-03
+199.288000E-06,+402.010053396E-03
+199.296000E-06,+402.010053396E-03
+199.304000E-06,+402.010053396E-03
+199.312000E-06,+402.010053396E-03
+199.320000E-06,+402.010053396E-03
+199.328000E-06,+402.010053396E-03
+199.336000E-06,+402.010053396E-03
+199.344000E-06,+402.010053396E-03
+199.352000E-06,+402.010053396E-03
+199.360000E-06,+402.010053396E-03
+199.368000E-06,+402.010053396E-03
+199.376000E-06,+402.010053396E-03
+199.384000E-06,+201.005031287E-03
+199.392000E-06,+402.010048807E-03
+199.400000E-06,+402.010053396E-03
+199.408000E-06,+402.010053396E-03
+199.416000E-06,+201.005031287E-03
+199.424000E-06,+402.010048807E-03
+199.432000E-06,+402.010053396E-03
+199.440000E-06,+402.010053396E-03
+199.448000E-06,+402.010053396E-03
+199.456000E-06,+201.005031289E-03
+199.464000E-06,+402.010048805E-03
+199.472000E-06,+402.010053396E-03
+199.480000E-06,+402.010053396E-03
+199.488000E-06,+201.005031290E-03
+199.496000E-06,+402.010048804E-03
+199.504000E-06,+402.010053396E-03
+199.512000E-06,+201.005031290E-03
+199.520000E-06,+402.010048804E-03
+199.528000E-06,+402.010053396E-03
+199.536000E-06,+201.005031290E-03
+199.544000E-06,+402.010048804E-03
+199.552000E-06,+402.010053396E-03
+199.560000E-06,+402.010053396E-03
+199.568000E-06,+402.010053396E-03
+199.576000E-06,+402.010053396E-03
+199.584000E-06,+402.010053396E-03
+199.592000E-06,+402.010053396E-03
+199.600000E-06,+201.005031293E-03
+199.608000E-06,+402.010048801E-03
+199.616000E-06,+402.010053396E-03
+199.624000E-06,+402.010053396E-03
+199.632000E-06,+402.010053396E-03
+199.640000E-06,+402.010053396E-03
+199.648000E-06,+201.005031295E-03
+199.656000E-06,+201.005026698E-03
+199.664000E-06,+402.010048800E-03
+199.672000E-06,+402.010053396E-03
+199.680000E-06,+402.010053396E-03
+199.688000E-06,+402.010053396E-03
+199.696000E-06,+402.010053396E-03
+199.704000E-06,+201.005031296E-03
+199.712000E-06,+402.010048798E-03
+199.720000E-06,+402.010053396E-03
+199.728000E-06,+201.005031296E-03
+199.736000E-06,+402.010048798E-03
+199.744000E-06,+402.010053396E-03
+199.752000E-06,+402.010053396E-03
+199.760000E-06,+201.005031298E-03
+199.768000E-06,+201.005026698E-03
+199.776000E-06,+402.010048795E-03
+199.784000E-06,+402.010053396E-03
+199.792000E-06,+402.010053396E-03
+199.800000E-06,+201.005031299E-03
+199.808000E-06,+402.010048795E-03
+199.816000E-06,+402.010053396E-03
+199.824000E-06,+201.005031299E-03
+199.832000E-06,+402.010048795E-03
+199.840000E-06,+402.010053396E-03
+199.848000E-06,+201.005031301E-03
+199.856000E-06,+201.005026698E-03
+199.864000E-06,+402.010048794E-03
+199.872000E-06,+402.010053396E-03
+199.880000E-06,+201.005031302E-03
+199.888000E-06,+201.005026698E-03
+199.896000E-06,+402.010048792E-03
+199.904000E-06,+402.010053396E-03
+199.912000E-06,+402.010053396E-03
+199.920000E-06,+402.010053396E-03
+199.928000E-06,+201.005031302E-03
+199.936000E-06,+402.010048792E-03
+199.944000E-06,+201.005031304E-03
+199.952000E-06,+402.010048791E-03
+199.960000E-06,+402.010053396E-03
+199.968000E-06,+402.010053396E-03
+199.976000E-06,+201.005031305E-03
+199.984000E-06,+402.010048789E-03
+199.992000E-06,+402.010053396E-03
+200.000000E-06,+402.010053396E-03
+200.008000E-06,+402.010053396E-03
+200.016000E-06,+402.010053396E-03
+200.024000E-06,+201.005031305E-03
+200.032000E-06,+201.005026698E-03
+200.040000E-06,+402.010048788E-03
+200.048000E-06,+201.005031306E-03
+200.056000E-06,+402.010048788E-03
+200.064000E-06,+402.010053396E-03
+200.072000E-06,+201.005031308E-03
+200.080000E-06,+402.010048786E-03
+200.088000E-06,+402.010053396E-03
+200.096000E-06,+402.010053396E-03
+200.104000E-06,+201.005031308E-03
+200.112000E-06,+402.010048786E-03
+200.120000E-06,+201.005031308E-03
+200.128000E-06,+201.005026698E-03
+200.136000E-06,+201.005026698E-03
+200.144000E-06,+201.005026698E-03
+200.152000E-06,+201.005026698E-03
+200.160000E-06,+201.005026698E-03
+200.168000E-06,+201.005026698E-03
+200.176000E-06,+402.010048783E-03
+200.184000E-06,+402.010053396E-03
+200.192000E-06,+402.010053396E-03
+200.200000E-06,+201.005031311E-03
+200.208000E-06,+201.005026698E-03
+200.216000E-06,+201.005026698E-03
+200.224000E-06,+402.010048783E-03
+200.232000E-06,+402.010053396E-03
+200.240000E-06,+402.010053396E-03
+200.248000E-06,+201.005031312E-03
+200.256000E-06,+201.005026698E-03
+200.264000E-06,+201.005026698E-03
+200.272000E-06,+402.010048781E-03
+200.280000E-06,+201.005031314E-03
+200.288000E-06,+402.010048781E-03
+200.296000E-06,+402.010053396E-03
+200.304000E-06,+201.005031314E-03
+200.312000E-06,+402.010048781E-03
+200.320000E-06,+201.005031314E-03
+200.328000E-06,+201.005026698E-03
+200.336000E-06,+201.005026698E-03
+200.344000E-06,+402.010048779E-03
+200.352000E-06,+201.005031315E-03
+200.360000E-06,+201.005026698E-03
+200.368000E-06,+402.010048778E-03
+200.376000E-06,+201.005031317E-03
+200.384000E-06,+402.010048778E-03
+200.392000E-06,+201.005031317E-03
+200.400000E-06,+201.005026698E-03
+200.408000E-06,+201.005026698E-03
+200.416000E-06,+402.010048778E-03
+200.424000E-06,+402.010053396E-03
+200.432000E-06,+201.005031318E-03
+200.440000E-06,+201.005026698E-03
+200.448000E-06,+402.010048776E-03
+200.456000E-06,+402.010053396E-03
+200.464000E-06,+201.005031320E-03
+200.472000E-06,+201.005026698E-03
+200.480000E-06,+402.010048775E-03
+200.488000E-06,+201.005031320E-03
+200.496000E-06,+402.010048775E-03
+200.504000E-06,+402.010053396E-03
+200.512000E-06,+402.010053396E-03
+200.520000E-06,+201.005031320E-03
+200.528000E-06,+402.010048773E-03
+200.536000E-06,+201.005031321E-03
+200.544000E-06,+201.005026698E-03
+200.552000E-06,+201.005026698E-03
+200.560000E-06,+402.010048772E-03
+200.568000E-06,+402.010053396E-03
+200.576000E-06,+201.005031323E-03
+200.584000E-06,+201.005026698E-03
+200.592000E-06,+201.005026698E-03
+200.600000E-06,+201.005026698E-03
+200.608000E-06,+402.010048772E-03
+200.616000E-06,+402.010053396E-03
+200.624000E-06,+201.005031324E-03
+200.632000E-06,+402.010048770E-03
+200.640000E-06,+201.005031324E-03
+200.648000E-06,+201.005026698E-03
+200.656000E-06,+201.005026698E-03
+200.664000E-06,+201.005026698E-03
+200.672000E-06,+201.005026698E-03
+200.680000E-06,+402.010048769E-03
+200.688000E-06,+201.005031325E-03
+200.696000E-06,+201.005026698E-03
+200.704000E-06,+201.005026698E-03
+200.712000E-06,+201.005026698E-03
+200.720000E-06,+201.005026698E-03
+200.728000E-06,+201.005026698E-03
+200.736000E-06,+402.010048767E-03
+200.744000E-06,+201.005031328E-03
+200.752000E-06,+402.010048766E-03
+200.760000E-06,+201.005031328E-03
+200.768000E-06,+201.005026698E-03
+200.776000E-06,+201.005026698E-03
+200.784000E-06,+201.005026698E-03
+200.792000E-06,+201.005026698E-03
+200.800000E-06,+201.005026698E-03
+200.808000E-06,+201.005026698E-03
+200.816000E-06,+201.005026698E-03
+200.824000E-06,+201.005026698E-03
+200.832000E-06,+201.005026698E-03
+200.840000E-06,+201.005026698E-03
+200.848000E-06,+402.010048763E-03
+200.856000E-06,+201.005031331E-03
+200.864000E-06,+201.005026698E-03
+200.872000E-06,+201.005026698E-03
+200.880000E-06,+201.005026698E-03
+200.888000E-06,+402.010048763E-03
+200.896000E-06,+402.010053396E-03
+200.904000E-06,+201.005031331E-03
+200.912000E-06,+201.005026698E-03
+200.920000E-06,+201.005026698E-03
+200.928000E-06,+201.005026698E-03
+200.936000E-06,+201.005026698E-03
+200.944000E-06,+201.005026698E-03
+200.952000E-06,+201.005026698E-03
+200.960000E-06,+201.005026698E-03
+200.968000E-06,+201.005026698E-03
+200.976000E-06,+402.010048760E-03
+200.984000E-06,+201.005031334E-03
+200.992000E-06,+201.005026698E-03
+201.000000E-06,+201.005026698E-03
+201.008000E-06,+201.005026698E-03
+201.016000E-06,+201.005026698E-03
+201.024000E-06,+201.005026698E-03
+201.032000E-06,+201.005026698E-03
+201.040000E-06,+201.005026698E-03
+201.048000E-06,+201.005026698E-03
+201.056000E-06,+402.010048757E-03
+201.064000E-06,+402.010053396E-03
+201.072000E-06,+402.010053396E-03
+201.080000E-06,+201.005031337E-03
+201.088000E-06,+402.010048757E-03
+201.096000E-06,+402.010053396E-03
+201.104000E-06,+201.005031337E-03
+201.112000E-06,+201.005026698E-03
+201.120000E-06,+201.005026698E-03
+201.128000E-06,+402.010048756E-03
+201.136000E-06,+201.005031340E-03
+201.144000E-06,+201.005026698E-03
+201.152000E-06,+201.005026698E-03
+201.160000E-06,+201.005026698E-03
+201.168000E-06,+201.005026698E-03
+201.176000E-06,+201.005026698E-03
+201.184000E-06,+201.005026698E-03
+201.192000E-06,+201.005026698E-03
+201.200000E-06,+201.005026698E-03
+201.208000E-06,+201.005026698E-03
+201.216000E-06,+201.005026698E-03
+201.224000E-06,+201.005026698E-03
+201.232000E-06,+201.005026698E-03
+201.240000E-06,+201.005026698E-03
+201.248000E-06,+201.005026698E-03
+201.256000E-06,+201.005026698E-03
+201.264000E-06,+201.005026698E-03
+201.272000E-06,+201.005026698E-03
+201.280000E-06,+402.010048751E-03
+201.288000E-06,+201.005031343E-03
+201.296000E-06,+201.005026698E-03
+201.304000E-06,+201.005026698E-03
+201.312000E-06,+201.005026698E-03
+201.320000E-06,+201.005026698E-03
+201.328000E-06,+201.005026698E-03
+201.336000E-06,+402.010048748E-03
+201.344000E-06,+201.005031346E-03
+201.352000E-06,+4.648E-09
+201.360000E-06,+201.005022050E-03
+201.368000E-06,+201.005026698E-03
+201.376000E-06,+201.005026698E-03
+201.384000E-06,+201.005026698E-03
+201.392000E-06,+201.005026698E-03
+201.400000E-06,+201.005026698E-03
+201.408000E-06,+201.005026698E-03
+201.416000E-06,+201.005026698E-03
+201.424000E-06,+201.005026698E-03
+201.432000E-06,+402.010048745E-03
+201.440000E-06,+201.005031349E-03
+201.448000E-06,+201.005026698E-03
+201.456000E-06,+201.005026698E-03
+201.464000E-06,+201.005026698E-03
+201.472000E-06,+201.005026698E-03
+201.480000E-06,+201.005026698E-03
+201.488000E-06,+402.010048745E-03
+201.496000E-06,+201.005031349E-03
+201.504000E-06,+201.005026698E-03
+201.512000E-06,+201.005026698E-03
+201.520000E-06,+201.005026698E-03
+201.528000E-06,+201.005026698E-03
+201.536000E-06,+201.005026698E-03
+201.544000E-06,+402.010048743E-03
+201.552000E-06,+201.005031352E-03
+201.560000E-06,+201.005026698E-03
+201.568000E-06,+201.005026698E-03
+201.576000E-06,+402.010048743E-03
+201.584000E-06,+201.005031352E-03
+201.592000E-06,+201.005026698E-03
+201.600000E-06,+201.005026698E-03
+201.608000E-06,+201.005026698E-03
+201.616000E-06,+201.005026698E-03
+201.624000E-06,+201.005026698E-03
+201.632000E-06,+201.005026698E-03
+201.640000E-06,+201.005026698E-03
+201.648000E-06,+201.005026698E-03
+201.656000E-06,+201.005026698E-03
+201.664000E-06,+201.005026698E-03
+201.672000E-06,+201.005026698E-03
+201.680000E-06,+201.005026698E-03
+201.688000E-06,+201.005026698E-03
+201.696000E-06,+201.005026698E-03
+201.704000E-06,+201.005026698E-03
+201.712000E-06,+201.005026698E-03
+201.720000E-06,+201.005026698E-03
+201.728000E-06,+201.005026698E-03
+201.736000E-06,+201.005026698E-03
+201.744000E-06,+201.005026698E-03
+201.752000E-06,+201.005026698E-03
+201.760000E-06,+201.005026698E-03
+201.768000E-06,+201.005026698E-03
+201.776000E-06,+201.005026698E-03
+201.784000E-06,+201.005026698E-03
+201.792000E-06,+201.005026698E-03
+201.800000E-06,+201.005026698E-03
+201.808000E-06,+201.005026698E-03
+201.816000E-06,+201.005026698E-03
+201.824000E-06,+201.005026698E-03
+201.832000E-06,+201.005026698E-03
+201.840000E-06,+201.005026698E-03
+201.848000E-06,+201.005026698E-03
+201.856000E-06,+201.005026698E-03
+201.864000E-06,+201.005026698E-03
+201.872000E-06,+201.005026698E-03
+201.880000E-06,+201.005026698E-03
+201.888000E-06,+201.005026698E-03
+201.896000E-06,+201.005026698E-03
+201.904000E-06,+201.005026698E-03
+201.912000E-06,+201.005026698E-03
+201.920000E-06,+201.005026698E-03
+201.928000E-06,+201.005026698E-03
+201.936000E-06,+201.005026698E-03
+201.944000E-06,+201.005026698E-03
+201.952000E-06,+201.005026698E-03
+201.960000E-06,+201.005026698E-03
+201.968000E-06,+201.005026698E-03
+201.976000E-06,+201.005026698E-03
+201.984000E-06,+201.005026698E-03
+201.992000E-06,+201.005026698E-03
+202.000000E-06,+402.010048729E-03
+202.008000E-06,+201.005031365E-03
+202.016000E-06,+201.005026698E-03
+202.024000E-06,+201.005026698E-03
+202.032000E-06,+201.005026698E-03
+202.040000E-06,+201.005026698E-03
+202.048000E-06,+201.005026698E-03
+202.056000E-06,+201.005026698E-03
+202.064000E-06,+201.005026698E-03
+202.072000E-06,+201.005026698E-03
+202.080000E-06,+201.005026698E-03
+202.088000E-06,+201.005026698E-03
+202.096000E-06,+201.005026698E-03
+202.104000E-06,+4.670E-09
+202.112000E-06,+201.005022027E-03
+202.120000E-06,+201.005026698E-03
+202.128000E-06,+4.671E-09
+202.136000E-06,+201.005022027E-03
+202.144000E-06,+201.005026698E-03
+202.152000E-06,+201.005026698E-03
+202.160000E-06,+201.005026698E-03
+202.168000E-06,+201.005026698E-03
+202.176000E-06,+201.005026698E-03
+202.184000E-06,+201.005026698E-03
+202.192000E-06,+201.005026698E-03
+202.200000E-06,+402.010048724E-03
+202.208000E-06,+201.005031372E-03
+202.216000E-06,+201.005026698E-03
+202.224000E-06,+201.005026698E-03
+202.232000E-06,+201.005026698E-03
+202.240000E-06,+201.005026698E-03
+202.248000E-06,+201.005026698E-03
+202.256000E-06,+201.005026698E-03
+202.264000E-06,+201.005026698E-03
+202.272000E-06,+201.005026698E-03
+202.280000E-06,+201.005026698E-03
+202.288000E-06,+201.005026698E-03
+202.296000E-06,+201.005026698E-03
+202.304000E-06,+201.005026698E-03
+202.312000E-06,+201.005026698E-03
+202.320000E-06,+4.677E-09
+202.328000E-06,+201.005022021E-03
+202.336000E-06,+201.005026698E-03
+202.344000E-06,+201.005026698E-03
+202.352000E-06,+201.005026698E-03
+202.360000E-06,+201.005026698E-03
+202.368000E-06,+201.005026698E-03
+202.376000E-06,+201.005026698E-03
+202.384000E-06,+4.679E-09
+202.392000E-06,+201.005022020E-03
+202.400000E-06,+201.005026698E-03
+202.408000E-06,+201.005026698E-03
+202.416000E-06,+201.005026698E-03
+202.424000E-06,+201.005026698E-03
+202.432000E-06,+201.005026698E-03
+202.440000E-06,+402.010048716E-03
+202.448000E-06,+201.005031378E-03
+202.456000E-06,+201.005026698E-03
+202.464000E-06,+201.005026698E-03
+202.472000E-06,+201.005026698E-03
+202.480000E-06,+201.005026698E-03
+202.488000E-06,+201.005026698E-03
+202.496000E-06,+201.005026698E-03
+202.504000E-06,+201.005026698E-03
+202.512000E-06,+201.005026698E-03
+202.520000E-06,+201.005026698E-03
+202.528000E-06,+201.005026698E-03
+202.536000E-06,+201.005026698E-03
+202.544000E-06,+201.005026698E-03
+202.552000E-06,+201.005026698E-03
+202.560000E-06,+201.005026698E-03
+202.568000E-06,+201.005026698E-03
+202.576000E-06,+201.005026698E-03
+202.584000E-06,+201.005026698E-03
+202.592000E-06,+4.684E-09
+202.600000E-06,+201.005022012E-03
+202.608000E-06,+201.005026698E-03
+202.616000E-06,+201.005026698E-03
+202.624000E-06,+201.005026698E-03
+202.632000E-06,+201.005026698E-03
+202.640000E-06,+201.005026698E-03
+202.648000E-06,+201.005026698E-03
+202.656000E-06,+201.005026698E-03
+202.664000E-06,+4.686E-09
+202.672000E-06,+201.005022011E-03
+202.680000E-06,+4.687E-09
+202.688000E-06,+201.005022011E-03
+202.696000E-06,+201.005026698E-03
+202.704000E-06,+201.005026698E-03
+202.712000E-06,+201.005026698E-03
+202.720000E-06,+4.689E-09
+202.728000E-06,+201.005022009E-03
+202.736000E-06,+201.005026698E-03
+202.744000E-06,+201.005026698E-03
+202.752000E-06,+201.005026698E-03
+202.760000E-06,+201.005026698E-03
+202.768000E-06,+201.005026698E-03
+202.776000E-06,+201.005026698E-03
+202.784000E-06,+201.005026698E-03
+202.792000E-06,+4.692E-09
+202.800000E-06,+201.005022006E-03
+202.808000E-06,+201.005026698E-03
+202.816000E-06,+201.005026698E-03
+202.824000E-06,+201.005026698E-03
+202.832000E-06,+201.005026698E-03
+202.840000E-06,+201.005026698E-03
+202.848000E-06,+201.005026698E-03
+202.856000E-06,+201.005026698E-03
+202.864000E-06,+201.005026698E-03
+202.872000E-06,+201.005026698E-03
+202.880000E-06,+4.693E-09
+202.888000E-06,+201.005022003E-03
+202.896000E-06,+201.005026698E-03
+202.904000E-06,+201.005026698E-03
+202.912000E-06,+201.005026698E-03
+202.920000E-06,+201.005026698E-03
+202.928000E-06,+201.005026698E-03
+202.936000E-06,+201.005026698E-03
+202.944000E-06,+201.005026698E-03
+202.952000E-06,+201.005026698E-03
+202.960000E-06,+201.005026698E-03
+202.968000E-06,+201.005026698E-03
+202.976000E-06,+201.005026698E-03
+202.984000E-06,+201.005026698E-03
+202.992000E-06,+201.005026698E-03
+203.000000E-06,+201.005026698E-03
+203.008000E-06,+201.005026698E-03
+203.016000E-06,+201.005026698E-03
+203.024000E-06,+201.005026698E-03
+203.032000E-06,+201.005026698E-03
+203.040000E-06,+201.005026698E-03
+203.048000E-06,+201.005026698E-03
+203.056000E-06,+4.699E-09
+203.064000E-06,+0.0E+00
+203.072000E-06,+201.005021999E-03
+203.080000E-06,+201.005026698E-03
+203.088000E-06,+201.005026698E-03
+203.096000E-06,+201.005026698E-03
+203.104000E-06,+201.005026698E-03
+203.112000E-06,+201.005026698E-03
+203.120000E-06,+201.005026698E-03
+203.128000E-06,+201.005026698E-03
+203.136000E-06,+201.005026698E-03
+203.144000E-06,+4.700E-09
+203.152000E-06,+201.005021998E-03
+203.160000E-06,+4.702E-09
+203.168000E-06,+201.005021996E-03
+203.176000E-06,+201.005026698E-03
+203.184000E-06,+201.005026698E-03
+203.192000E-06,+201.005026698E-03
+203.200000E-06,+201.005026698E-03
+203.208000E-06,+201.005026698E-03
+203.216000E-06,+201.005026698E-03
+203.224000E-06,+201.005026698E-03
+203.232000E-06,+201.005026698E-03
+203.240000E-06,+201.005026698E-03
+203.248000E-06,+201.005026698E-03
+203.256000E-06,+201.005026698E-03
+203.264000E-06,+201.005026698E-03
+203.272000E-06,+4.705E-09
+203.280000E-06,+201.005021992E-03
+203.288000E-06,+201.005026698E-03
+203.296000E-06,+4.706E-09
+203.304000E-06,+201.005021992E-03
+203.312000E-06,+201.005026698E-03
+203.320000E-06,+201.005026698E-03
+203.328000E-06,+201.005026698E-03
+203.336000E-06,+201.005026698E-03
+203.344000E-06,+201.005026698E-03
+203.352000E-06,+201.005026698E-03
+203.360000E-06,+201.005026698E-03
+203.368000E-06,+201.005026698E-03
+203.376000E-06,+201.005026698E-03
+203.384000E-06,+201.005026698E-03
+203.392000E-06,+201.005026698E-03
+203.400000E-06,+201.005026698E-03
+203.408000E-06,+4.709E-09
+203.416000E-06,+201.005021989E-03
+203.424000E-06,+201.005026698E-03
+203.432000E-06,+201.005026698E-03
+203.440000E-06,+201.005026698E-03
+203.448000E-06,+4.711E-09
+203.456000E-06,+201.005021987E-03
+203.464000E-06,+201.005026698E-03
+203.472000E-06,+4.712E-09
+203.480000E-06,+201.005021986E-03
+203.488000E-06,+4.712E-09
+203.496000E-06,+0.0E+00
+203.504000E-06,+201.005021986E-03
+203.512000E-06,+201.005026698E-03
+203.520000E-06,+201.005026698E-03
+203.528000E-06,+4.712E-09
+203.536000E-06,+201.005021986E-03
+203.544000E-06,+201.005026698E-03
+203.552000E-06,+201.005026698E-03
+203.560000E-06,+201.005026698E-03
+203.568000E-06,+201.005026698E-03
+203.576000E-06,+201.005026698E-03
+203.584000E-06,+201.005026698E-03
+203.592000E-06,+201.005026698E-03
+203.600000E-06,+4.715E-09
+203.608000E-06,+0.0E+00
+203.616000E-06,+201.005021983E-03
+203.624000E-06,+4.715E-09
+203.632000E-06,+201.005021983E-03
+203.640000E-06,+201.005026698E-03
+203.648000E-06,+4.717E-09
+203.656000E-06,+0.0E+00
+203.664000E-06,+201.005021982E-03
+203.672000E-06,+201.005026698E-03
+203.680000E-06,+201.005026698E-03
+203.688000E-06,+201.005026698E-03
+203.696000E-06,+201.005026698E-03
+203.704000E-06,+201.005026698E-03
+203.712000E-06,+201.005026698E-03
+203.720000E-06,+201.005026698E-03
+203.728000E-06,+4.718E-09
+203.736000E-06,+402.010043960E-03
+203.744000E-06,+201.005031418E-03
+203.752000E-06,+201.005026698E-03
+203.760000E-06,+4.720E-09
+203.768000E-06,+0.0E+00
+203.776000E-06,+201.005021977E-03
+203.784000E-06,+201.005026698E-03
+203.792000E-06,+4.721E-09
+203.800000E-06,+201.005021977E-03
+203.808000E-06,+201.005026698E-03
+203.816000E-06,+201.005026698E-03
+203.824000E-06,+201.005026698E-03
+203.832000E-06,+201.005026698E-03
+203.840000E-06,+201.005026698E-03
+203.848000E-06,+201.005026698E-03
+203.856000E-06,+4.722E-09
+203.864000E-06,+0.0E+00
+203.872000E-06,+201.005021974E-03
+203.880000E-06,+201.005026698E-03
+203.888000E-06,+201.005026698E-03
+203.896000E-06,+201.005026698E-03
+203.904000E-06,+201.005026698E-03
+203.912000E-06,+201.005026698E-03
+203.920000E-06,+201.005026698E-03
+203.928000E-06,+201.005026698E-03
+203.936000E-06,+4.725E-09
+203.944000E-06,+0.0E+00
+203.952000E-06,+201.005021973E-03
+203.960000E-06,+201.005026698E-03
+203.968000E-06,+201.005026698E-03
+203.976000E-06,+201.005026698E-03
+203.984000E-06,+201.005026698E-03
+203.992000E-06,+201.005026698E-03
+204.000000E-06,+201.005026698E-03
+204.008000E-06,+201.005026698E-03
+204.016000E-06,+201.005026698E-03
+204.024000E-06,+201.005026698E-03
+204.032000E-06,+201.005026698E-03
+204.040000E-06,+4.728E-09
+204.048000E-06,+201.005021970E-03
+204.056000E-06,+201.005026698E-03
+204.064000E-06,+201.005026698E-03
+204.072000E-06,+4.730E-09
+204.080000E-06,+0.0E+00
+204.088000E-06,+0.0E+00
+204.096000E-06,+0.0E+00
+204.104000E-06,+0.0E+00
+204.112000E-06,+201.005021968E-03
+204.120000E-06,+201.005026698E-03
+204.128000E-06,+4.731E-09
+204.136000E-06,+201.005021967E-03
+204.144000E-06,+4.731E-09
+204.152000E-06,+201.005021965E-03
+204.160000E-06,+201.005026698E-03
+204.168000E-06,+4.733E-09
+204.176000E-06,+201.005021965E-03
+204.184000E-06,+201.005026698E-03
+204.192000E-06,+201.005026698E-03
+204.200000E-06,+201.005026698E-03
+204.208000E-06,+201.005026698E-03
+204.216000E-06,+201.005026698E-03
+204.224000E-06,+4.733E-09
+204.232000E-06,+201.005021964E-03
+204.240000E-06,+201.005026698E-03
+204.248000E-06,+201.005026698E-03
+204.256000E-06,+4.736E-09
+204.264000E-06,+201.005021963E-03
+204.272000E-06,+201.005026698E-03
+204.280000E-06,+201.005026698E-03
+204.288000E-06,+201.005026698E-03
+204.296000E-06,+201.005026698E-03
+204.304000E-06,+201.005026698E-03
+204.312000E-06,+201.005026698E-03
+204.320000E-06,+201.005026698E-03
+204.328000E-06,+201.005026698E-03
+204.336000E-06,+201.005026698E-03
+204.344000E-06,+201.005026698E-03
+204.352000E-06,+4.739E-09
+204.360000E-06,+201.005021960E-03
+204.368000E-06,+201.005026698E-03
+204.376000E-06,+4.739E-09
+204.384000E-06,+0.0E+00
+204.392000E-06,+201.005021960E-03
+204.400000E-06,+201.005026698E-03
+204.408000E-06,+201.005026698E-03
+204.416000E-06,+201.005026698E-03
+204.424000E-06,+201.005026698E-03
+204.432000E-06,+4.740E-09
+204.440000E-06,+201.005021958E-03
+204.448000E-06,+201.005026698E-03
+204.456000E-06,+4.741E-09
+204.464000E-06,+0.0E+00
+204.472000E-06,+201.005021957E-03
+204.480000E-06,+201.005026698E-03
+204.488000E-06,+201.005026698E-03
+204.496000E-06,+201.005026698E-03
+204.504000E-06,+4.741E-09
+204.512000E-06,+0.0E+00
+204.520000E-06,+201.005021955E-03
+204.528000E-06,+201.005026698E-03
+204.536000E-06,+201.005026698E-03
+204.544000E-06,+201.005026698E-03
+204.552000E-06,+201.005026698E-03
+204.560000E-06,+4.744E-09
+204.568000E-06,+0.0E+00
+204.576000E-06,+0.0E+00
+204.584000E-06,+201.005021954E-03
+204.592000E-06,+4.744E-09
+204.600000E-06,+0.0E+00
+204.608000E-06,+201.005021954E-03
+204.616000E-06,+402.010048650E-03
+204.624000E-06,+201.005031444E-03
+204.632000E-06,+4.746E-09
+204.640000E-06,+0.0E+00
+204.648000E-06,+201.005021951E-03
+204.656000E-06,+4.747E-09
+204.664000E-06,+201.005021951E-03
+204.672000E-06,+201.005026698E-03
+204.680000E-06,+201.005026698E-03
+204.688000E-06,+201.005026698E-03
+204.696000E-06,+201.005026698E-03
+204.704000E-06,+4.747E-09
+204.712000E-06,+201.005021949E-03
+204.720000E-06,+201.005026698E-03
+204.728000E-06,+201.005026698E-03
+204.736000E-06,+201.005026698E-03
+204.744000E-06,+4.750E-09
+204.752000E-06,+201.005021948E-03
+204.760000E-06,+4.750E-09
+204.768000E-06,+201.005021948E-03
+204.776000E-06,+201.005026698E-03
+204.784000E-06,+4.750E-09
+204.792000E-06,+0.0E+00
+204.800000E-06,+0.0E+00
+204.808000E-06,+0.0E+00
+204.816000E-06,+0.0E+00
+204.824000E-06,+0.0E+00
+204.832000E-06,+0.0E+00
+204.840000E-06,+201.005021945E-03
+204.848000E-06,+4.753E-09
+204.856000E-06,+0.0E+00
+204.864000E-06,+0.0E+00
+204.872000E-06,+0.0E+00
+204.880000E-06,+201.005021945E-03
+204.888000E-06,+4.753E-09
+204.896000E-06,+0.0E+00
+204.904000E-06,+0.0E+00
+204.912000E-06,+201.005021944E-03
+204.920000E-06,+4.755E-09
+204.928000E-06,+201.005021944E-03
+204.936000E-06,+201.005026698E-03
+204.944000E-06,+201.005026698E-03
+204.952000E-06,+201.005026698E-03
+204.960000E-06,+4.756E-09
+204.968000E-06,+201.005021942E-03
+204.976000E-06,+201.005026698E-03
+204.984000E-06,+201.005026698E-03
+204.992000E-06,+4.756E-09
+205.000000E-06,+0.0E+00
+205.008000E-06,+201.005021941E-03
+205.016000E-06,+4.758E-09
+205.024000E-06,+201.005021941E-03
+205.032000E-06,+4.759E-09
+205.040000E-06,+0.0E+00
+205.048000E-06,+201.005021939E-03
+205.056000E-06,+4.759E-09
+205.064000E-06,+0.0E+00
+205.072000E-06,+0.0E+00
+205.080000E-06,+201.005021939E-03
+205.088000E-06,+201.005026698E-03
+205.096000E-06,+201.005026698E-03
+205.104000E-06,+201.005026698E-03
+205.112000E-06,+4.760E-09
+205.120000E-06,+201.005021938E-03
+205.128000E-06,+4.762E-09
+205.136000E-06,+201.005021936E-03
+205.144000E-06,+201.005026698E-03
+205.152000E-06,+4.762E-09
+205.160000E-06,+201.005021936E-03
+205.168000E-06,+201.005026698E-03
+205.176000E-06,+201.005026698E-03
+205.184000E-06,+201.005026698E-03
+205.192000E-06,+201.005026698E-03
+205.200000E-06,+4.763E-09
+205.208000E-06,+0.0E+00
+205.216000E-06,+201.005021935E-03
+205.224000E-06,+4.765E-09
+205.232000E-06,+0.0E+00
+205.240000E-06,+0.0E+00
+205.248000E-06,+0.0E+00
+205.256000E-06,+201.005021933E-03
+205.264000E-06,+201.005026698E-03
+205.272000E-06,+4.765E-09
+205.280000E-06,+201.005021933E-03
+205.288000E-06,+201.005026698E-03
+205.296000E-06,+4.766E-09
+205.304000E-06,+0.0E+00
+205.312000E-06,+201.005021932E-03
+205.320000E-06,+201.005026698E-03
+205.328000E-06,+201.005026698E-03
+205.336000E-06,+4.768E-09
+205.344000E-06,+0.0E+00
+205.352000E-06,+201.005021930E-03
+205.360000E-06,+4.768E-09
+205.368000E-06,+0.0E+00
+205.376000E-06,+0.0E+00
+205.384000E-06,+201.005021930E-03
+205.392000E-06,+201.005026698E-03
+205.400000E-06,+201.005026698E-03
+205.408000E-06,+4.769E-09
+205.416000E-06,+0.0E+00
+205.424000E-06,+201.005021927E-03
+205.432000E-06,+4.771E-09
+205.440000E-06,+0.0E+00
+205.448000E-06,+0.0E+00
+205.456000E-06,+201.005021927E-03
+205.464000E-06,+201.005026698E-03
+205.472000E-06,+201.005026698E-03
+205.480000E-06,+4.771E-09
+205.488000E-06,+201.005021927E-03
+205.496000E-06,+4.772E-09
+205.504000E-06,+201.005021926E-03
+205.512000E-06,+201.005026698E-03
+205.520000E-06,+4.774E-09
+205.528000E-06,+0.0E+00
+205.536000E-06,+201.005021924E-03
+205.544000E-06,+201.005026698E-03
+205.552000E-06,+4.774E-09
+205.560000E-06,+201.005021924E-03
+205.568000E-06,+201.005026698E-03
+205.576000E-06,+4.774E-09
+205.584000E-06,+0.0E+00
+205.592000E-06,+201.005021923E-03
+205.600000E-06,+201.005026698E-03
+205.608000E-06,+201.005026698E-03
+205.616000E-06,+4.777E-09
+205.624000E-06,+201.005021922E-03
+205.632000E-06,+201.005026698E-03
+205.640000E-06,+201.005026698E-03
+205.648000E-06,+4.777E-09
+205.656000E-06,+201.005021922E-03
+205.664000E-06,+4.777E-09
+205.672000E-06,+201.005021922E-03
+205.680000E-06,+4.777E-09
+205.688000E-06,+201.005021920E-03
+205.696000E-06,+201.005026698E-03
+205.704000E-06,+201.005026698E-03
+205.712000E-06,+4.779E-09
+205.720000E-06,+201.005021919E-03
+205.728000E-06,+201.005026698E-03
+205.736000E-06,+4.779E-09
+205.744000E-06,+0.0E+00
+205.752000E-06,+201.005021919E-03
+205.760000E-06,+4.779E-09
+205.768000E-06,+201.005021919E-03
+205.776000E-06,+201.005026698E-03
+205.784000E-06,+201.005026698E-03
+205.792000E-06,+201.005026698E-03
+205.800000E-06,+4.781E-09
+205.808000E-06,+0.0E+00
+205.816000E-06,+0.0E+00
+205.824000E-06,+201.005021916E-03
+205.832000E-06,+201.005026698E-03
+205.840000E-06,+4.782E-09
+205.848000E-06,+0.0E+00
+205.856000E-06,+0.0E+00
+205.864000E-06,+201.005021916E-03
+205.872000E-06,+201.005026698E-03
+205.880000E-06,+4.782E-09
+205.888000E-06,+201.005021914E-03
+205.896000E-06,+201.005026698E-03
+205.904000E-06,+201.005026698E-03
+205.912000E-06,+201.005026698E-03
+205.920000E-06,+4.785E-09
+205.928000E-06,+201.005021913E-03
+205.936000E-06,+201.005026698E-03
+205.944000E-06,+201.005026698E-03
+205.952000E-06,+201.005026698E-03
+205.960000E-06,+201.005026698E-03
+205.968000E-06,+201.005026698E-03
+205.976000E-06,+201.005026698E-03
+205.984000E-06,+201.005026698E-03
+205.992000E-06,+201.005026698E-03
+206.000000E-06,+201.005026698E-03
+206.008000E-06,+4.788E-09
+206.016000E-06,+201.005021910E-03
+206.024000E-06,+201.005026698E-03
+206.032000E-06,+4.788E-09
+206.040000E-06,+201.005021910E-03
+206.048000E-06,+201.005026698E-03
+206.056000E-06,+201.005026698E-03
+206.064000E-06,+201.005026698E-03
+206.072000E-06,+201.005026698E-03
+206.080000E-06,+4.790E-09
+206.088000E-06,+201.005021908E-03
+206.096000E-06,+4.790E-09
+206.104000E-06,+201.005021907E-03
+206.112000E-06,+4.791E-09
+206.120000E-06,+201.005021907E-03
+206.128000E-06,+201.005026698E-03
+206.136000E-06,+201.005026698E-03
+206.144000E-06,+201.005026698E-03
+206.152000E-06,+201.005026698E-03
+206.160000E-06,+201.005026698E-03
+206.168000E-06,+201.005026698E-03
+206.176000E-06,+201.005026698E-03
+206.184000E-06,+201.005026698E-03
+206.192000E-06,+201.005026698E-03
+206.200000E-06,+201.005026698E-03
+206.208000E-06,+201.005026698E-03
+206.216000E-06,+201.005026698E-03
+206.224000E-06,+201.005026698E-03
+206.232000E-06,+201.005026698E-03
+206.240000E-06,+201.005026698E-03
+206.248000E-06,+201.005026698E-03
+206.256000E-06,+201.005026698E-03
+206.264000E-06,+4.794E-09
+206.272000E-06,+201.005021903E-03
+206.280000E-06,+201.005026698E-03
+206.288000E-06,+4.796E-09
+206.296000E-06,+201.005021901E-03
+206.304000E-06,+4.797E-09
+206.312000E-06,+0.0E+00
+206.320000E-06,+201.005021901E-03
+206.328000E-06,+4.797E-09
+206.336000E-06,+0.0E+00
+206.344000E-06,+201.005021901E-03
+206.352000E-06,+201.005026698E-03
+206.360000E-06,+201.005026698E-03
+206.368000E-06,+201.005026698E-03
+206.376000E-06,+4.798E-09
+206.384000E-06,+201.005021900E-03
+206.392000E-06,+201.005026698E-03
+206.400000E-06,+201.005026698E-03
+206.408000E-06,+201.005026698E-03
+206.416000E-06,+201.005026698E-03
+206.424000E-06,+201.005026698E-03
+206.432000E-06,+201.005026698E-03
+206.440000E-06,+201.005026698E-03
+206.448000E-06,+201.005026698E-03
+206.456000E-06,+201.005026698E-03
+206.464000E-06,+4.800E-09
+206.472000E-06,+201.005021897E-03
+206.480000E-06,+4.801E-09
+206.488000E-06,+201.005021897E-03
+206.496000E-06,+201.005026698E-03
+206.504000E-06,+201.005026698E-03
+206.512000E-06,+201.005026698E-03
+206.520000E-06,+201.005026698E-03
+206.528000E-06,+201.005026698E-03
+206.536000E-06,+201.005026698E-03
+206.544000E-06,+201.005026698E-03
+206.552000E-06,+201.005026698E-03
+206.560000E-06,+201.005026698E-03
+206.568000E-06,+4.804E-09
+206.576000E-06,+201.005021894E-03
+206.584000E-06,+4.804E-09
+206.592000E-06,+0.0E+00
+206.600000E-06,+0.0E+00
+206.608000E-06,+201.005021892E-03
+206.616000E-06,+201.005026698E-03
+206.624000E-06,+201.005026698E-03
+206.632000E-06,+201.005026698E-03
+206.640000E-06,+201.005026698E-03
+206.648000E-06,+201.005026698E-03
+206.656000E-06,+4.806E-09
+206.664000E-06,+201.005021891E-03
+206.672000E-06,+201.005026698E-03
+206.680000E-06,+4.807E-09
+206.688000E-06,+0.0E+00
+206.696000E-06,+201.005021889E-03
+206.704000E-06,+201.005026698E-03
+206.712000E-06,+201.005026698E-03
+206.720000E-06,+201.005026698E-03
+206.728000E-06,+201.005026698E-03
+206.736000E-06,+201.005026698E-03
+206.744000E-06,+201.005026698E-03
+206.752000E-06,+201.005026698E-03
+206.760000E-06,+201.005026698E-03
+206.768000E-06,+201.005026698E-03
+206.776000E-06,+201.005026698E-03
+206.784000E-06,+201.005026698E-03
+206.792000E-06,+4.812E-09
+206.800000E-06,+201.005021886E-03
+206.808000E-06,+4.812E-09
+206.816000E-06,+201.005021886E-03
+206.824000E-06,+201.005026698E-03
+206.832000E-06,+201.005026698E-03
+206.840000E-06,+201.005026698E-03
+206.848000E-06,+201.005026698E-03
+206.856000E-06,+4.813E-09
+206.864000E-06,+0.0E+00
+206.872000E-06,+201.005021885E-03
+206.880000E-06,+201.005026698E-03
+206.888000E-06,+201.005026698E-03
+206.896000E-06,+201.005026698E-03
+206.904000E-06,+4.815E-09
+206.912000E-06,+0.0E+00
+206.920000E-06,+201.005021884E-03
+206.928000E-06,+201.005026698E-03
+206.936000E-06,+201.005026698E-03
+206.944000E-06,+201.005026698E-03
+206.952000E-06,+201.005026698E-03
+206.960000E-06,+4.816E-09
+206.968000E-06,+201.005021882E-03
+206.976000E-06,+201.005026698E-03
+206.984000E-06,+201.005026698E-03
+206.992000E-06,+201.005026698E-03
+207.000000E-06,+201.005026698E-03
+207.008000E-06,+201.005026698E-03
+207.016000E-06,+201.005026698E-03
+207.024000E-06,+201.005026698E-03
+207.032000E-06,+201.005026698E-03
+207.040000E-06,+4.817E-09
+207.048000E-06,+201.005021881E-03
+207.056000E-06,+201.005026698E-03
+207.064000E-06,+4.819E-09
+207.072000E-06,+0.0E+00
+207.080000E-06,+0.0E+00
+207.088000E-06,+0.0E+00
+207.096000E-06,+0.0E+00
+207.104000E-06,+201.005021878E-03
+207.112000E-06,+201.005026698E-03
+207.120000E-06,+201.005026698E-03
+207.128000E-06,+201.005026698E-03
+207.136000E-06,+201.005026698E-03
+207.144000E-06,+201.005026698E-03
+207.152000E-06,+201.005026698E-03
+207.160000E-06,+201.005026698E-03
+207.168000E-06,+201.005026698E-03
+207.176000E-06,+201.005026698E-03
+207.184000E-06,+201.005026698E-03
+207.192000E-06,+4.823E-09
+207.200000E-06,+0.0E+00
+207.208000E-06,+201.005021875E-03
+207.216000E-06,+201.005026698E-03
+207.224000E-06,+201.005026698E-03
+207.232000E-06,+201.005026698E-03
+207.240000E-06,+201.005026698E-03
+207.248000E-06,+201.005026698E-03
+207.256000E-06,+201.005026698E-03
+207.264000E-06,+201.005026698E-03
+207.272000E-06,+201.005026698E-03
+207.280000E-06,+4.826E-09
+207.288000E-06,+0.0E+00
+207.296000E-06,+201.005021872E-03
+207.304000E-06,+402.010048570E-03
+207.312000E-06,+201.005031524E-03
+207.320000E-06,+201.005026698E-03
+207.328000E-06,+201.005026698E-03
+207.336000E-06,+201.005026698E-03
+207.344000E-06,+201.005026698E-03
+207.352000E-06,+201.005026698E-03
+207.360000E-06,+4.828E-09
+207.368000E-06,+201.005021869E-03
+207.376000E-06,+201.005026698E-03
+207.384000E-06,+201.005026698E-03
+207.392000E-06,+201.005026698E-03
+207.400000E-06,+201.005026698E-03
+207.408000E-06,+201.005026698E-03
+207.416000E-06,+201.005026698E-03
+207.424000E-06,+201.005026698E-03
+207.432000E-06,+4.829E-09
+207.440000E-06,+201.005021867E-03
+207.448000E-06,+201.005026698E-03
+207.456000E-06,+201.005026698E-03
+207.464000E-06,+4.832E-09
+207.472000E-06,+402.010043732E-03
+207.480000E-06,+201.005031530E-03
+207.488000E-06,+201.005026698E-03
+207.496000E-06,+201.005026698E-03
+207.504000E-06,+201.005026698E-03
+207.512000E-06,+201.005026698E-03
+207.520000E-06,+201.005026698E-03
+207.528000E-06,+201.005026698E-03
+207.536000E-06,+201.005026698E-03
+207.544000E-06,+201.005026698E-03
+207.552000E-06,+201.005026698E-03
+207.560000E-06,+201.005026698E-03
+207.568000E-06,+201.005026698E-03
+207.576000E-06,+201.005026698E-03
+207.584000E-06,+201.005026698E-03
+207.592000E-06,+201.005026698E-03
+207.600000E-06,+201.005026698E-03
+207.608000E-06,+201.005026698E-03
+207.616000E-06,+201.005026698E-03
+207.624000E-06,+201.005026698E-03
+207.632000E-06,+201.005026698E-03
+207.640000E-06,+201.005026698E-03
+207.648000E-06,+201.005026698E-03
+207.656000E-06,+201.005026698E-03
+207.664000E-06,+201.005026698E-03
+207.672000E-06,+201.005026698E-03
+207.680000E-06,+201.005026698E-03
+207.688000E-06,+201.005026698E-03
+207.696000E-06,+201.005026698E-03
+207.704000E-06,+201.005026698E-03
+207.712000E-06,+201.005026698E-03
+207.720000E-06,+201.005026698E-03
+207.728000E-06,+201.005026698E-03
+207.736000E-06,+201.005026698E-03
+207.744000E-06,+201.005026698E-03
+207.752000E-06,+201.005026698E-03
+207.760000E-06,+201.005026698E-03
+207.768000E-06,+402.010048555E-03
+207.776000E-06,+201.005031539E-03
+207.784000E-06,+201.005026698E-03
+207.792000E-06,+201.005026698E-03
+207.800000E-06,+201.005026698E-03
+207.808000E-06,+201.005026698E-03
+207.816000E-06,+201.005026698E-03
+207.824000E-06,+4.841E-09
+207.832000E-06,+201.005021856E-03
+207.840000E-06,+201.005026698E-03
+207.848000E-06,+201.005026698E-03
+207.856000E-06,+201.005026698E-03
+207.864000E-06,+201.005026698E-03
+207.872000E-06,+201.005026698E-03
+207.880000E-06,+201.005026698E-03
+207.888000E-06,+402.010048552E-03
+207.896000E-06,+201.005031542E-03
+207.904000E-06,+201.005026698E-03
+207.912000E-06,+201.005026698E-03
+207.920000E-06,+201.005026698E-03
+207.928000E-06,+201.005026698E-03
+207.936000E-06,+201.005026698E-03
+207.944000E-06,+4.845E-09
+207.952000E-06,+201.005021851E-03
+207.960000E-06,+4.847E-09
+207.968000E-06,+201.005021851E-03
+207.976000E-06,+201.005026698E-03
+207.984000E-06,+201.005026698E-03
+207.992000E-06,+201.005026698E-03
+208.000000E-06,+201.005026698E-03
+208.008000E-06,+201.005026698E-03
+208.016000E-06,+201.005026698E-03
+208.024000E-06,+201.005026698E-03
+208.032000E-06,+201.005026698E-03
+208.040000E-06,+201.005026698E-03
+208.048000E-06,+201.005026698E-03
+208.056000E-06,+201.005026698E-03
+208.064000E-06,+201.005026698E-03
+208.072000E-06,+4.850E-09
+208.080000E-06,+201.005021848E-03
+208.088000E-06,+201.005026698E-03
+208.096000E-06,+201.005026698E-03
+208.104000E-06,+201.005026698E-03
+208.112000E-06,+201.005026698E-03
+208.120000E-06,+201.005026698E-03
+208.128000E-06,+201.005026698E-03
+208.136000E-06,+201.005026698E-03
+208.144000E-06,+402.010048545E-03
+208.152000E-06,+201.005031551E-03
+208.160000E-06,+201.005026698E-03
+208.168000E-06,+201.005026698E-03
+208.176000E-06,+4.853E-09
+208.184000E-06,+201.005021846E-03
+208.192000E-06,+201.005026698E-03
+208.200000E-06,+201.005026698E-03
+208.208000E-06,+201.005026698E-03
+208.216000E-06,+201.005026698E-03
+208.224000E-06,+201.005026698E-03
+208.232000E-06,+201.005026698E-03
+208.240000E-06,+201.005026698E-03
+208.248000E-06,+201.005026698E-03
+208.256000E-06,+201.005026698E-03
+208.264000E-06,+201.005026698E-03
+208.272000E-06,+201.005026698E-03
+208.280000E-06,+201.005026698E-03
+208.288000E-06,+4.856E-09
+208.296000E-06,+201.005021843E-03
+208.304000E-06,+201.005026698E-03
+208.312000E-06,+201.005026698E-03
+208.320000E-06,+201.005026698E-03
+208.328000E-06,+201.005026698E-03
+208.336000E-06,+201.005026698E-03
+208.344000E-06,+201.005026698E-03
+208.352000E-06,+201.005026698E-03
+208.360000E-06,+201.005026698E-03
+208.368000E-06,+201.005026698E-03
+208.376000E-06,+201.005026698E-03
+208.384000E-06,+201.005026698E-03
+208.392000E-06,+201.005026698E-03
+208.400000E-06,+201.005026698E-03
+208.408000E-06,+201.005026698E-03
+208.416000E-06,+201.005026698E-03
+208.424000E-06,+201.005026698E-03
+208.432000E-06,+201.005026698E-03
+208.440000E-06,+201.005026698E-03
+208.448000E-06,+201.005026698E-03
+208.456000E-06,+201.005026698E-03
+208.464000E-06,+201.005026698E-03
+208.472000E-06,+201.005026698E-03
+208.480000E-06,+201.005026698E-03
+208.488000E-06,+201.005026698E-03
+208.496000E-06,+201.005026698E-03
+208.504000E-06,+201.005026698E-03
+208.512000E-06,+201.005026698E-03
+208.520000E-06,+201.005026698E-03
+208.528000E-06,+4.863E-09
+208.536000E-06,+201.005021834E-03
+208.544000E-06,+201.005026698E-03
+208.552000E-06,+201.005026698E-03
+208.560000E-06,+201.005026698E-03
+208.568000E-06,+201.005026698E-03
+208.576000E-06,+402.010048532E-03
+208.584000E-06,+201.005031562E-03
+208.592000E-06,+201.005026698E-03
+208.600000E-06,+201.005026698E-03
+208.608000E-06,+201.005026698E-03
+208.616000E-06,+201.005026698E-03
+208.624000E-06,+201.005026698E-03
+208.632000E-06,+201.005026698E-03
+208.640000E-06,+201.005026698E-03
+208.648000E-06,+201.005026698E-03
+208.656000E-06,+201.005026698E-03
+208.664000E-06,+201.005026698E-03
+208.672000E-06,+201.005026698E-03
+208.680000E-06,+201.005026698E-03
+208.688000E-06,+201.005026698E-03
+208.696000E-06,+201.005026698E-03
+208.704000E-06,+201.005026698E-03
+208.712000E-06,+201.005026698E-03
+208.720000E-06,+201.005026698E-03
+208.728000E-06,+201.005026698E-03
+208.736000E-06,+201.005026698E-03
+208.744000E-06,+201.005026698E-03
+208.752000E-06,+201.005026698E-03
+208.760000E-06,+201.005026698E-03
+208.768000E-06,+201.005026698E-03
+208.776000E-06,+402.010048526E-03
+208.784000E-06,+402.010053396E-03
+208.792000E-06,+201.005031568E-03
+208.800000E-06,+201.005026698E-03
+208.808000E-06,+4.872E-09
+208.816000E-06,+201.005021827E-03
+208.824000E-06,+201.005026698E-03
+208.832000E-06,+402.010048523E-03
+208.840000E-06,+201.005031571E-03
+208.848000E-06,+201.005026698E-03
+208.856000E-06,+201.005026698E-03
+208.864000E-06,+201.005026698E-03
+208.872000E-06,+201.005026698E-03
+208.880000E-06,+201.005026698E-03
+208.888000E-06,+201.005026698E-03
+208.896000E-06,+201.005026698E-03
+208.904000E-06,+201.005026698E-03
+208.912000E-06,+201.005026698E-03
+208.920000E-06,+201.005026698E-03
+208.928000E-06,+201.005026698E-03
+208.936000E-06,+402.010048520E-03
+208.944000E-06,+201.005031574E-03
+208.952000E-06,+201.005026698E-03
+208.960000E-06,+201.005026698E-03
+208.968000E-06,+201.005026698E-03
+208.976000E-06,+201.005026698E-03
+208.984000E-06,+201.005026698E-03
+208.992000E-06,+201.005026698E-03
+209.000000E-06,+201.005026698E-03
+209.008000E-06,+201.005026698E-03
+209.016000E-06,+201.005026698E-03
+209.024000E-06,+201.005026698E-03
+209.032000E-06,+201.005026698E-03
+209.040000E-06,+201.005026698E-03
+209.048000E-06,+201.005026698E-03
+209.056000E-06,+201.005026698E-03
+209.064000E-06,+402.010048517E-03
+209.072000E-06,+201.005031577E-03
+209.080000E-06,+201.005026698E-03
+209.088000E-06,+402.010048517E-03
+209.096000E-06,+201.005031578E-03
+209.104000E-06,+201.005026698E-03
+209.112000E-06,+201.005026698E-03
+209.120000E-06,+402.010048514E-03
+209.128000E-06,+402.010053396E-03
+209.136000E-06,+201.005031580E-03
+209.144000E-06,+201.005026698E-03
+209.152000E-06,+201.005026698E-03
+209.160000E-06,+201.005026698E-03
+209.168000E-06,+201.005026698E-03
+209.176000E-06,+201.005026698E-03
+209.184000E-06,+201.005026698E-03
+209.192000E-06,+201.005026698E-03
+209.200000E-06,+201.005026698E-03
+209.208000E-06,+201.005026698E-03
+209.216000E-06,+201.005026698E-03
+209.224000E-06,+201.005026698E-03
+209.232000E-06,+201.005026698E-03
+209.240000E-06,+201.005026698E-03
+209.248000E-06,+201.005026698E-03
+209.256000E-06,+201.005026698E-03
+209.264000E-06,+201.005026698E-03
+209.272000E-06,+201.005026698E-03
+209.280000E-06,+201.005026698E-03
+209.288000E-06,+201.005026698E-03
+209.296000E-06,+201.005026698E-03
+209.304000E-06,+201.005026698E-03
+209.312000E-06,+201.005026698E-03
+209.320000E-06,+201.005026698E-03
+209.328000E-06,+201.005026698E-03
+209.336000E-06,+201.005026698E-03
+209.344000E-06,+201.005026698E-03
+209.352000E-06,+201.005026698E-03
+209.360000E-06,+201.005026698E-03
+209.368000E-06,+201.005026698E-03
+209.376000E-06,+201.005026698E-03
+209.384000E-06,+201.005026698E-03
+209.392000E-06,+201.005026698E-03
+209.400000E-06,+201.005026698E-03
+209.408000E-06,+201.005026698E-03
+209.416000E-06,+201.005026698E-03
+209.424000E-06,+201.005026698E-03
+209.432000E-06,+402.010048506E-03
+209.440000E-06,+201.005031589E-03
+209.448000E-06,+201.005026698E-03
+209.456000E-06,+201.005026698E-03
+209.464000E-06,+201.005026698E-03
+209.472000E-06,+201.005026698E-03
+209.480000E-06,+201.005026698E-03
+209.488000E-06,+201.005026698E-03
+209.496000E-06,+201.005026698E-03
+209.504000E-06,+201.005026698E-03
+209.512000E-06,+201.005026698E-03
+209.520000E-06,+201.005026698E-03
+209.528000E-06,+201.005026698E-03
+209.536000E-06,+201.005026698E-03
+209.544000E-06,+201.005026698E-03
+209.552000E-06,+201.005026698E-03
+209.560000E-06,+201.005026698E-03
+209.568000E-06,+201.005026698E-03
+209.576000E-06,+402.010048503E-03
+209.584000E-06,+201.005031593E-03
+209.592000E-06,+201.005026698E-03
+209.600000E-06,+201.005026698E-03
+209.608000E-06,+201.005026698E-03
+209.616000E-06,+402.010048500E-03
+209.624000E-06,+402.010053396E-03
+209.632000E-06,+201.005031595E-03
+209.640000E-06,+201.005026698E-03
+209.648000E-06,+201.005026698E-03
+209.656000E-06,+201.005026698E-03
+209.664000E-06,+201.005026698E-03
+209.672000E-06,+201.005026698E-03
+209.680000E-06,+201.005026698E-03
+209.688000E-06,+201.005026698E-03
+209.696000E-06,+201.005026698E-03
+209.704000E-06,+201.005026698E-03
+209.712000E-06,+402.010048497E-03
+209.720000E-06,+402.010053396E-03
+209.728000E-06,+201.005031598E-03
+209.736000E-06,+201.005026698E-03
+209.744000E-06,+201.005026698E-03
+209.752000E-06,+201.005026698E-03
+209.760000E-06,+201.005026698E-03
+209.768000E-06,+201.005026698E-03
+209.776000E-06,+402.010048495E-03
+209.784000E-06,+201.005031599E-03
+209.792000E-06,+201.005026698E-03
+209.800000E-06,+201.005026698E-03
+209.808000E-06,+402.010048494E-03
+209.816000E-06,+201.005031600E-03
+209.824000E-06,+201.005026698E-03
+209.832000E-06,+201.005026698E-03
+209.840000E-06,+201.005026698E-03
+209.848000E-06,+201.005026698E-03
+209.856000E-06,+201.005026698E-03
+209.864000E-06,+402.010048494E-03
+209.872000E-06,+201.005031600E-03
+209.880000E-06,+201.005026698E-03
+209.888000E-06,+402.010048492E-03
+209.896000E-06,+402.010053396E-03
+209.904000E-06,+402.010053396E-03
+209.912000E-06,+201.005031603E-03
+209.920000E-06,+402.010048491E-03
+209.928000E-06,+201.005031603E-03
+209.936000E-06,+402.010048491E-03
+209.944000E-06,+402.010053396E-03
+209.952000E-06,+201.005031603E-03
+209.960000E-06,+201.005026698E-03
+209.968000E-06,+201.005026698E-03
+209.976000E-06,+201.005026698E-03
+209.984000E-06,+201.005026698E-03
+209.992000E-06,+201.005026698E-03
+210.000000E-06,+201.005026698E-03
+210.008000E-06,+201.005026698E-03
+210.016000E-06,+201.005026698E-03
+210.024000E-06,+201.005026698E-03
+210.032000E-06,+201.005026698E-03
+210.040000E-06,+201.005026698E-03
+210.048000E-06,+201.005026698E-03
+210.056000E-06,+201.005026698E-03
+210.064000E-06,+201.005026698E-03
+210.072000E-06,+402.010048487E-03
+210.080000E-06,+402.010053396E-03
+210.088000E-06,+201.005031608E-03
+210.096000E-06,+201.005026698E-03
+210.104000E-06,+201.005026698E-03
+210.112000E-06,+201.005026698E-03
+210.120000E-06,+402.010048485E-03
+210.128000E-06,+201.005031609E-03
+210.136000E-06,+201.005026698E-03
+210.144000E-06,+201.005026698E-03
+210.152000E-06,+201.005026698E-03
+210.160000E-06,+201.005026698E-03
+210.168000E-06,+201.005026698E-03
+210.176000E-06,+201.005026698E-03
+210.184000E-06,+201.005026698E-03
+210.192000E-06,+201.005026698E-03
+210.200000E-06,+201.005026698E-03
+210.208000E-06,+201.005026698E-03
+210.216000E-06,+201.005026698E-03
+210.224000E-06,+201.005026698E-03
+210.232000E-06,+201.005026698E-03
+210.240000E-06,+201.005026698E-03
+210.248000E-06,+201.005026698E-03
+210.256000E-06,+201.005026698E-03
+210.264000E-06,+201.005026698E-03
+210.272000E-06,+201.005026698E-03
+210.280000E-06,+201.005026698E-03
+210.288000E-06,+402.010048479E-03
+210.296000E-06,+201.005031615E-03
+210.304000E-06,+201.005026698E-03
+210.312000E-06,+201.005026698E-03
+210.320000E-06,+201.005026698E-03
+210.328000E-06,+201.005026698E-03
+210.336000E-06,+201.005026698E-03
+210.344000E-06,+201.005026698E-03
+210.352000E-06,+4.917E-09
+210.360000E-06,+201.005021781E-03
+210.368000E-06,+201.005026698E-03
+210.376000E-06,+201.005026698E-03
+210.384000E-06,+201.005026698E-03
+210.392000E-06,+201.005026698E-03
+210.400000E-06,+201.005026698E-03
+210.408000E-06,+201.005026698E-03
+210.416000E-06,+402.010048476E-03
+210.424000E-06,+201.005031618E-03
+210.432000E-06,+201.005026698E-03
+210.440000E-06,+201.005026698E-03
+210.448000E-06,+201.005026698E-03
+210.456000E-06,+201.005026698E-03
+210.464000E-06,+201.005026698E-03
+210.472000E-06,+201.005026698E-03
+210.480000E-06,+201.005026698E-03
+210.488000E-06,+201.005026698E-03
+210.496000E-06,+201.005026698E-03
+210.504000E-06,+201.005026698E-03
+210.512000E-06,+201.005026698E-03
+210.520000E-06,+402.010048473E-03
+210.528000E-06,+201.005031621E-03
+210.536000E-06,+201.005026698E-03
+210.544000E-06,+201.005026698E-03
+210.552000E-06,+201.005026698E-03
+210.560000E-06,+402.010048472E-03
+210.568000E-06,+201.005031622E-03
+210.576000E-06,+201.005026698E-03
+210.584000E-06,+201.005026698E-03
+210.592000E-06,+402.010048471E-03
+210.600000E-06,+201.005031624E-03
+210.608000E-06,+402.010048471E-03
+210.616000E-06,+402.010053396E-03
+210.624000E-06,+201.005031624E-03
+210.632000E-06,+201.005026698E-03
+210.640000E-06,+201.005026698E-03
+210.648000E-06,+201.005026698E-03
+210.656000E-06,+201.005026698E-03
+210.664000E-06,+201.005026698E-03
+210.672000E-06,+201.005026698E-03
+210.680000E-06,+201.005026698E-03
+210.688000E-06,+201.005026698E-03
+210.696000E-06,+201.005026698E-03
+210.704000E-06,+201.005026698E-03
+210.712000E-06,+402.010048468E-03
+210.720000E-06,+402.010053396E-03
+210.728000E-06,+402.010053396E-03
+210.736000E-06,+201.005031627E-03
+210.744000E-06,+201.005026698E-03
+210.752000E-06,+201.005026698E-03
+210.760000E-06,+201.005026698E-03
+210.768000E-06,+402.010048466E-03
+210.776000E-06,+201.005031630E-03
+210.784000E-06,+201.005026698E-03
+210.792000E-06,+201.005026698E-03
+210.800000E-06,+201.005026698E-03
+210.808000E-06,+201.005026698E-03
+210.816000E-06,+402.010048465E-03
+210.824000E-06,+201.005031630E-03
+210.832000E-06,+402.010048465E-03
+210.840000E-06,+201.005031630E-03
+210.848000E-06,+402.010048463E-03
+210.856000E-06,+201.005031631E-03
+210.864000E-06,+201.005026698E-03
+210.872000E-06,+402.010048462E-03
+210.880000E-06,+201.005031633E-03
+210.888000E-06,+201.005026698E-03
+210.896000E-06,+201.005026698E-03
+210.904000E-06,+201.005026698E-03
+210.912000E-06,+201.005026698E-03
+210.920000E-06,+201.005026698E-03
+210.928000E-06,+201.005026698E-03
+210.936000E-06,+402.010048462E-03
+210.944000E-06,+201.005031633E-03
+210.952000E-06,+201.005026698E-03
+210.960000E-06,+201.005026698E-03
+210.968000E-06,+402.010048460E-03
+210.976000E-06,+201.005031636E-03
+210.984000E-06,+201.005026698E-03
+210.992000E-06,+402.010048459E-03
+211.000000E-06,+402.010053396E-03
+211.008000E-06,+402.010053396E-03
+211.016000E-06,+201.005031636E-03
+211.024000E-06,+201.005026698E-03
+211.032000E-06,+201.005026698E-03
+211.040000E-06,+201.005026698E-03
+211.048000E-06,+201.005026698E-03
+211.056000E-06,+201.005026698E-03
+211.064000E-06,+402.010048457E-03
+211.072000E-06,+201.005031638E-03
+211.080000E-06,+201.005026698E-03
+211.088000E-06,+201.005026698E-03
+211.096000E-06,+201.005026698E-03
+211.104000E-06,+201.005026698E-03
+211.112000E-06,+402.010048456E-03
+211.120000E-06,+201.005031638E-03
+211.128000E-06,+201.005026698E-03
+211.136000E-06,+201.005026698E-03
+211.144000E-06,+201.005026698E-03
+211.152000E-06,+201.005026698E-03
+211.160000E-06,+201.005026698E-03
+211.168000E-06,+201.005026698E-03
+211.176000E-06,+402.010048453E-03
+211.184000E-06,+201.005031641E-03
+211.192000E-06,+201.005026698E-03
+211.200000E-06,+402.010048453E-03
+211.208000E-06,+201.005031641E-03
+211.216000E-06,+201.005026698E-03
+211.224000E-06,+402.010048453E-03
+211.232000E-06,+402.010053396E-03
+211.240000E-06,+201.005031643E-03
+211.248000E-06,+402.010048451E-03
+211.256000E-06,+201.005031643E-03
+211.264000E-06,+402.010048450E-03
+211.272000E-06,+201.005031644E-03
+211.280000E-06,+201.005026698E-03
+211.288000E-06,+402.010048450E-03
+211.296000E-06,+402.010053396E-03
+211.304000E-06,+201.005031644E-03
+211.312000E-06,+201.005026698E-03
+211.320000E-06,+402.010048450E-03
+211.328000E-06,+201.005031644E-03
+211.336000E-06,+201.005026698E-03
+211.344000E-06,+201.005026698E-03
+211.352000E-06,+201.005026698E-03
+211.360000E-06,+201.005026698E-03
+211.368000E-06,+201.005026698E-03
+211.376000E-06,+402.010048447E-03
+211.384000E-06,+201.005031647E-03
+211.392000E-06,+201.005026698E-03
+211.400000E-06,+201.005026698E-03
+211.408000E-06,+402.010048447E-03
+211.416000E-06,+201.005031647E-03
+211.424000E-06,+402.010048447E-03
+211.432000E-06,+201.005031649E-03
+211.440000E-06,+201.005026698E-03
+211.448000E-06,+201.005026698E-03
+211.456000E-06,+402.010048446E-03
+211.464000E-06,+201.005031650E-03
+211.472000E-06,+201.005026698E-03
+211.480000E-06,+201.005026698E-03
+211.488000E-06,+201.005026698E-03
+211.496000E-06,+201.005026698E-03
+211.504000E-06,+201.005026698E-03
+211.512000E-06,+201.005026698E-03
+211.520000E-06,+402.010048444E-03
+211.528000E-06,+201.005031650E-03
+211.536000E-06,+201.005026698E-03
+211.544000E-06,+201.005026698E-03
+211.552000E-06,+201.005026698E-03
+211.560000E-06,+201.005026698E-03
+211.568000E-06,+201.005026698E-03
+211.576000E-06,+201.005026698E-03
+211.584000E-06,+201.005026698E-03
+211.592000E-06,+201.005026698E-03
+211.600000E-06,+201.005026698E-03
+211.608000E-06,+201.005026698E-03
+211.616000E-06,+201.005026698E-03
+211.624000E-06,+402.010048441E-03
+211.632000E-06,+201.005031655E-03
+211.640000E-06,+402.010048440E-03
+211.648000E-06,+201.005031655E-03
+211.656000E-06,+402.010048438E-03
+211.664000E-06,+201.005031656E-03
+211.672000E-06,+201.005026698E-03
+211.680000E-06,+402.010048438E-03
+211.688000E-06,+201.005031656E-03
+211.696000E-06,+201.005026698E-03
+211.704000E-06,+201.005026698E-03
+211.712000E-06,+201.005026698E-03
+211.720000E-06,+201.005026698E-03
+211.728000E-06,+201.005026698E-03
+211.736000E-06,+201.005026698E-03
+211.744000E-06,+201.005026698E-03
+211.752000E-06,+201.005026698E-03
+211.760000E-06,+201.005026698E-03
+211.768000E-06,+201.005026698E-03
+211.776000E-06,+201.005026698E-03
+211.784000E-06,+201.005026698E-03
+211.792000E-06,+201.005026698E-03
+211.800000E-06,+201.005026698E-03
+211.808000E-06,+402.010048435E-03
+211.816000E-06,+201.005031659E-03
+211.824000E-06,+201.005026698E-03
+211.832000E-06,+201.005026698E-03
+211.840000E-06,+402.010048434E-03
+211.848000E-06,+201.005031662E-03
+211.856000E-06,+201.005026698E-03
+211.864000E-06,+402.010048432E-03
+211.872000E-06,+201.005031662E-03
+211.880000E-06,+402.010048432E-03
+211.888000E-06,+201.005031662E-03
+211.896000E-06,+201.005026698E-03
+211.904000E-06,+402.010048432E-03
+211.912000E-06,+402.010053396E-03
+211.920000E-06,+201.005031663E-03
+211.928000E-06,+201.005026698E-03
+211.936000E-06,+201.005026698E-03
+211.944000E-06,+201.005026698E-03
+211.952000E-06,+201.005026698E-03
+211.960000E-06,+402.010048430E-03
+211.968000E-06,+201.005031665E-03
+211.976000E-06,+201.005026698E-03
+211.984000E-06,+201.005026698E-03
+211.992000E-06,+201.005026698E-03
+212.000000E-06,+201.005026698E-03
+212.008000E-06,+402.010048430E-03
+212.016000E-06,+201.005031665E-03
+212.024000E-06,+201.005026698E-03
+212.032000E-06,+201.005026698E-03
+212.040000E-06,+201.005026698E-03
+212.048000E-06,+201.005026698E-03
+212.056000E-06,+201.005026698E-03
+212.064000E-06,+201.005026698E-03
+212.072000E-06,+201.005026698E-03
+212.080000E-06,+201.005026698E-03
+212.088000E-06,+201.005026698E-03
+212.096000E-06,+402.010048427E-03
+212.104000E-06,+201.005031668E-03
+212.112000E-06,+402.010048427E-03
+212.120000E-06,+201.005031669E-03
+212.128000E-06,+201.005026698E-03
+212.136000E-06,+201.005026698E-03
+212.144000E-06,+201.005026698E-03
+212.152000E-06,+402.010048424E-03
+212.160000E-06,+201.005031671E-03
+212.168000E-06,+402.010048424E-03
+212.176000E-06,+201.005031671E-03
+212.184000E-06,+201.005026698E-03
+212.192000E-06,+201.005026698E-03
+212.200000E-06,+201.005026698E-03
+212.208000E-06,+201.005026698E-03
+212.216000E-06,+201.005026698E-03
+212.224000E-06,+402.010048422E-03
+212.232000E-06,+201.005031672E-03
+212.240000E-06,+402.010048421E-03
+212.248000E-06,+201.005031674E-03
+212.256000E-06,+201.005026698E-03
+212.264000E-06,+201.005026698E-03
+212.272000E-06,+201.005026698E-03
+212.280000E-06,+201.005026698E-03
+212.288000E-06,+402.010048421E-03
+212.296000E-06,+402.010053396E-03
+212.304000E-06,+201.005031674E-03
+212.312000E-06,+201.005026698E-03
+212.320000E-06,+201.005026698E-03
+212.328000E-06,+201.005026698E-03
+212.336000E-06,+201.005026698E-03
+212.344000E-06,+201.005026698E-03
+212.352000E-06,+201.005026698E-03
+212.360000E-06,+201.005026698E-03
+212.368000E-06,+402.010048418E-03
+212.376000E-06,+201.005031676E-03
+212.384000E-06,+201.005026698E-03
+212.392000E-06,+201.005026698E-03
+212.400000E-06,+201.005026698E-03
+212.408000E-06,+201.005026698E-03
+212.416000E-06,+201.005026698E-03
+212.424000E-06,+201.005026698E-03
+212.432000E-06,+402.010048415E-03
+212.440000E-06,+201.005031679E-03
+212.448000E-06,+402.010048415E-03
+212.456000E-06,+201.005031679E-03
+212.464000E-06,+201.005026698E-03
+212.472000E-06,+201.005026698E-03
+212.480000E-06,+402.010048415E-03
+212.488000E-06,+201.005031679E-03
+212.496000E-06,+201.005026698E-03
+212.504000E-06,+402.010048413E-03
+212.512000E-06,+201.005031681E-03
+212.520000E-06,+201.005026698E-03
+212.528000E-06,+201.005026698E-03
+212.536000E-06,+201.005026698E-03
+212.544000E-06,+201.005026698E-03
+212.552000E-06,+201.005026698E-03
+212.560000E-06,+201.005026698E-03
+212.568000E-06,+201.005026698E-03
+212.576000E-06,+201.005026698E-03
+212.584000E-06,+201.005026698E-03
+212.592000E-06,+201.005026698E-03
+212.600000E-06,+201.005026698E-03
+212.608000E-06,+201.005026698E-03
+212.616000E-06,+402.010048411E-03
+212.624000E-06,+201.005031684E-03
+212.632000E-06,+201.005026698E-03
+212.640000E-06,+201.005026698E-03
+212.648000E-06,+201.005026698E-03
+212.656000E-06,+201.005026698E-03
+212.664000E-06,+201.005026698E-03
+212.672000E-06,+201.005026698E-03
+212.680000E-06,+201.005026698E-03
+212.688000E-06,+201.005026698E-03
+212.696000E-06,+201.005026698E-03
+212.704000E-06,+201.005026698E-03
+212.712000E-06,+201.005026698E-03
+212.720000E-06,+201.005026698E-03
+212.728000E-06,+201.005026698E-03
+212.736000E-06,+402.010048406E-03
+212.744000E-06,+402.010053396E-03
+212.752000E-06,+201.005031688E-03
+212.760000E-06,+402.010048406E-03
+212.768000E-06,+201.005031688E-03
+212.776000E-06,+201.005026698E-03
+212.784000E-06,+201.005026698E-03
+212.792000E-06,+402.010048406E-03
+212.800000E-06,+201.005031690E-03
+212.808000E-06,+201.005026698E-03
+212.816000E-06,+402.010048405E-03
+212.824000E-06,+402.010053396E-03
+212.832000E-06,+402.010053396E-03
+212.840000E-06,+201.005031691E-03
+212.848000E-06,+402.010048403E-03
+212.856000E-06,+201.005031691E-03
+212.864000E-06,+402.010048403E-03
+212.872000E-06,+201.005031691E-03
+212.880000E-06,+201.005026698E-03
+212.888000E-06,+201.005026698E-03
+212.896000E-06,+201.005026698E-03
+212.904000E-06,+402.010048402E-03
+212.912000E-06,+201.005031693E-03
+212.920000E-06,+201.005026698E-03
+212.928000E-06,+201.005026698E-03
+212.936000E-06,+201.005026698E-03
+212.944000E-06,+201.005026698E-03
+212.952000E-06,+402.010048400E-03
+212.960000E-06,+201.005031694E-03
+212.968000E-06,+402.010048400E-03
+212.976000E-06,+201.005031694E-03
+212.984000E-06,+402.010048400E-03
+212.992000E-06,+201.005031695E-03
+213.000000E-06,+201.005026698E-03
+213.008000E-06,+201.005026698E-03
+213.016000E-06,+201.005026698E-03
+213.024000E-06,+201.005026698E-03
+213.032000E-06,+402.010048397E-03
+213.040000E-06,+201.005031697E-03
+213.048000E-06,+201.005026698E-03
+213.056000E-06,+201.005026698E-03
+213.064000E-06,+402.010048397E-03
+213.072000E-06,+201.005031697E-03
+213.080000E-06,+201.005026698E-03
+213.088000E-06,+201.005026698E-03
+213.096000E-06,+201.005026698E-03
+213.104000E-06,+201.005026698E-03
+213.112000E-06,+201.005026698E-03
+213.120000E-06,+201.005026698E-03
+213.128000E-06,+201.005026698E-03
+213.136000E-06,+402.010048394E-03
+213.144000E-06,+402.010053396E-03
+213.152000E-06,+201.005031700E-03
+213.160000E-06,+402.010048394E-03
+213.168000E-06,+201.005031700E-03
+213.176000E-06,+201.005026698E-03
+213.184000E-06,+201.005026698E-03
+213.192000E-06,+201.005026698E-03
+213.200000E-06,+201.005026698E-03
+213.208000E-06,+201.005026698E-03
+213.216000E-06,+201.005026698E-03
+213.224000E-06,+201.005026698E-03
+213.232000E-06,+201.005026698E-03
+213.240000E-06,+201.005026698E-03
+213.248000E-06,+201.005026698E-03
+213.256000E-06,+402.010048392E-03
+213.264000E-06,+201.005031703E-03
+213.272000E-06,+201.005026698E-03
+213.280000E-06,+201.005026698E-03
+213.288000E-06,+201.005026698E-03
+213.296000E-06,+201.005026698E-03
+213.304000E-06,+201.005026698E-03
+213.312000E-06,+201.005026698E-03
+213.320000E-06,+402.010048389E-03
+213.328000E-06,+402.010053396E-03
+213.336000E-06,+201.005031706E-03
+213.344000E-06,+201.005026698E-03
+213.352000E-06,+201.005026698E-03
+213.360000E-06,+201.005026698E-03
+213.368000E-06,+402.010048389E-03
+213.376000E-06,+201.005031706E-03
+213.384000E-06,+201.005026698E-03
+213.392000E-06,+201.005026698E-03
+213.400000E-06,+402.010048387E-03
+213.408000E-06,+201.005031709E-03
+213.416000E-06,+201.005026698E-03
+213.424000E-06,+201.005026698E-03
+213.432000E-06,+201.005026698E-03
+213.440000E-06,+201.005026698E-03
+213.448000E-06,+402.010048386E-03
+213.456000E-06,+201.005031709E-03
+213.464000E-06,+201.005026698E-03
+213.472000E-06,+201.005026698E-03
+213.480000E-06,+201.005026698E-03
+213.488000E-06,+402.010048384E-03
+213.496000E-06,+201.005031710E-03
+213.504000E-06,+201.005026698E-03
+213.512000E-06,+201.005026698E-03
+213.520000E-06,+201.005026698E-03
+213.528000E-06,+201.005026698E-03
+213.536000E-06,+201.005026698E-03
+213.544000E-06,+201.005026698E-03
+213.552000E-06,+201.005026698E-03
+213.560000E-06,+402.010048383E-03
+213.568000E-06,+402.010053396E-03
+213.576000E-06,+201.005031713E-03
+213.584000E-06,+201.005026698E-03
+213.592000E-06,+201.005026698E-03
+213.600000E-06,+201.005026698E-03
+213.608000E-06,+201.005026698E-03
+213.616000E-06,+201.005026698E-03
+213.624000E-06,+201.005026698E-03
+213.632000E-06,+201.005026698E-03
+213.640000E-06,+201.005026698E-03
+213.648000E-06,+201.005026698E-03
+213.656000E-06,+201.005026698E-03
+213.664000E-06,+201.005026698E-03
+213.672000E-06,+201.005026698E-03
+213.680000E-06,+201.005026698E-03
+213.688000E-06,+201.005026698E-03
+213.696000E-06,+201.005026698E-03
+213.704000E-06,+402.010048377E-03
+213.712000E-06,+201.005031717E-03
+213.720000E-06,+201.005026698E-03
+213.728000E-06,+201.005026698E-03
+213.736000E-06,+201.005026698E-03
+213.744000E-06,+201.005026698E-03
+213.752000E-06,+201.005026698E-03
+213.760000E-06,+201.005026698E-03
+213.768000E-06,+201.005026698E-03
+213.776000E-06,+402.010048375E-03
+213.784000E-06,+402.010053396E-03
+213.792000E-06,+402.010053396E-03
+213.800000E-06,+201.005031720E-03
+213.808000E-06,+201.005026698E-03
+213.816000E-06,+201.005026698E-03
+213.824000E-06,+5.022E-09
+213.832000E-06,+201.005021676E-03
+213.840000E-06,+201.005026698E-03
+213.848000E-06,+201.005026698E-03
+213.856000E-06,+402.010048374E-03
+213.864000E-06,+201.005031720E-03
+213.872000E-06,+201.005026698E-03
+213.880000E-06,+201.005026698E-03
+213.888000E-06,+201.005026698E-03
+213.896000E-06,+201.005026698E-03
+213.904000E-06,+5.025E-09
+213.912000E-06,+201.005021673E-03
+213.920000E-06,+201.005026698E-03
+213.928000E-06,+201.005026698E-03
+213.936000E-06,+201.005026698E-03
+213.944000E-06,+402.010048371E-03
+213.952000E-06,+201.005031723E-03
+213.960000E-06,+201.005026698E-03
+213.968000E-06,+201.005026698E-03
+213.976000E-06,+201.005026698E-03
+213.984000E-06,+201.005026698E-03
+213.992000E-06,+201.005026698E-03
+214.000000E-06,+201.005026698E-03
+214.008000E-06,+201.005026698E-03
+214.016000E-06,+402.010048368E-03
+214.024000E-06,+201.005031726E-03
+214.032000E-06,+201.005026698E-03
+214.040000E-06,+201.005026698E-03
+214.048000E-06,+201.005026698E-03
+214.056000E-06,+402.010048368E-03
+214.064000E-06,+201.005031728E-03
+214.072000E-06,+201.005026698E-03
+214.080000E-06,+201.005026698E-03
+214.088000E-06,+201.005026698E-03
+214.096000E-06,+201.005026698E-03
+214.104000E-06,+201.005026698E-03
+214.112000E-06,+201.005026698E-03
+214.120000E-06,+201.005026698E-03
+214.128000E-06,+201.005026698E-03
+214.136000E-06,+201.005026698E-03
+214.144000E-06,+201.005026698E-03
+214.152000E-06,+201.005026698E-03
+214.160000E-06,+201.005026698E-03
+214.168000E-06,+201.005026698E-03
+214.176000E-06,+201.005026698E-03
+214.184000E-06,+201.005026698E-03
+214.192000E-06,+201.005026698E-03
+214.200000E-06,+201.005026698E-03
+214.208000E-06,+402.010048362E-03
+214.216000E-06,+201.005031732E-03
+214.224000E-06,+201.005026698E-03
+214.232000E-06,+201.005026698E-03
+214.240000E-06,+201.005026698E-03
+214.248000E-06,+201.005026698E-03
+214.256000E-06,+201.005026698E-03
+214.264000E-06,+201.005026698E-03
+214.272000E-06,+201.005026698E-03
+214.280000E-06,+201.005026698E-03
+214.288000E-06,+201.005026698E-03
+214.296000E-06,+201.005026698E-03
+214.304000E-06,+201.005026698E-03
+214.312000E-06,+201.005026698E-03
+214.320000E-06,+201.005026698E-03
+214.328000E-06,+201.005026698E-03
+214.336000E-06,+201.005026698E-03
+214.344000E-06,+201.005026698E-03
+214.352000E-06,+201.005026698E-03
+214.360000E-06,+201.005026698E-03
+214.368000E-06,+201.005026698E-03
+214.376000E-06,+201.005026698E-03
+214.384000E-06,+201.005026698E-03
+214.392000E-06,+201.005026698E-03
+214.400000E-06,+201.005026698E-03
+214.408000E-06,+201.005026698E-03
+214.416000E-06,+201.005026698E-03
+214.424000E-06,+402.010048356E-03
+214.432000E-06,+402.010053396E-03
+214.440000E-06,+201.005031738E-03
+214.448000E-06,+201.005026698E-03
+214.456000E-06,+201.005026698E-03
+214.464000E-06,+201.005026698E-03
+214.472000E-06,+201.005026698E-03
+214.480000E-06,+201.005026698E-03
+214.488000E-06,+201.005026698E-03
+214.496000E-06,+201.005026698E-03
+214.504000E-06,+201.005026698E-03
+214.512000E-06,+201.005026698E-03
+214.520000E-06,+201.005026698E-03
+214.528000E-06,+201.005026698E-03
+214.536000E-06,+201.005026698E-03
+214.544000E-06,+201.005026698E-03
+214.552000E-06,+201.005026698E-03
+214.560000E-06,+201.005026698E-03
+214.568000E-06,+402.010048352E-03
+214.576000E-06,+201.005031744E-03
+214.584000E-06,+201.005026698E-03
+214.592000E-06,+201.005026698E-03
+214.600000E-06,+201.005026698E-03
+214.608000E-06,+201.005026698E-03
+214.616000E-06,+201.005026698E-03
+214.624000E-06,+201.005026698E-03
+214.632000E-06,+201.005026698E-03
+214.640000E-06,+201.005026698E-03
+214.648000E-06,+201.005026698E-03
+214.656000E-06,+201.005026698E-03
+214.664000E-06,+201.005026698E-03
+214.672000E-06,+201.005026698E-03
+214.680000E-06,+201.005026698E-03
+214.688000E-06,+201.005026698E-03
+214.696000E-06,+201.005026698E-03
+214.704000E-06,+402.010048348E-03
+214.712000E-06,+201.005031747E-03
+214.720000E-06,+201.005026698E-03
+214.728000E-06,+201.005026698E-03
+214.736000E-06,+201.005026698E-03
+214.744000E-06,+402.010048346E-03
+214.752000E-06,+402.010053396E-03
+214.760000E-06,+201.005031748E-03
+214.768000E-06,+402.010048345E-03
+214.776000E-06,+201.005031750E-03
+214.784000E-06,+201.005026698E-03
+214.792000E-06,+201.005026698E-03
+214.800000E-06,+402.010048345E-03
+214.808000E-06,+201.005031750E-03
+214.816000E-06,+201.005026698E-03
+214.824000E-06,+201.005026698E-03
+214.832000E-06,+201.005026698E-03
+214.840000E-06,+201.005026698E-03
+214.848000E-06,+201.005026698E-03
+214.856000E-06,+201.005026698E-03
+214.864000E-06,+201.005026698E-03
+214.872000E-06,+201.005026698E-03
+214.880000E-06,+201.005026698E-03
+214.888000E-06,+201.005026698E-03
+214.896000E-06,+402.010048342E-03
+214.904000E-06,+201.005031753E-03
+214.912000E-06,+201.005026698E-03
+214.920000E-06,+402.010048342E-03
+214.928000E-06,+201.005031753E-03
+214.936000E-06,+201.005026698E-03
+214.944000E-06,+201.005026698E-03
+214.952000E-06,+201.005026698E-03
+214.960000E-06,+201.005026698E-03
+214.968000E-06,+201.005026698E-03
+214.976000E-06,+201.005026698E-03
+214.984000E-06,+201.005026698E-03
+214.992000E-06,+201.005026698E-03
+215.000000E-06,+201.005026698E-03
+215.008000E-06,+402.010048339E-03
+215.016000E-06,+201.005031755E-03
+215.024000E-06,+201.005026698E-03
+215.032000E-06,+201.005026698E-03
+215.040000E-06,+201.005026698E-03
+215.048000E-06,+201.005026698E-03
+215.056000E-06,+201.005026698E-03
+215.064000E-06,+201.005026698E-03
+215.072000E-06,+201.005026698E-03
+215.080000E-06,+201.005026698E-03
+215.088000E-06,+201.005026698E-03
+215.096000E-06,+402.010048336E-03
+215.104000E-06,+201.005031758E-03
+215.112000E-06,+201.005026698E-03
+215.120000E-06,+201.005026698E-03
+215.128000E-06,+201.005026698E-03
+215.136000E-06,+201.005026698E-03
+215.144000E-06,+201.005026698E-03
+215.152000E-06,+201.005026698E-03
+215.160000E-06,+201.005026698E-03
+215.168000E-06,+201.005026698E-03
+215.176000E-06,+201.005026698E-03
+215.184000E-06,+201.005026698E-03
+215.192000E-06,+201.005026698E-03
+215.200000E-06,+201.005026698E-03
+215.208000E-06,+201.005026698E-03
+215.216000E-06,+201.005026698E-03
+215.224000E-06,+402.010048333E-03
+215.232000E-06,+201.005031763E-03
+215.240000E-06,+201.005026698E-03
+215.248000E-06,+201.005026698E-03
+215.256000E-06,+402.010048330E-03
+215.264000E-06,+201.005031764E-03
+215.272000E-06,+201.005026698E-03
+215.280000E-06,+201.005026698E-03
+215.288000E-06,+201.005026698E-03
+215.296000E-06,+201.005026698E-03
+215.304000E-06,+201.005026698E-03
+215.312000E-06,+201.005026698E-03
+215.320000E-06,+402.010048330E-03
+215.328000E-06,+201.005031766E-03
+215.336000E-06,+201.005026698E-03
+215.344000E-06,+201.005026698E-03
+215.352000E-06,+201.005026698E-03
+215.360000E-06,+201.005026698E-03
+215.368000E-06,+402.010048327E-03
+215.376000E-06,+201.005031767E-03
+215.384000E-06,+201.005026698E-03
+215.392000E-06,+201.005026698E-03
+215.400000E-06,+201.005026698E-03
+215.408000E-06,+201.005026698E-03
+215.416000E-06,+201.005026698E-03
+215.424000E-06,+201.005026698E-03
+215.432000E-06,+201.005026698E-03
+215.440000E-06,+201.005026698E-03
+215.448000E-06,+201.005026698E-03
+215.456000E-06,+402.010048324E-03
+215.464000E-06,+201.005031770E-03
+215.472000E-06,+201.005026698E-03
+215.480000E-06,+201.005026698E-03
+215.488000E-06,+201.005026698E-03
+215.496000E-06,+201.005026698E-03
+215.504000E-06,+201.005026698E-03
+215.512000E-06,+201.005026698E-03
+215.520000E-06,+402.010048324E-03
+215.528000E-06,+201.005031772E-03
+215.536000E-06,+201.005026698E-03
+215.544000E-06,+201.005026698E-03
+215.552000E-06,+402.010048321E-03
+215.560000E-06,+201.005031773E-03
+215.568000E-06,+201.005026698E-03
+215.576000E-06,+201.005026698E-03
+215.584000E-06,+201.005026698E-03
+215.592000E-06,+201.005026698E-03
+215.600000E-06,+201.005026698E-03
+215.608000E-06,+402.010048321E-03
+215.616000E-06,+201.005031773E-03
+215.624000E-06,+201.005026698E-03
+215.632000E-06,+201.005026698E-03
+215.640000E-06,+201.005026698E-03
+215.648000E-06,+201.005026698E-03
+215.656000E-06,+201.005026698E-03
+215.664000E-06,+201.005026698E-03
+215.672000E-06,+201.005026698E-03
+215.680000E-06,+201.005026698E-03
+215.688000E-06,+201.005026698E-03
+215.696000E-06,+201.005026698E-03
+215.704000E-06,+201.005026698E-03
+215.712000E-06,+201.005026698E-03
+215.720000E-06,+201.005026698E-03
+215.728000E-06,+201.005026698E-03
+215.736000E-06,+201.005026698E-03
+215.744000E-06,+402.010048315E-03
+215.752000E-06,+201.005031779E-03
+215.760000E-06,+201.005026698E-03
+215.768000E-06,+201.005026698E-03
+215.776000E-06,+402.010048315E-03
+215.784000E-06,+402.010053396E-03
+215.792000E-06,+201.005031779E-03
+215.800000E-06,+201.005026698E-03
+215.808000E-06,+201.005026698E-03
+215.816000E-06,+201.005026698E-03
+215.824000E-06,+201.005026698E-03
+215.832000E-06,+402.010048314E-03
+215.840000E-06,+201.005031782E-03
+215.848000E-06,+201.005026698E-03
+215.856000E-06,+201.005026698E-03
+215.864000E-06,+201.005026698E-03
+215.872000E-06,+402.010048313E-03
+215.880000E-06,+201.005031782E-03
+215.888000E-06,+201.005026698E-03
+215.896000E-06,+201.005026698E-03
+215.904000E-06,+201.005026698E-03
+215.912000E-06,+201.005026698E-03
+215.920000E-06,+201.005026698E-03
+215.928000E-06,+201.005026698E-03
+215.936000E-06,+201.005026698E-03
+215.944000E-06,+201.005026698E-03
+215.952000E-06,+201.005026698E-03
+215.960000E-06,+201.005026698E-03
+215.968000E-06,+201.005026698E-03
+215.976000E-06,+201.005026698E-03
+215.984000E-06,+201.005026698E-03
+215.992000E-06,+201.005026698E-03
+216.000000E-06,+201.005026698E-03
+216.008000E-06,+201.005026698E-03
+216.016000E-06,+201.005026698E-03
+216.024000E-06,+402.010048308E-03
+216.032000E-06,+201.005031786E-03
+216.040000E-06,+201.005026698E-03
+216.048000E-06,+201.005026698E-03
+216.056000E-06,+201.005026698E-03
+216.064000E-06,+201.005026698E-03
+216.072000E-06,+201.005026698E-03
+216.080000E-06,+201.005026698E-03
+216.088000E-06,+201.005026698E-03
+216.096000E-06,+201.005026698E-03
+216.104000E-06,+201.005026698E-03
+216.112000E-06,+201.005026698E-03
+216.120000E-06,+201.005026698E-03
+216.128000E-06,+201.005026698E-03
+216.136000E-06,+201.005026698E-03
+216.144000E-06,+201.005026698E-03
+216.152000E-06,+201.005026698E-03
+216.160000E-06,+201.005026698E-03
+216.168000E-06,+201.005026698E-03
+216.176000E-06,+201.005026698E-03
+216.184000E-06,+201.005026698E-03
+216.192000E-06,+201.005026698E-03
+216.200000E-06,+201.005026698E-03
+216.208000E-06,+201.005026698E-03
+216.216000E-06,+201.005026698E-03
+216.224000E-06,+402.010048302E-03
+216.232000E-06,+201.005031793E-03
+216.240000E-06,+201.005026698E-03
+216.248000E-06,+201.005026698E-03
+216.256000E-06,+201.005026698E-03
+216.264000E-06,+201.005026698E-03
+216.272000E-06,+201.005026698E-03
+216.280000E-06,+201.005026698E-03
+216.288000E-06,+201.005026698E-03
+216.296000E-06,+201.005026698E-03
+216.304000E-06,+201.005026698E-03
+216.312000E-06,+201.005026698E-03
+216.320000E-06,+201.005026698E-03
+216.328000E-06,+201.005026698E-03
+216.336000E-06,+201.005026698E-03
+216.344000E-06,+201.005026698E-03
+216.352000E-06,+201.005026698E-03
+216.360000E-06,+201.005026698E-03
+216.368000E-06,+201.005026698E-03
+216.376000E-06,+201.005026698E-03
+216.384000E-06,+201.005026698E-03
+216.392000E-06,+201.005026698E-03
+216.400000E-06,+201.005026698E-03
+216.408000E-06,+201.005026698E-03
+216.416000E-06,+201.005026698E-03
+216.424000E-06,+402.010048295E-03
+216.432000E-06,+201.005031799E-03
+216.440000E-06,+201.005026698E-03
+216.448000E-06,+201.005026698E-03
+216.456000E-06,+201.005026698E-03
+216.464000E-06,+201.005026698E-03
+216.472000E-06,+201.005026698E-03
+216.480000E-06,+402.010048295E-03
+216.488000E-06,+201.005031799E-03
+216.496000E-06,+201.005026698E-03
+216.504000E-06,+201.005026698E-03
+216.512000E-06,+201.005026698E-03
+216.520000E-06,+201.005026698E-03
+216.528000E-06,+201.005026698E-03
+216.536000E-06,+201.005026698E-03
+216.544000E-06,+201.005026698E-03
+216.552000E-06,+201.005026698E-03
+216.560000E-06,+201.005026698E-03
+216.568000E-06,+201.005026698E-03
+216.576000E-06,+201.005026698E-03
+216.584000E-06,+201.005026698E-03
+216.592000E-06,+201.005026698E-03
+216.600000E-06,+201.005026698E-03
+216.608000E-06,+201.005026698E-03
+216.616000E-06,+201.005026698E-03
+216.624000E-06,+201.005026698E-03
+216.632000E-06,+201.005026698E-03
+216.640000E-06,+402.010048289E-03
+216.648000E-06,+201.005031805E-03
+216.656000E-06,+5.107E-09
+216.664000E-06,+201.005021591E-03
+216.672000E-06,+201.005026698E-03
+216.680000E-06,+201.005026698E-03
+216.688000E-06,+201.005026698E-03
+216.696000E-06,+201.005026698E-03
+216.704000E-06,+201.005026698E-03
+216.712000E-06,+201.005026698E-03
+216.720000E-06,+201.005026698E-03
+216.728000E-06,+201.005026698E-03
+216.736000E-06,+201.005026698E-03
+216.744000E-06,+201.005026698E-03
+216.752000E-06,+402.010048286E-03
+216.760000E-06,+201.005031808E-03
+216.768000E-06,+201.005026698E-03
+216.776000E-06,+201.005026698E-03
+216.784000E-06,+201.005026698E-03
+216.792000E-06,+402.010048285E-03
+216.800000E-06,+201.005031810E-03
+216.808000E-06,+201.005026698E-03
+216.816000E-06,+201.005026698E-03
+216.824000E-06,+201.005026698E-03
+216.832000E-06,+402.010048283E-03
+216.840000E-06,+402.010053396E-03
+216.848000E-06,+201.005031811E-03
+216.856000E-06,+201.005026698E-03
+216.864000E-06,+402.010048283E-03
+216.872000E-06,+201.005031811E-03
+216.880000E-06,+201.005026698E-03
+216.888000E-06,+201.005026698E-03
+216.896000E-06,+201.005026698E-03
+216.904000E-06,+201.005026698E-03
+216.912000E-06,+201.005026698E-03
+216.920000E-06,+201.005026698E-03
+216.928000E-06,+201.005026698E-03
+216.936000E-06,+201.005026698E-03
+216.944000E-06,+201.005026698E-03
+216.952000E-06,+201.005026698E-03
+216.960000E-06,+201.005026698E-03
+216.968000E-06,+201.005026698E-03
+216.976000E-06,+201.005026698E-03
+216.984000E-06,+201.005026698E-03
+216.992000E-06,+201.005026698E-03
+217.000000E-06,+201.005026698E-03
+217.008000E-06,+201.005026698E-03
+217.016000E-06,+201.005026698E-03
+217.024000E-06,+201.005026698E-03
+217.032000E-06,+201.005026698E-03
+217.040000E-06,+201.005026698E-03
+217.048000E-06,+402.010048277E-03
+217.056000E-06,+201.005031817E-03
+217.064000E-06,+201.005026698E-03
+217.072000E-06,+201.005026698E-03
+217.080000E-06,+201.005026698E-03
+217.088000E-06,+5.120E-09
+217.096000E-06,+201.005021578E-03
+217.104000E-06,+201.005026698E-03
+217.112000E-06,+402.010048275E-03
+217.120000E-06,+201.005031820E-03
+217.128000E-06,+201.005026698E-03
+217.136000E-06,+201.005026698E-03
+217.144000E-06,+201.005026698E-03
+217.152000E-06,+201.005026698E-03
+217.160000E-06,+201.005026698E-03
+217.168000E-06,+402.010048275E-03
+217.176000E-06,+402.010053396E-03
+217.184000E-06,+201.005031821E-03
+217.192000E-06,+201.005026698E-03
+217.200000E-06,+201.005026698E-03
+217.208000E-06,+201.005026698E-03
+217.216000E-06,+201.005026698E-03
+217.224000E-06,+201.005026698E-03
+217.232000E-06,+201.005026698E-03
+217.240000E-06,+201.005026698E-03
+217.248000E-06,+201.005026698E-03
+217.256000E-06,+201.005026698E-03
+217.264000E-06,+201.005026698E-03
+217.272000E-06,+201.005026698E-03
+217.280000E-06,+201.005026698E-03
+217.288000E-06,+201.005026698E-03
+217.296000E-06,+201.005026698E-03
+217.304000E-06,+201.005026698E-03
+217.312000E-06,+201.005026698E-03
+217.320000E-06,+201.005026698E-03
+217.328000E-06,+402.010048269E-03
+217.336000E-06,+201.005031826E-03
+217.344000E-06,+201.005026698E-03
+217.352000E-06,+402.010048269E-03
+217.360000E-06,+201.005031826E-03
+217.368000E-06,+201.005026698E-03
+217.376000E-06,+201.005026698E-03
+217.384000E-06,+201.005026698E-03
+217.392000E-06,+201.005026698E-03
+217.400000E-06,+201.005026698E-03
+217.408000E-06,+201.005026698E-03
+217.416000E-06,+201.005026698E-03
+217.424000E-06,+201.005026698E-03
+217.432000E-06,+201.005026698E-03
+217.440000E-06,+201.005026698E-03
+217.448000E-06,+201.005026698E-03
+217.456000E-06,+201.005026698E-03
+217.464000E-06,+201.005026698E-03
+217.472000E-06,+201.005026698E-03
+217.480000E-06,+201.005026698E-03
+217.488000E-06,+201.005026698E-03
+217.496000E-06,+201.005026698E-03
+217.504000E-06,+201.005026698E-03
+217.512000E-06,+201.005026698E-03
+217.520000E-06,+201.005026698E-03
+217.528000E-06,+201.005026698E-03
+217.536000E-06,+201.005026698E-03
+217.544000E-06,+201.005026698E-03
+217.552000E-06,+201.005026698E-03
+217.560000E-06,+201.005026698E-03
+217.568000E-06,+201.005026698E-03
+217.576000E-06,+201.005026698E-03
+217.584000E-06,+201.005026698E-03
+217.592000E-06,+201.005026698E-03
+217.600000E-06,+201.005026698E-03
+217.608000E-06,+201.005026698E-03
+217.616000E-06,+201.005026698E-03
+217.624000E-06,+201.005026698E-03
+217.632000E-06,+201.005026698E-03
+217.640000E-06,+402.010048260E-03
+217.648000E-06,+201.005031834E-03
+217.656000E-06,+201.005026698E-03
+217.664000E-06,+201.005026698E-03
+217.672000E-06,+402.010048258E-03
+217.680000E-06,+402.010053396E-03
+217.688000E-06,+201.005031836E-03
+217.696000E-06,+201.005026698E-03
+217.704000E-06,+201.005026698E-03
+217.712000E-06,+201.005026698E-03
+217.720000E-06,+5.139E-09
+217.728000E-06,+201.005021559E-03
+217.736000E-06,+201.005026698E-03
+217.744000E-06,+201.005026698E-03
+217.752000E-06,+201.005026698E-03
+217.760000E-06,+201.005026698E-03
+217.768000E-06,+201.005026698E-03
+217.776000E-06,+402.010048256E-03
+217.784000E-06,+201.005031839E-03
+217.792000E-06,+201.005026698E-03
+217.800000E-06,+402.010048254E-03
+217.808000E-06,+402.010053396E-03
+217.816000E-06,+201.005031840E-03
+217.824000E-06,+201.005026698E-03
+217.832000E-06,+201.005026698E-03
+217.840000E-06,+201.005026698E-03
+217.848000E-06,+201.005026698E-03
+217.856000E-06,+201.005026698E-03
+217.864000E-06,+201.005026698E-03
+217.872000E-06,+201.005026698E-03
+217.880000E-06,+201.005026698E-03
+217.888000E-06,+201.005026698E-03
+217.896000E-06,+201.005026698E-03
+217.904000E-06,+201.005026698E-03
+217.912000E-06,+201.005026698E-03
+217.920000E-06,+201.005026698E-03
+217.928000E-06,+201.005026698E-03
+217.936000E-06,+201.005026698E-03
+217.944000E-06,+201.005026698E-03
+217.952000E-06,+201.005026698E-03
+217.960000E-06,+201.005026698E-03
+217.968000E-06,+402.010048250E-03
+217.976000E-06,+201.005031845E-03
+217.984000E-06,+201.005026698E-03
+217.992000E-06,+201.005026698E-03
+218.000000E-06,+201.005026698E-03
+218.008000E-06,+201.005026698E-03
+218.016000E-06,+201.005026698E-03
+218.024000E-06,+201.005026698E-03
+218.032000E-06,+201.005026698E-03
+218.040000E-06,+201.005026698E-03
+218.048000E-06,+201.005026698E-03
+218.056000E-06,+201.005026698E-03
+218.064000E-06,+201.005026698E-03
+218.072000E-06,+201.005026698E-03
+218.080000E-06,+201.005026698E-03
+218.088000E-06,+201.005026698E-03
+218.096000E-06,+402.010048245E-03
+218.104000E-06,+201.005031849E-03
+218.112000E-06,+201.005026698E-03
+218.120000E-06,+201.005026698E-03
+218.128000E-06,+402.010048245E-03
+218.136000E-06,+402.010053396E-03
+218.144000E-06,+201.005031849E-03
+218.152000E-06,+201.005026698E-03
+218.160000E-06,+201.005026698E-03
+218.168000E-06,+402.010048244E-03
+218.176000E-06,+201.005031851E-03
+218.184000E-06,+201.005026698E-03
+218.192000E-06,+201.005026698E-03
+218.200000E-06,+201.005026698E-03
+218.208000E-06,+201.005026698E-03
+218.216000E-06,+201.005026698E-03
+218.224000E-06,+201.005026698E-03
+218.232000E-06,+201.005026698E-03
+218.240000E-06,+402.010048242E-03
+218.248000E-06,+201.005031852E-03
+218.256000E-06,+402.010048241E-03
+218.264000E-06,+201.005031853E-03
+218.272000E-06,+201.005026698E-03
+218.280000E-06,+201.005026698E-03
+218.288000E-06,+5.157E-09
+218.296000E-06,+402.010043083E-03
+218.304000E-06,+402.010053396E-03
+218.312000E-06,+201.005031855E-03
+218.320000E-06,+201.005026698E-03
+218.328000E-06,+201.005026698E-03
+218.336000E-06,+201.005026698E-03
+218.344000E-06,+201.005026698E-03
+218.352000E-06,+201.005026698E-03
+218.360000E-06,+201.005026698E-03
+218.368000E-06,+201.005026698E-03
+218.376000E-06,+201.005026698E-03
+218.384000E-06,+201.005026698E-03
+218.392000E-06,+201.005026698E-03
+218.400000E-06,+201.005026698E-03
+218.408000E-06,+201.005026698E-03
+218.416000E-06,+201.005026698E-03
+218.424000E-06,+201.005026698E-03
+218.432000E-06,+201.005026698E-03
+218.440000E-06,+201.005026698E-03
+218.448000E-06,+402.010048235E-03
+218.456000E-06,+201.005031859E-03
+218.464000E-06,+201.005026698E-03
+218.472000E-06,+201.005026698E-03
+218.480000E-06,+201.005026698E-03
+218.488000E-06,+201.005026698E-03
+218.496000E-06,+402.010048234E-03
+218.504000E-06,+201.005031861E-03
+218.512000E-06,+201.005026698E-03
+218.520000E-06,+201.005026698E-03
+218.528000E-06,+201.005026698E-03
+218.536000E-06,+201.005026698E-03
+218.544000E-06,+201.005026698E-03
+218.552000E-06,+201.005026698E-03
+218.560000E-06,+402.010048232E-03
+218.568000E-06,+201.005031864E-03
+218.576000E-06,+402.010048231E-03
+218.584000E-06,+201.005031864E-03
+218.592000E-06,+201.005026698E-03
+218.600000E-06,+201.005026698E-03
+218.608000E-06,+201.005026698E-03
+218.616000E-06,+201.005026698E-03
+218.624000E-06,+201.005026698E-03
+218.632000E-06,+201.005026698E-03
+218.640000E-06,+201.005026698E-03
+218.648000E-06,+201.005026698E-03
+218.656000E-06,+201.005026698E-03
+218.664000E-06,+402.010048228E-03
+218.672000E-06,+201.005031867E-03
+218.680000E-06,+402.010048228E-03
+218.688000E-06,+201.005031867E-03
+218.696000E-06,+201.005026698E-03
+218.704000E-06,+201.005026698E-03
+218.712000E-06,+201.005026698E-03
+218.720000E-06,+201.005026698E-03
+218.728000E-06,+201.005026698E-03
+218.736000E-06,+402.010048228E-03
+218.744000E-06,+201.005031868E-03
+218.752000E-06,+201.005026698E-03
+218.760000E-06,+201.005026698E-03
+218.768000E-06,+402.010048225E-03
+218.776000E-06,+201.005031870E-03
+218.784000E-06,+402.010048225E-03
+218.792000E-06,+201.005031870E-03
+218.800000E-06,+201.005026698E-03
+218.808000E-06,+201.005026698E-03
+218.816000E-06,+402.010048225E-03
+218.824000E-06,+201.005031870E-03
+218.832000E-06,+402.010048225E-03
+218.840000E-06,+201.005031871E-03
+218.848000E-06,+402.010048223E-03
+218.856000E-06,+402.010053396E-03
+218.864000E-06,+201.005031872E-03
+218.872000E-06,+201.005026698E-03
+218.880000E-06,+201.005026698E-03
+218.888000E-06,+201.005026698E-03
+218.896000E-06,+201.005026698E-03
+218.904000E-06,+201.005026698E-03
+218.912000E-06,+201.005026698E-03
+218.920000E-06,+402.010048222E-03
+218.928000E-06,+201.005031872E-03
+218.936000E-06,+201.005026698E-03
+218.944000E-06,+201.005026698E-03
+218.952000E-06,+402.010048220E-03
+218.960000E-06,+402.010053396E-03
+218.968000E-06,+201.005031875E-03
+218.976000E-06,+201.005026698E-03
+218.984000E-06,+201.005026698E-03
+218.992000E-06,+201.005026698E-03
+219.000000E-06,+201.005026698E-03
+219.008000E-06,+402.010048219E-03
+219.016000E-06,+201.005031875E-03
+219.024000E-06,+201.005026698E-03
+219.032000E-06,+201.005026698E-03
+219.040000E-06,+402.010048217E-03
+219.048000E-06,+201.005031877E-03
+219.056000E-06,+402.010048216E-03
+219.064000E-06,+201.005031878E-03
+219.072000E-06,+201.005026698E-03
+219.080000E-06,+402.010048216E-03
+219.088000E-06,+201.005031878E-03
+219.096000E-06,+201.005026698E-03
+219.104000E-06,+201.005026698E-03
+219.112000E-06,+402.010048216E-03
+219.120000E-06,+201.005031878E-03
+219.128000E-06,+201.005026698E-03
+219.136000E-06,+201.005026698E-03
+219.144000E-06,+402.010048215E-03
+219.152000E-06,+402.010053396E-03
+219.160000E-06,+402.010053396E-03
+219.168000E-06,+201.005031881E-03
+219.176000E-06,+402.010048213E-03
+219.184000E-06,+201.005031881E-03
+219.192000E-06,+402.010048213E-03
+219.200000E-06,+402.010053396E-03
+219.208000E-06,+201.005031881E-03
+219.216000E-06,+201.005026698E-03
+219.224000E-06,+201.005026698E-03
+219.232000E-06,+201.005026698E-03
+219.240000E-06,+201.005026698E-03
+219.248000E-06,+201.005026698E-03
+219.256000E-06,+201.005026698E-03
+219.264000E-06,+201.005026698E-03
+219.272000E-06,+402.010048210E-03
+219.280000E-06,+402.010053396E-03
+219.288000E-06,+201.005031884E-03
+219.296000E-06,+201.005026698E-03
+219.304000E-06,+201.005026698E-03
+219.312000E-06,+201.005026698E-03
+219.320000E-06,+201.005026698E-03
+219.328000E-06,+201.005026698E-03
+219.336000E-06,+201.005026698E-03
+219.344000E-06,+402.010048209E-03
+219.352000E-06,+201.005031887E-03
+219.360000E-06,+201.005026698E-03
+219.368000E-06,+201.005026698E-03
+219.376000E-06,+201.005026698E-03
+219.384000E-06,+402.010048207E-03
+219.392000E-06,+201.005031887E-03
+219.400000E-06,+402.010048207E-03
+219.408000E-06,+402.010053396E-03
+219.416000E-06,+402.010053396E-03
+219.424000E-06,+201.005031889E-03
+219.432000E-06,+402.010048206E-03
+219.440000E-06,+201.005031889E-03
+219.448000E-06,+201.005026698E-03
+219.456000E-06,+201.005026698E-03
+219.464000E-06,+201.005026698E-03
+219.472000E-06,+402.010048204E-03
+219.480000E-06,+201.005031890E-03
+219.488000E-06,+201.005026698E-03
+219.496000E-06,+201.005026698E-03
+219.504000E-06,+201.005026698E-03
+219.512000E-06,+402.010048204E-03
+219.520000E-06,+201.005031891E-03
+219.528000E-06,+201.005026698E-03
+219.536000E-06,+201.005026698E-03
+219.544000E-06,+402.010048201E-03
+219.552000E-06,+201.005031893E-03
+219.560000E-06,+201.005026698E-03
+219.568000E-06,+201.005026698E-03
+219.576000E-06,+201.005026698E-03
+219.584000E-06,+201.005026698E-03
+219.592000E-06,+201.005026698E-03
+219.600000E-06,+201.005026698E-03
+219.608000E-06,+201.005026698E-03
+219.616000E-06,+402.010048200E-03
+219.624000E-06,+201.005031894E-03
+219.632000E-06,+201.005026698E-03
+219.640000E-06,+402.010048198E-03
+219.648000E-06,+201.005031896E-03
+219.656000E-06,+201.005026698E-03
+219.664000E-06,+201.005026698E-03
+219.672000E-06,+402.010048198E-03
+219.680000E-06,+201.005031896E-03
+219.688000E-06,+402.010048198E-03
+219.696000E-06,+201.005031896E-03
+219.704000E-06,+201.005026698E-03
+219.712000E-06,+201.005026698E-03
+219.720000E-06,+201.005026698E-03
+219.728000E-06,+402.010048197E-03
+219.736000E-06,+201.005031899E-03
+219.744000E-06,+201.005026698E-03
+219.752000E-06,+402.010048196E-03
+219.760000E-06,+201.005031899E-03
+219.768000E-06,+402.010048196E-03
+219.776000E-06,+402.010053396E-03
+219.784000E-06,+201.005031899E-03
+219.792000E-06,+201.005026698E-03
+219.800000E-06,+402.010048196E-03
+219.808000E-06,+402.010053396E-03
+219.816000E-06,+402.010053396E-03
+219.824000E-06,+201.005031900E-03
+219.832000E-06,+201.005026698E-03
+219.840000E-06,+402.010048193E-03
+219.848000E-06,+201.005031902E-03
+219.856000E-06,+402.010048193E-03
+219.864000E-06,+402.010053396E-03
+219.872000E-06,+201.005031902E-03
+219.880000E-06,+201.005026698E-03
+219.888000E-06,+201.005026698E-03
+219.896000E-06,+402.010048193E-03
+219.904000E-06,+402.010053396E-03
+219.912000E-06,+201.005031903E-03
+219.920000E-06,+201.005026698E-03
+219.928000E-06,+402.010048191E-03
+219.936000E-06,+201.005031905E-03
+219.944000E-06,+402.010048190E-03
+219.952000E-06,+402.010053396E-03
+219.960000E-06,+402.010053396E-03
+219.968000E-06,+201.005031905E-03
+219.976000E-06,+402.010048190E-03
+219.984000E-06,+201.005031905E-03
+219.992000E-06,+201.005026698E-03
+220.000000E-06,+402.010048190E-03
+220.008000E-06,+402.010053396E-03
+220.016000E-06,+201.005031906E-03
+220.024000E-06,+402.010048188E-03
+220.032000E-06,+201.005031908E-03
+220.040000E-06,+402.010048187E-03
+220.048000E-06,+402.010053396E-03
+220.056000E-06,+201.005031908E-03
+220.064000E-06,+201.005026698E-03
+220.072000E-06,+402.010048187E-03
+220.080000E-06,+402.010053396E-03
+220.088000E-06,+402.010053396E-03
+220.096000E-06,+402.010053396E-03
+220.104000E-06,+201.005031909E-03
+220.112000E-06,+201.005026698E-03
+220.120000E-06,+402.010048185E-03
+220.128000E-06,+201.005031910E-03
+220.136000E-06,+402.010048184E-03
+220.144000E-06,+402.010053396E-03
+220.152000E-06,+201.005031910E-03
+220.160000E-06,+201.005026698E-03
+220.168000E-06,+201.005026698E-03
+220.176000E-06,+402.010048184E-03
+220.184000E-06,+201.005031910E-03
+220.192000E-06,+402.010048184E-03
+220.200000E-06,+402.010053396E-03
+220.208000E-06,+201.005031912E-03
+220.216000E-06,+402.010048182E-03
+220.224000E-06,+402.010053396E-03
+220.232000E-06,+402.010053396E-03
+220.240000E-06,+201.005031913E-03
+220.248000E-06,+402.010048181E-03
+220.256000E-06,+201.005031913E-03
+220.264000E-06,+402.010048181E-03
+220.272000E-06,+402.010053396E-03
+220.280000E-06,+402.010053396E-03
+220.288000E-06,+402.010053396E-03
+220.296000E-06,+402.010053396E-03
+220.304000E-06,+201.005031915E-03
+220.312000E-06,+201.005026698E-03
+220.320000E-06,+402.010048178E-03
+220.328000E-06,+402.010053396E-03
+220.336000E-06,+201.005031916E-03
+220.344000E-06,+402.010048178E-03
+220.352000E-06,+402.010053396E-03
+220.360000E-06,+402.010053396E-03
+220.368000E-06,+201.005031916E-03
+220.376000E-06,+402.010048178E-03
+220.384000E-06,+402.010053396E-03
+220.392000E-06,+201.005031916E-03
+220.400000E-06,+201.005026698E-03
+220.408000E-06,+201.005026698E-03
+220.416000E-06,+402.010048177E-03
+220.424000E-06,+201.005031919E-03
+220.432000E-06,+201.005026698E-03
+220.440000E-06,+402.010048175E-03
+220.448000E-06,+201.005031919E-03
+220.456000E-06,+402.010048175E-03
+220.464000E-06,+402.010053396E-03
+220.472000E-06,+402.010053396E-03
+220.480000E-06,+402.010053396E-03
+220.488000E-06,+402.010053396E-03
+220.496000E-06,+402.010053396E-03
+220.504000E-06,+201.005031921E-03
+220.512000E-06,+201.005026698E-03
+220.520000E-06,+402.010048172E-03
+220.528000E-06,+402.010053396E-03
+220.536000E-06,+402.010053396E-03
+220.544000E-06,+201.005031922E-03
+220.552000E-06,+402.010048172E-03
+220.560000E-06,+201.005031922E-03
+220.568000E-06,+201.005026698E-03
+220.576000E-06,+402.010048172E-03
+220.584000E-06,+201.005031922E-03
+220.592000E-06,+402.010048171E-03
+220.600000E-06,+402.010053396E-03
+220.608000E-06,+402.010053396E-03
+220.616000E-06,+402.010053396E-03
+220.624000E-06,+402.010053396E-03
+220.632000E-06,+402.010053396E-03
+220.640000E-06,+402.010053396E-03
+220.648000E-06,+402.010053396E-03
+220.656000E-06,+402.010053396E-03
+220.664000E-06,+402.010053396E-03
+220.672000E-06,+402.010053396E-03
+220.680000E-06,+402.010053396E-03
+220.688000E-06,+201.005031927E-03
+220.696000E-06,+402.010048168E-03
+220.704000E-06,+402.010053396E-03
+220.712000E-06,+201.005031928E-03
+220.720000E-06,+201.005026698E-03
+220.728000E-06,+402.010048166E-03
+220.736000E-06,+201.005031928E-03
+220.744000E-06,+402.010048166E-03
+220.752000E-06,+402.010053396E-03
+220.760000E-06,+201.005031928E-03
+220.768000E-06,+402.010048166E-03
+220.776000E-06,+402.010053396E-03
+220.784000E-06,+402.010053396E-03
+220.792000E-06,+402.010053396E-03
+220.800000E-06,+201.005031929E-03
+220.808000E-06,+201.005026698E-03
+220.816000E-06,+402.010048163E-03
+220.824000E-06,+402.010053396E-03
+220.832000E-06,+402.010053396E-03
+220.840000E-06,+402.010053396E-03
+220.848000E-06,+402.010053396E-03
+220.856000E-06,+402.010053396E-03
+220.864000E-06,+201.005031931E-03
+220.872000E-06,+201.005026698E-03
+220.880000E-06,+402.010048162E-03
+220.888000E-06,+402.010053396E-03
+220.896000E-06,+402.010053396E-03
+220.904000E-06,+402.010053396E-03
+220.912000E-06,+402.010053396E-03
+220.920000E-06,+402.010053396E-03
+220.928000E-06,+402.010053396E-03
+220.936000E-06,+402.010053396E-03
+220.944000E-06,+201.005031934E-03
+220.952000E-06,+402.010048160E-03
+220.960000E-06,+402.010053396E-03
+220.968000E-06,+402.010053396E-03
+220.976000E-06,+402.010053396E-03
+220.984000E-06,+402.010053396E-03
+220.992000E-06,+402.010053396E-03
+221.000000E-06,+201.005031935E-03
+221.008000E-06,+402.010048158E-03
+221.016000E-06,+402.010053396E-03
+221.024000E-06,+201.005031937E-03
+221.032000E-06,+402.010048158E-03
+221.040000E-06,+201.005031937E-03
+221.048000E-06,+201.005026698E-03
+221.056000E-06,+402.010048158E-03
+221.064000E-06,+402.010053396E-03
+221.072000E-06,+402.010053396E-03
+221.080000E-06,+201.005031938E-03
+221.088000E-06,+402.010048156E-03
+221.096000E-06,+402.010053396E-03
+221.104000E-06,+402.010053396E-03
+221.112000E-06,+402.010053396E-03
+221.120000E-06,+201.005031940E-03
+221.128000E-06,+402.010048155E-03
+221.136000E-06,+402.010053396E-03
+221.144000E-06,+402.010053396E-03
+221.152000E-06,+402.010053396E-03
+221.160000E-06,+402.010053396E-03
+221.168000E-06,+402.010053396E-03
+221.176000E-06,+201.005031941E-03
+221.184000E-06,+402.010048153E-03
+221.192000E-06,+201.005031941E-03
+221.200000E-06,+201.005026698E-03
+221.208000E-06,+402.010048152E-03
+221.216000E-06,+402.010053396E-03
+221.224000E-06,+201.005031943E-03
+221.232000E-06,+402.010048152E-03
+221.240000E-06,+402.010053396E-03
+221.248000E-06,+402.010053396E-03
+221.256000E-06,+201.005031943E-03
+221.264000E-06,+402.010048152E-03
+221.272000E-06,+402.010053396E-03
+221.280000E-06,+402.010053396E-03
+221.288000E-06,+201.005031944E-03
+221.296000E-06,+402.010048149E-03
+221.304000E-06,+402.010053396E-03
+221.312000E-06,+402.010053396E-03
+221.320000E-06,+402.010053396E-03
+221.328000E-06,+402.010053396E-03
+221.336000E-06,+402.010053396E-03
+221.344000E-06,+402.010053396E-03
+221.352000E-06,+201.005031946E-03
+221.360000E-06,+402.010048149E-03
+221.368000E-06,+402.010053396E-03
+221.376000E-06,+402.010053396E-03
+221.384000E-06,+402.010053396E-03
+221.392000E-06,+402.010053396E-03
+221.400000E-06,+402.010053396E-03
+221.408000E-06,+402.010053396E-03
+221.416000E-06,+402.010053396E-03
+221.424000E-06,+201.005031949E-03
+221.432000E-06,+201.005026698E-03
+221.440000E-06,+402.010048146E-03
+221.448000E-06,+402.010053396E-03
+221.456000E-06,+402.010053396E-03
+221.464000E-06,+402.010053396E-03
+221.472000E-06,+402.010053396E-03
+221.480000E-06,+402.010053396E-03
+221.488000E-06,+402.010053396E-03
+221.496000E-06,+402.010053396E-03
+221.504000E-06,+402.010053396E-03
+221.512000E-06,+402.010053396E-03
+221.520000E-06,+402.010053396E-03
+221.528000E-06,+402.010053396E-03
+221.536000E-06,+402.010053396E-03
+221.544000E-06,+402.010053396E-03
+221.552000E-06,+402.010053396E-03
+221.560000E-06,+201.005031951E-03
+221.568000E-06,+402.010048141E-03
+221.576000E-06,+402.010053396E-03
+221.584000E-06,+402.010053396E-03
+221.592000E-06,+402.010053396E-03
+221.600000E-06,+201.005031954E-03
+221.608000E-06,+402.010048140E-03
+221.616000E-06,+201.005031954E-03
+221.624000E-06,+402.010048140E-03
+221.632000E-06,+402.010053396E-03
+221.640000E-06,+402.010053396E-03
+221.648000E-06,+402.010053396E-03
+221.656000E-06,+402.010053396E-03
+221.664000E-06,+201.005031956E-03
+221.672000E-06,+402.010048139E-03
+221.680000E-06,+402.010053396E-03
+221.688000E-06,+402.010053396E-03
+221.696000E-06,+402.010053396E-03
+221.704000E-06,+201.005031957E-03
+221.712000E-06,+402.010048137E-03
+221.720000E-06,+402.010053396E-03
+221.728000E-06,+402.010053396E-03
+221.736000E-06,+402.010053396E-03
+221.744000E-06,+402.010053396E-03
+221.752000E-06,+402.010053396E-03
+221.760000E-06,+402.010053396E-03
+221.768000E-06,+402.010053396E-03
+221.776000E-06,+201.005031959E-03
+221.784000E-06,+402.010048134E-03
+221.792000E-06,+603.015074832E-03
+221.800000E-06,+402.010058658E-03
+221.808000E-06,+402.010053396E-03
+221.816000E-06,+402.010053396E-03
+221.824000E-06,+201.005031960E-03
+221.832000E-06,+603.015069570E-03
+221.840000E-06,+402.010058658E-03
+221.848000E-06,+402.010053396E-03
+221.856000E-06,+402.010053396E-03
+221.864000E-06,+402.010053396E-03
+221.872000E-06,+402.010053396E-03
+221.880000E-06,+402.010053396E-03
+221.888000E-06,+402.010053396E-03
+221.896000E-06,+402.010053396E-03
+221.904000E-06,+402.010053396E-03
+221.912000E-06,+402.010053396E-03
+221.920000E-06,+201.005031963E-03
+221.928000E-06,+402.010048131E-03
+221.936000E-06,+402.010053396E-03
+221.944000E-06,+402.010053396E-03
+221.952000E-06,+402.010053396E-03
+221.960000E-06,+402.010053396E-03
+221.968000E-06,+402.010053396E-03
+221.976000E-06,+402.010053396E-03
+221.984000E-06,+402.010053396E-03
+221.992000E-06,+402.010053396E-03
+222.000000E-06,+402.010053396E-03
+222.008000E-06,+402.010053396E-03
+222.016000E-06,+201.005031966E-03
+222.024000E-06,+201.005026698E-03
+222.032000E-06,+402.010048128E-03
+222.040000E-06,+402.010053396E-03
+222.048000E-06,+402.010053396E-03
+222.056000E-06,+402.010053396E-03
+222.064000E-06,+402.010053396E-03
+222.072000E-06,+402.010053396E-03
+222.080000E-06,+402.010053396E-03
+222.088000E-06,+402.010053396E-03
+222.096000E-06,+402.010053396E-03
+222.104000E-06,+402.010053396E-03
+222.112000E-06,+402.010053396E-03
+222.120000E-06,+402.010053396E-03
+222.128000E-06,+402.010053396E-03
+222.136000E-06,+402.010053396E-03
+222.144000E-06,+402.010053396E-03
+222.152000E-06,+402.010053396E-03
+222.160000E-06,+402.010053396E-03
+222.168000E-06,+402.010053396E-03
+222.176000E-06,+402.010053396E-03
+222.184000E-06,+402.010053396E-03
+222.192000E-06,+201.005031972E-03
+222.200000E-06,+402.010048122E-03
+222.208000E-06,+402.010053396E-03
+222.216000E-06,+402.010053396E-03
+222.224000E-06,+402.010053396E-03
+222.232000E-06,+402.010053396E-03
+222.240000E-06,+603.015074821E-03
+222.248000E-06,+402.010058671E-03
+222.256000E-06,+402.010053396E-03
+222.264000E-06,+402.010053396E-03
+222.272000E-06,+402.010053396E-03
+222.280000E-06,+402.010053396E-03
+222.288000E-06,+402.010053396E-03
+222.296000E-06,+402.010053396E-03
+222.304000E-06,+402.010053396E-03
+222.312000E-06,+402.010053396E-03
+222.320000E-06,+402.010053396E-03
+222.328000E-06,+402.010053396E-03
+222.336000E-06,+402.010053396E-03
+222.344000E-06,+402.010053396E-03
+222.352000E-06,+402.010053396E-03
+222.360000E-06,+402.010053396E-03
+222.368000E-06,+402.010053396E-03
+222.376000E-06,+402.010053396E-03
+222.384000E-06,+402.010053396E-03
+222.392000E-06,+402.010053396E-03
+222.400000E-06,+402.010053396E-03
+222.408000E-06,+402.010053396E-03
+222.416000E-06,+402.010053396E-03
+222.424000E-06,+402.010053396E-03
+222.432000E-06,+402.010053396E-03
+222.440000E-06,+402.010053396E-03
+222.448000E-06,+603.015074813E-03
+222.456000E-06,+402.010058677E-03
+222.464000E-06,+402.010053396E-03
+222.472000E-06,+402.010053396E-03
+222.480000E-06,+402.010053396E-03
+222.488000E-06,+402.010053396E-03
+222.496000E-06,+402.010053396E-03
+222.504000E-06,+402.010053396E-03
+222.512000E-06,+402.010053396E-03
+222.520000E-06,+402.010053396E-03
+222.528000E-06,+402.010053396E-03
+222.536000E-06,+402.010053396E-03
+222.544000E-06,+402.010053396E-03
+222.552000E-06,+402.010053396E-03
+222.560000E-06,+603.015074809E-03
+222.568000E-06,+402.010058682E-03
+222.576000E-06,+402.010053396E-03
+222.584000E-06,+402.010053396E-03
+222.592000E-06,+402.010053396E-03
+222.600000E-06,+402.010053396E-03
+222.608000E-06,+402.010053396E-03
+222.616000E-06,+402.010053396E-03
+222.624000E-06,+402.010053396E-03
+222.632000E-06,+402.010053396E-03
+222.640000E-06,+402.010053396E-03
+222.648000E-06,+603.015074807E-03
+222.656000E-06,+402.010058683E-03
+222.664000E-06,+402.010053396E-03
+222.672000E-06,+402.010053396E-03
+222.680000E-06,+402.010053396E-03
+222.688000E-06,+603.015074806E-03
+222.696000E-06,+402.010058685E-03
+222.704000E-06,+603.015074806E-03
+222.712000E-06,+402.010058685E-03
+222.720000E-06,+402.010053396E-03
+222.728000E-06,+402.010053396E-03
+222.736000E-06,+402.010053396E-03
+222.744000E-06,+603.015074804E-03
+222.752000E-06,+402.010058686E-03
+222.760000E-06,+402.010053396E-03
+222.768000E-06,+402.010053396E-03
+222.776000E-06,+402.010053396E-03
+222.784000E-06,+402.010053396E-03
+222.792000E-06,+402.010053396E-03
+222.800000E-06,+402.010053396E-03
+222.808000E-06,+402.010053396E-03
+222.816000E-06,+402.010053396E-03
+222.824000E-06,+402.010053396E-03
+222.832000E-06,+603.015074802E-03
+222.840000E-06,+402.010058689E-03
+222.848000E-06,+402.010053396E-03
+222.856000E-06,+402.010053396E-03
+222.864000E-06,+603.015074800E-03
+222.872000E-06,+402.010058690E-03
+222.880000E-06,+402.010053396E-03
+222.888000E-06,+402.010053396E-03
+222.896000E-06,+402.010053396E-03
+222.904000E-06,+402.010053396E-03
+222.912000E-06,+402.010053396E-03
+222.920000E-06,+402.010053396E-03
+222.928000E-06,+603.015074799E-03
+222.936000E-06,+402.010058692E-03
+222.944000E-06,+402.010053396E-03
+222.952000E-06,+402.010053396E-03
+222.960000E-06,+402.010053396E-03
+222.968000E-06,+402.010053396E-03
+222.976000E-06,+402.010053396E-03
+222.984000E-06,+402.010053396E-03
+222.992000E-06,+402.010053396E-03
+223.000000E-06,+402.010053396E-03
+223.008000E-06,+402.010053396E-03
+223.016000E-06,+402.010053396E-03
+223.024000E-06,+402.010053396E-03
+223.032000E-06,+402.010053396E-03
+223.040000E-06,+603.015074796E-03
+223.048000E-06,+402.010058696E-03
+223.056000E-06,+603.015074794E-03
+223.064000E-06,+402.010058696E-03
+223.072000E-06,+603.015074794E-03
+223.080000E-06,+603.015080094E-03
+223.088000E-06,+402.010058696E-03
+223.096000E-06,+402.010053396E-03
+223.104000E-06,+402.010053396E-03
+223.112000E-06,+402.010053396E-03
+223.120000E-06,+603.015074793E-03
+223.128000E-06,+603.015080094E-03
+223.136000E-06,+603.015080094E-03
+223.144000E-06,+402.010058699E-03
+223.152000E-06,+402.010053396E-03
+223.160000E-06,+402.010053396E-03
+223.168000E-06,+402.010053396E-03
+223.176000E-06,+402.010053396E-03
+223.184000E-06,+402.010053396E-03
+223.192000E-06,+402.010053396E-03
+223.200000E-06,+603.015074791E-03
+223.208000E-06,+402.010058699E-03
+223.216000E-06,+402.010053396E-03
+223.224000E-06,+402.010053396E-03
+223.232000E-06,+402.010053396E-03
+223.240000E-06,+603.015074790E-03
+223.248000E-06,+402.010058702E-03
+223.256000E-06,+402.010053396E-03
+223.264000E-06,+402.010053396E-03
+223.272000E-06,+402.010053396E-03
+223.280000E-06,+402.010053396E-03
+223.288000E-06,+402.010053396E-03
+223.296000E-06,+402.010053396E-03
+223.304000E-06,+402.010053396E-03
+223.312000E-06,+402.010053396E-03
+223.320000E-06,+402.010053396E-03
+223.328000E-06,+402.010053396E-03
+223.336000E-06,+402.010053396E-03
+223.344000E-06,+402.010053396E-03
+223.352000E-06,+402.010053396E-03
+223.360000E-06,+402.010053396E-03
+223.368000E-06,+402.010053396E-03
+223.376000E-06,+402.010053396E-03
+223.384000E-06,+402.010053396E-03
+223.392000E-06,+402.010053396E-03
+223.400000E-06,+402.010053396E-03
+223.408000E-06,+402.010053396E-03
+223.416000E-06,+402.010053396E-03
+223.424000E-06,+402.010053396E-03
+223.432000E-06,+402.010053396E-03
+223.440000E-06,+603.015074783E-03
+223.448000E-06,+402.010058708E-03
+223.456000E-06,+603.015074783E-03
+223.464000E-06,+402.010058708E-03
+223.472000E-06,+402.010053396E-03
+223.480000E-06,+402.010053396E-03
+223.488000E-06,+402.010053396E-03
+223.496000E-06,+402.010053396E-03
+223.504000E-06,+402.010053396E-03
+223.512000E-06,+402.010053396E-03
+223.520000E-06,+603.015074781E-03
+223.528000E-06,+402.010058710E-03
+223.536000E-06,+603.015074780E-03
+223.544000E-06,+603.015080094E-03
+223.552000E-06,+402.010058711E-03
+223.560000E-06,+402.010053396E-03
+223.568000E-06,+402.010053396E-03
+223.576000E-06,+402.010053396E-03
+223.584000E-06,+402.010053396E-03
+223.592000E-06,+402.010053396E-03
+223.600000E-06,+402.010053396E-03
+223.608000E-06,+402.010053396E-03
+223.616000E-06,+603.015074778E-03
+223.624000E-06,+603.015080094E-03
+223.632000E-06,+603.015080094E-03
+223.640000E-06,+402.010058714E-03
+223.648000E-06,+402.010053396E-03
+223.656000E-06,+402.010053396E-03
+223.664000E-06,+402.010053396E-03
+223.672000E-06,+402.010053396E-03
+223.680000E-06,+402.010053396E-03
+223.688000E-06,+603.015074777E-03
+223.696000E-06,+603.015080094E-03
+223.704000E-06,+402.010058715E-03
+223.712000E-06,+603.015074775E-03
+223.720000E-06,+402.010058715E-03
+223.728000E-06,+402.010053396E-03
+223.736000E-06,+402.010053396E-03
+223.744000E-06,+402.010053396E-03
+223.752000E-06,+603.015074774E-03
+223.760000E-06,+402.010058717E-03
+223.768000E-06,+402.010053396E-03
+223.776000E-06,+402.010053396E-03
+223.784000E-06,+402.010053396E-03
+223.792000E-06,+603.015074774E-03
+223.800000E-06,+603.015080094E-03
+223.808000E-06,+603.015080094E-03
+223.816000E-06,+402.010058718E-03
+223.824000E-06,+402.010053396E-03
+223.832000E-06,+402.010053396E-03
+223.840000E-06,+402.010053396E-03
+223.848000E-06,+402.010053396E-03
+223.856000E-06,+603.015074771E-03
+223.864000E-06,+402.010058720E-03
+223.872000E-06,+402.010053396E-03
+223.880000E-06,+402.010053396E-03
+223.888000E-06,+402.010053396E-03
+223.896000E-06,+603.015074771E-03
+223.904000E-06,+402.010058721E-03
+223.912000E-06,+402.010053396E-03
+223.920000E-06,+603.015074769E-03
+223.928000E-06,+402.010058723E-03
+223.936000E-06,+402.010053396E-03
+223.944000E-06,+402.010053396E-03
+223.952000E-06,+402.010053396E-03
+223.960000E-06,+402.010053396E-03
+223.968000E-06,+402.010053396E-03
+223.976000E-06,+402.010053396E-03
+223.984000E-06,+402.010053396E-03
+223.992000E-06,+402.010053396E-03
+224.000000E-06,+402.010053396E-03
+224.008000E-06,+402.010053396E-03
+224.016000E-06,+402.010053396E-03
+224.024000E-06,+402.010053396E-03
+224.032000E-06,+603.015074765E-03
+224.040000E-06,+603.015080094E-03
+224.048000E-06,+603.015080094E-03
+224.056000E-06,+402.010058726E-03
+224.064000E-06,+402.010053396E-03
+224.072000E-06,+402.010053396E-03
+224.080000E-06,+402.010053396E-03
+224.088000E-06,+402.010053396E-03
+224.096000E-06,+402.010053396E-03
+224.104000E-06,+603.015074764E-03
+224.112000E-06,+402.010058727E-03
+224.120000E-06,+603.015074762E-03
+224.128000E-06,+603.015080094E-03
+224.136000E-06,+603.015080094E-03
+224.144000E-06,+402.010058729E-03
+224.152000E-06,+603.015074762E-03
+224.160000E-06,+603.015080094E-03
+224.168000E-06,+603.015080094E-03
+224.176000E-06,+402.010058729E-03
+224.184000E-06,+402.010053396E-03
+224.192000E-06,+603.015074761E-03
+224.200000E-06,+603.015080094E-03
+224.208000E-06,+402.010058730E-03
+224.216000E-06,+603.015074759E-03
+224.224000E-06,+402.010058731E-03
+224.232000E-06,+603.015074759E-03
+224.240000E-06,+603.015080094E-03
+224.248000E-06,+402.010058731E-03
+224.256000E-06,+402.010053396E-03
+224.264000E-06,+603.015074759E-03
+224.272000E-06,+603.015080094E-03
+224.280000E-06,+402.010058731E-03
+224.288000E-06,+402.010053396E-03
+224.296000E-06,+402.010053396E-03
+224.304000E-06,+402.010053396E-03
+224.312000E-06,+603.015074758E-03
+224.320000E-06,+603.015080094E-03
+224.328000E-06,+402.010058734E-03
+224.336000E-06,+402.010053396E-03
+224.344000E-06,+603.015074756E-03
+224.352000E-06,+402.010058734E-03
+224.360000E-06,+603.015074756E-03
+224.368000E-06,+402.010058734E-03
+224.376000E-06,+402.010053396E-03
+224.384000E-06,+603.015074756E-03
+224.392000E-06,+402.010058736E-03
+224.400000E-06,+603.015074755E-03
+224.408000E-06,+402.010058736E-03
+224.416000E-06,+402.010053396E-03
+224.424000E-06,+402.010053396E-03
+224.432000E-06,+603.015074753E-03
+224.440000E-06,+402.010058737E-03
+224.448000E-06,+402.010053396E-03
+224.456000E-06,+402.010053396E-03
+224.464000E-06,+402.010053396E-03
+224.472000E-06,+402.010053396E-03
+224.480000E-06,+402.010053396E-03
+224.488000E-06,+402.010053396E-03
+224.496000E-06,+402.010053396E-03
+224.504000E-06,+402.010053396E-03
+224.512000E-06,+402.010053396E-03
+224.520000E-06,+402.010053396E-03
+224.528000E-06,+603.015074750E-03
+224.536000E-06,+402.010058740E-03
+224.544000E-06,+402.010053396E-03
+224.552000E-06,+402.010053396E-03
+224.560000E-06,+603.015074750E-03
+224.568000E-06,+402.010058740E-03
+224.576000E-06,+402.010053396E-03
+224.584000E-06,+402.010053396E-03
+224.592000E-06,+402.010053396E-03
+224.600000E-06,+402.010053396E-03
+224.608000E-06,+603.015074747E-03
+224.616000E-06,+603.015080094E-03
+224.624000E-06,+402.010058743E-03
+224.632000E-06,+402.010053396E-03
+224.640000E-06,+402.010053396E-03
+224.648000E-06,+402.010053396E-03
+224.656000E-06,+402.010053396E-03
+224.664000E-06,+603.015074747E-03
+224.672000E-06,+603.015080094E-03
+224.680000E-06,+402.010058745E-03
+224.688000E-06,+603.015074746E-03
+224.696000E-06,+603.015080094E-03
+224.704000E-06,+402.010058746E-03
+224.712000E-06,+603.015074744E-03
+224.720000E-06,+603.015080094E-03
+224.728000E-06,+603.015080094E-03
+224.736000E-06,+603.015080094E-03
+224.744000E-06,+603.015080094E-03
+224.752000E-06,+402.010058746E-03
+224.760000E-06,+603.015074744E-03
+224.768000E-06,+402.010058746E-03
+224.776000E-06,+603.015074743E-03
+224.784000E-06,+603.015080094E-03
+224.792000E-06,+603.015080094E-03
+224.800000E-06,+402.010058749E-03
+224.808000E-06,+603.015074742E-03
+224.816000E-06,+402.010058749E-03
+224.824000E-06,+402.010053396E-03
+224.832000E-06,+603.015074742E-03
+224.840000E-06,+603.015080094E-03
+224.848000E-06,+402.010058749E-03
+224.856000E-06,+402.010053396E-03
+224.864000E-06,+402.010053396E-03
+224.872000E-06,+402.010053396E-03
+224.880000E-06,+402.010053396E-03
+224.888000E-06,+603.015074740E-03
+224.896000E-06,+603.015080094E-03
+224.904000E-06,+402.010058752E-03
+224.912000E-06,+603.015074739E-03
+224.920000E-06,+603.015080094E-03
+224.928000E-06,+402.010058752E-03
+224.936000E-06,+402.010053396E-03
+224.944000E-06,+402.010053396E-03
+224.952000E-06,+402.010053396E-03
+224.960000E-06,+402.010053396E-03
+224.968000E-06,+603.015074739E-03
+224.976000E-06,+603.015080094E-03
+224.984000E-06,+603.015080094E-03
+224.992000E-06,+402.010058753E-03
+225.000000E-06,+402.010053396E-03
+225.008000E-06,+603.015074736E-03
+225.016000E-06,+402.010058755E-03
+225.024000E-06,+402.010053396E-03
+225.032000E-06,+402.010053396E-03
+225.040000E-06,+402.010053396E-03
+225.048000E-06,+603.015074736E-03
+225.056000E-06,+402.010058755E-03
+225.064000E-06,+402.010053396E-03
+225.072000E-06,+402.010053396E-03
+225.080000E-06,+603.015074734E-03
+225.088000E-06,+603.015080094E-03
+225.096000E-06,+402.010058758E-03
+225.104000E-06,+603.015074733E-03
+225.112000E-06,+603.015080094E-03
+225.120000E-06,+603.015080094E-03
+225.128000E-06,+603.015080094E-03
+225.136000E-06,+402.010058758E-03
+225.144000E-06,+603.015074733E-03
+225.152000E-06,+402.010058758E-03
+225.160000E-06,+603.015074733E-03
+225.168000E-06,+402.010058759E-03
+225.176000E-06,+402.010053396E-03
+225.184000E-06,+603.015074731E-03
+225.192000E-06,+603.015080094E-03
+225.200000E-06,+402.010058761E-03
+225.208000E-06,+402.010053396E-03
+225.216000E-06,+402.010053396E-03
+225.224000E-06,+402.010053396E-03
+225.232000E-06,+402.010053396E-03
+225.240000E-06,+402.010053396E-03
+225.248000E-06,+603.015074730E-03
+225.256000E-06,+402.010058761E-03
+225.264000E-06,+402.010053396E-03
+225.272000E-06,+603.015074728E-03
+225.280000E-06,+603.015080094E-03
+225.288000E-06,+402.010058764E-03
+225.296000E-06,+603.015074727E-03
+225.304000E-06,+603.015080094E-03
+225.312000E-06,+603.015080094E-03
+225.320000E-06,+402.010058764E-03
+225.328000E-06,+603.015074727E-03
+225.336000E-06,+603.015080094E-03
+225.344000E-06,+402.010058764E-03
+225.352000E-06,+603.015074727E-03
+225.360000E-06,+603.015080094E-03
+225.368000E-06,+603.015080094E-03
+225.376000E-06,+603.015080094E-03
+225.384000E-06,+402.010058767E-03
+225.392000E-06,+402.010053396E-03
+225.400000E-06,+402.010053396E-03
+225.408000E-06,+603.015074724E-03
+225.416000E-06,+603.015080094E-03
+225.424000E-06,+402.010058767E-03
+225.432000E-06,+603.015074724E-03
+225.440000E-06,+603.015080094E-03
+225.448000E-06,+603.015080094E-03
+225.456000E-06,+402.010058767E-03
+225.464000E-06,+402.010053396E-03
+225.472000E-06,+603.015074723E-03
+225.480000E-06,+603.015080094E-03
+225.488000E-06,+402.010058769E-03
+225.496000E-06,+402.010053396E-03
+225.504000E-06,+402.010053396E-03
+225.512000E-06,+402.010053396E-03
+225.520000E-06,+603.015074721E-03
+225.528000E-06,+603.015080094E-03
+225.536000E-06,+402.010058769E-03
+225.544000E-06,+603.015074721E-03
+225.552000E-06,+402.010058769E-03
+225.560000E-06,+603.015074720E-03
+225.568000E-06,+603.015080094E-03
+225.576000E-06,+603.015080094E-03
+225.584000E-06,+603.015080094E-03
+225.592000E-06,+402.010058772E-03
+225.600000E-06,+603.015074718E-03
+225.608000E-06,+402.010058772E-03
+225.616000E-06,+603.015074718E-03
+225.624000E-06,+603.015080094E-03
+225.632000E-06,+603.015080094E-03
+225.640000E-06,+402.010058772E-03
+225.648000E-06,+402.010053396E-03
+225.656000E-06,+402.010053396E-03
+225.664000E-06,+402.010053396E-03
+225.672000E-06,+603.015074717E-03
+225.680000E-06,+402.010058775E-03
+225.688000E-06,+402.010053396E-03
+225.696000E-06,+603.015074715E-03
+225.704000E-06,+603.015080094E-03
+225.712000E-06,+402.010058775E-03
+225.720000E-06,+603.015074715E-03
+225.728000E-06,+603.015080094E-03
+225.736000E-06,+402.010058775E-03
+225.744000E-06,+603.015074715E-03
+225.752000E-06,+603.015080094E-03
+225.760000E-06,+603.015080094E-03
+225.768000E-06,+603.015080094E-03
+225.776000E-06,+402.010058778E-03
+225.784000E-06,+402.010053396E-03
+225.792000E-06,+402.010053396E-03
+225.800000E-06,+402.010053396E-03
+225.808000E-06,+603.015074712E-03
+225.816000E-06,+402.010058778E-03
+225.824000E-06,+402.010053396E-03
+225.832000E-06,+402.010053396E-03
+225.840000E-06,+402.010053396E-03
+225.848000E-06,+603.015074711E-03
+225.856000E-06,+402.010058780E-03
+225.864000E-06,+402.010053396E-03
+225.872000E-06,+402.010053396E-03
+225.880000E-06,+603.015074709E-03
+225.888000E-06,+402.010058781E-03
+225.896000E-06,+402.010053396E-03
+225.904000E-06,+603.015074709E-03
+225.912000E-06,+603.015080094E-03
+225.920000E-06,+402.010058781E-03
+225.928000E-06,+603.015074709E-03
+225.936000E-06,+603.015080094E-03
+225.944000E-06,+603.015080094E-03
+225.952000E-06,+603.015080094E-03
+225.960000E-06,+603.015080094E-03
+225.968000E-06,+603.015080094E-03
+225.976000E-06,+603.015080094E-03
+225.984000E-06,+603.015080094E-03
+225.992000E-06,+603.015080094E-03
+226.000000E-06,+402.010058784E-03
+226.008000E-06,+603.015074706E-03
+226.016000E-06,+402.010058784E-03
+226.024000E-06,+603.015074706E-03
+226.032000E-06,+603.015080094E-03
+226.040000E-06,+402.010058784E-03
+226.048000E-06,+603.015074705E-03
+226.056000E-06,+603.015080094E-03
+226.064000E-06,+402.010058786E-03
+226.072000E-06,+603.015074704E-03
+226.080000E-06,+603.015080094E-03
+226.088000E-06,+603.015080094E-03
+226.096000E-06,+402.010058787E-03
+226.104000E-06,+402.010053396E-03
+226.112000E-06,+603.015074704E-03
+226.120000E-06,+603.015080094E-03
+226.128000E-06,+402.010058787E-03
+226.136000E-06,+402.010053396E-03
+226.144000E-06,+603.015074702E-03
+226.152000E-06,+402.010058788E-03
+226.160000E-06,+402.010053396E-03
+226.168000E-06,+402.010053396E-03
+226.176000E-06,+603.015074701E-03
+226.184000E-06,+603.015080094E-03
+226.192000E-06,+603.015080094E-03
+226.200000E-06,+603.015080094E-03
+226.208000E-06,+402.010058790E-03
+226.216000E-06,+402.010053396E-03
+226.224000E-06,+402.010053396E-03
+226.232000E-06,+603.015074701E-03
+226.240000E-06,+603.015080094E-03
+226.248000E-06,+603.015080094E-03
+226.256000E-06,+603.015080094E-03
+226.264000E-06,+603.015080094E-03
+226.272000E-06,+402.010058793E-03
+226.280000E-06,+402.010053396E-03
+226.288000E-06,+603.015074698E-03
+226.296000E-06,+603.015080094E-03
+226.304000E-06,+603.015080094E-03
+226.312000E-06,+603.015080094E-03
+226.320000E-06,+603.015080094E-03
+226.328000E-06,+402.010058793E-03
+226.336000E-06,+603.015074696E-03
+226.344000E-06,+603.015080094E-03
+226.352000E-06,+402.010058794E-03
+226.360000E-06,+402.010053396E-03
+226.368000E-06,+402.010053396E-03
+226.376000E-06,+603.015074695E-03
+226.384000E-06,+603.015080094E-03
+226.392000E-06,+603.015080094E-03
+226.400000E-06,+402.010058796E-03
+226.408000E-06,+603.015074695E-03
+226.416000E-06,+402.010058796E-03
+226.424000E-06,+402.010053396E-03
+226.432000E-06,+402.010053396E-03
+226.440000E-06,+603.015074693E-03
+226.448000E-06,+603.015080094E-03
+226.456000E-06,+603.015080094E-03
+226.464000E-06,+603.015080094E-03
+226.472000E-06,+603.015080094E-03
+226.480000E-06,+603.015080094E-03
+226.488000E-06,+603.015080094E-03
+226.496000E-06,+603.015080094E-03
+226.504000E-06,+603.015080094E-03
+226.512000E-06,+603.015080094E-03
+226.520000E-06,+603.015080094E-03
+226.528000E-06,+402.010058799E-03
+226.536000E-06,+603.015074690E-03
+226.544000E-06,+603.015080094E-03
+226.552000E-06,+603.015080094E-03
+226.560000E-06,+603.015080094E-03
+226.568000E-06,+603.015080094E-03
+226.576000E-06,+402.010058802E-03
+226.584000E-06,+603.015074689E-03
+226.592000E-06,+603.015080094E-03
+226.600000E-06,+603.015080094E-03
+226.608000E-06,+603.015080094E-03
+226.616000E-06,+603.015080094E-03
+226.624000E-06,+402.010058802E-03
+226.632000E-06,+603.015074687E-03
+226.640000E-06,+603.015080094E-03
+226.648000E-06,+603.015080094E-03
+226.656000E-06,+603.015080094E-03
+226.664000E-06,+603.015080094E-03
+226.672000E-06,+603.015080094E-03
+226.680000E-06,+603.015080094E-03
+226.688000E-06,+603.015080094E-03
+226.696000E-06,+603.015080094E-03
+226.704000E-06,+603.015080094E-03
+226.712000E-06,+402.010058805E-03
+226.720000E-06,+603.015074686E-03
+226.728000E-06,+402.010058806E-03
+226.736000E-06,+603.015074685E-03
+226.744000E-06,+603.015080094E-03
+226.752000E-06,+402.010058807E-03
+226.760000E-06,+603.015074683E-03
+226.768000E-06,+603.015080094E-03
+226.776000E-06,+402.010058807E-03
+226.784000E-06,+603.015074683E-03
+226.792000E-06,+603.015080094E-03
+226.800000E-06,+603.015080094E-03
+226.808000E-06,+603.015080094E-03
+226.816000E-06,+402.010058807E-03
+226.824000E-06,+402.010053396E-03
+226.832000E-06,+603.015074682E-03
+226.840000E-06,+402.010058809E-03
+226.848000E-06,+402.010053396E-03
+226.856000E-06,+603.015074680E-03
+226.864000E-06,+603.015080094E-03
+226.872000E-06,+402.010058810E-03
+226.880000E-06,+603.015074680E-03
+226.888000E-06,+402.010058810E-03
+226.896000E-06,+402.010053396E-03
+226.904000E-06,+402.010053396E-03
+226.912000E-06,+603.015074680E-03
+226.920000E-06,+402.010058812E-03
+226.928000E-06,+402.010053396E-03
+226.936000E-06,+402.010053396E-03
+226.944000E-06,+402.010053396E-03
+226.952000E-06,+603.015074677E-03
+226.960000E-06,+603.015080094E-03
+226.968000E-06,+402.010058813E-03
+226.976000E-06,+603.015074677E-03
+226.984000E-06,+603.015080094E-03
+226.992000E-06,+603.015080094E-03
+227.000000E-06,+402.010058813E-03
+227.008000E-06,+402.010053396E-03
+227.016000E-06,+603.015074676E-03
+227.024000E-06,+603.015080094E-03
+227.032000E-06,+603.015080094E-03
+227.040000E-06,+402.010058816E-03
+227.048000E-06,+603.015074674E-03
+227.056000E-06,+402.010058816E-03
+227.064000E-06,+402.010053396E-03
+227.072000E-06,+603.015074674E-03
+227.080000E-06,+402.010058816E-03
+227.088000E-06,+603.015074674E-03
+227.096000E-06,+603.015080094E-03
+227.104000E-06,+402.010058816E-03
+227.112000E-06,+402.010053396E-03
+227.120000E-06,+402.010053396E-03
+227.128000E-06,+603.015074673E-03
+227.136000E-06,+402.010058818E-03
+227.144000E-06,+603.015074671E-03
+227.152000E-06,+603.015080094E-03
+227.160000E-06,+603.015080094E-03
+227.168000E-06,+402.010058819E-03
+227.176000E-06,+603.015074671E-03
+227.184000E-06,+402.010058819E-03
+227.192000E-06,+603.015074671E-03
+227.200000E-06,+402.010058819E-03
+227.208000E-06,+402.010053396E-03
+227.216000E-06,+402.010053396E-03
+227.224000E-06,+603.015074670E-03
+227.232000E-06,+603.015080094E-03
+227.240000E-06,+603.015080094E-03
+227.248000E-06,+603.015080094E-03
+227.256000E-06,+402.010058822E-03
+227.264000E-06,+603.015074668E-03
+227.272000E-06,+402.010058822E-03
+227.280000E-06,+603.015074668E-03
+227.288000E-06,+603.015080094E-03
+227.296000E-06,+603.015080094E-03
+227.304000E-06,+402.010058822E-03
+227.312000E-06,+603.015074667E-03
+227.320000E-06,+603.015080094E-03
+227.328000E-06,+402.010058824E-03
+227.336000E-06,+402.010053396E-03
+227.344000E-06,+402.010053396E-03
+227.352000E-06,+603.015074666E-03
+227.360000E-06,+603.015080094E-03
+227.368000E-06,+402.010058825E-03
+227.376000E-06,+402.010053396E-03
+227.384000E-06,+402.010053396E-03
+227.392000E-06,+402.010053396E-03
+227.400000E-06,+402.010053396E-03
+227.408000E-06,+603.015074664E-03
+227.416000E-06,+603.015080094E-03
+227.424000E-06,+402.010058827E-03
+227.432000E-06,+402.010053396E-03
+227.440000E-06,+402.010053396E-03
+227.448000E-06,+402.010053396E-03
+227.456000E-06,+603.015074663E-03
+227.464000E-06,+603.015080094E-03
+227.472000E-06,+402.010058828E-03
+227.480000E-06,+402.010053396E-03
+227.488000E-06,+402.010053396E-03
+227.496000E-06,+603.015074663E-03
+227.504000E-06,+402.010058829E-03
+227.512000E-06,+402.010053396E-03
+227.520000E-06,+603.015074661E-03
+227.528000E-06,+603.015080094E-03
+227.536000E-06,+402.010058831E-03
+227.544000E-06,+402.010053396E-03
+227.552000E-06,+402.010053396E-03
+227.560000E-06,+402.010053396E-03
+227.568000E-06,+402.010053396E-03
+227.576000E-06,+402.010053396E-03
+227.584000E-06,+402.010053396E-03
+227.592000E-06,+402.010053396E-03
+227.600000E-06,+603.015074658E-03
+227.608000E-06,+402.010058832E-03
+227.616000E-06,+402.010053396E-03
+227.624000E-06,+402.010053396E-03
+227.632000E-06,+402.010053396E-03
+227.640000E-06,+402.010053396E-03
+227.648000E-06,+402.010053396E-03
+227.656000E-06,+603.015074657E-03
+227.664000E-06,+603.015080094E-03
+227.672000E-06,+402.010058834E-03
+227.680000E-06,+402.010053396E-03
+227.688000E-06,+402.010053396E-03
+227.696000E-06,+402.010053396E-03
+227.704000E-06,+402.010053396E-03
+227.712000E-06,+402.010053396E-03
+227.720000E-06,+603.015074655E-03
+227.728000E-06,+402.010058837E-03
+227.736000E-06,+603.015074654E-03
+227.744000E-06,+402.010058837E-03
+227.752000E-06,+402.010053396E-03
+227.760000E-06,+402.010053396E-03
+227.768000E-06,+603.015074654E-03
+227.776000E-06,+603.015080094E-03
+227.784000E-06,+402.010058837E-03
+227.792000E-06,+402.010053396E-03
+227.800000E-06,+603.015074652E-03
+227.808000E-06,+402.010058838E-03
+227.816000E-06,+402.010053396E-03
+227.824000E-06,+402.010053396E-03
+227.832000E-06,+402.010053396E-03
+227.840000E-06,+402.010053396E-03
+227.848000E-06,+402.010053396E-03
+227.856000E-06,+402.010053396E-03
+227.864000E-06,+402.010053396E-03
+227.872000E-06,+402.010053396E-03
+227.880000E-06,+402.010053396E-03
+227.888000E-06,+402.010053396E-03
+227.896000E-06,+402.010053396E-03
+227.904000E-06,+402.010053396E-03
+227.912000E-06,+402.010053396E-03
+227.920000E-06,+402.010053396E-03
+227.928000E-06,+402.010053396E-03
+227.936000E-06,+402.010053396E-03
+227.944000E-06,+402.010053396E-03
+227.952000E-06,+402.010053396E-03
+227.960000E-06,+402.010053396E-03
+227.968000E-06,+603.015074648E-03
+227.976000E-06,+603.015080094E-03
+227.984000E-06,+603.015080094E-03
+227.992000E-06,+402.010058844E-03
+228.000000E-06,+402.010053396E-03
+228.008000E-06,+402.010053396E-03
+228.016000E-06,+603.015074645E-03
+228.024000E-06,+603.015080094E-03
+228.032000E-06,+603.015080094E-03
+228.040000E-06,+603.015080094E-03
+228.048000E-06,+603.015080094E-03
+228.056000E-06,+603.015080094E-03
+228.064000E-06,+402.010058846E-03
+228.072000E-06,+402.010053396E-03
+228.080000E-06,+603.015074645E-03
+228.088000E-06,+603.015080094E-03
+228.096000E-06,+603.015080094E-03
+228.104000E-06,+603.015080094E-03
+228.112000E-06,+402.010058848E-03
+228.120000E-06,+603.015074642E-03
+228.128000E-06,+402.010058848E-03
+228.136000E-06,+402.010053396E-03
+228.144000E-06,+402.010053396E-03
+228.152000E-06,+402.010053396E-03
+228.160000E-06,+402.010053396E-03
+228.168000E-06,+402.010053396E-03
+228.176000E-06,+603.015074642E-03
+228.184000E-06,+402.010058850E-03
+228.192000E-06,+603.015074641E-03
+228.200000E-06,+402.010058850E-03
+228.208000E-06,+603.015074641E-03
+228.216000E-06,+603.015080094E-03
+228.224000E-06,+603.015080094E-03
+228.232000E-06,+603.015080094E-03
+228.240000E-06,+603.015080094E-03
+228.248000E-06,+402.010058851E-03
+228.256000E-06,+603.015074639E-03
+228.264000E-06,+402.010058851E-03
+228.272000E-06,+402.010053396E-03
+228.280000E-06,+402.010053396E-03
+228.288000E-06,+402.010053396E-03
+228.296000E-06,+402.010053396E-03
+228.304000E-06,+402.010053396E-03
+228.312000E-06,+603.015074636E-03
+228.320000E-06,+603.015080094E-03
+228.328000E-06,+603.015080094E-03
+228.336000E-06,+603.015080094E-03
+228.344000E-06,+402.010058854E-03
+228.352000E-06,+402.010053396E-03
+228.360000E-06,+402.010053396E-03
+228.368000E-06,+402.010053396E-03
+228.376000E-06,+402.010053396E-03
+228.384000E-06,+402.010053396E-03
+228.392000E-06,+402.010053396E-03
+228.400000E-06,+402.010053396E-03
+228.408000E-06,+402.010053396E-03
+228.416000E-06,+402.010053396E-03
+228.424000E-06,+402.010053396E-03
+228.432000E-06,+402.010053396E-03
+228.440000E-06,+402.010053396E-03
+228.448000E-06,+603.015074633E-03
+228.456000E-06,+603.015080094E-03
+228.464000E-06,+402.010058857E-03
+228.472000E-06,+402.010053396E-03
+228.480000E-06,+603.015074632E-03
+228.488000E-06,+603.015080094E-03
+228.496000E-06,+603.015080094E-03
+228.504000E-06,+603.015080094E-03
+228.512000E-06,+402.010058860E-03
+228.520000E-06,+402.010053396E-03
+228.528000E-06,+402.010053396E-03
+228.536000E-06,+402.010053396E-03
+228.544000E-06,+402.010053396E-03
+228.552000E-06,+402.010053396E-03
+228.560000E-06,+603.015074630E-03
+228.568000E-06,+402.010058860E-03
+228.576000E-06,+402.010053396E-03
+228.584000E-06,+402.010053396E-03
+228.592000E-06,+402.010053396E-03
+228.600000E-06,+402.010053396E-03
+228.608000E-06,+402.010053396E-03
+228.616000E-06,+402.010053396E-03
+228.624000E-06,+402.010053396E-03
+228.632000E-06,+402.010053396E-03
+228.640000E-06,+402.010053396E-03
+228.648000E-06,+603.015074627E-03
+228.656000E-06,+402.010058863E-03
+228.664000E-06,+402.010053396E-03
+228.672000E-06,+402.010053396E-03
+228.680000E-06,+402.010053396E-03
+228.688000E-06,+402.010053396E-03
+228.696000E-06,+603.015074625E-03
+228.704000E-06,+402.010058866E-03
+228.712000E-06,+402.010053396E-03
+228.720000E-06,+402.010053396E-03
+228.728000E-06,+402.010053396E-03
+228.736000E-06,+402.010053396E-03
+228.744000E-06,+402.010053396E-03
+228.752000E-06,+402.010053396E-03
+228.760000E-06,+402.010053396E-03
+228.768000E-06,+603.015074625E-03
+228.776000E-06,+201.005037641E-03
+228.784000E-06,+402.010047925E-03
+228.792000E-06,+402.010053396E-03
+228.800000E-06,+402.010053396E-03
+228.808000E-06,+402.010053396E-03
+228.816000E-06,+402.010053396E-03
+228.824000E-06,+402.010053396E-03
+228.832000E-06,+402.010053396E-03
+228.840000E-06,+402.010053396E-03
+228.848000E-06,+402.010053396E-03
+228.856000E-06,+402.010053396E-03
+228.864000E-06,+402.010053396E-03
+228.872000E-06,+603.015074620E-03
+228.880000E-06,+402.010058870E-03
+228.888000E-06,+402.010053396E-03
+228.896000E-06,+402.010053396E-03
+228.904000E-06,+603.015074619E-03
+228.912000E-06,+402.010058872E-03
+228.920000E-06,+402.010053396E-03
+228.928000E-06,+402.010053396E-03
+228.936000E-06,+402.010053396E-03
+228.944000E-06,+402.010053396E-03
+228.952000E-06,+603.015074619E-03
+228.960000E-06,+402.010058872E-03
+228.968000E-06,+402.010053396E-03
+228.976000E-06,+402.010053396E-03
+228.984000E-06,+402.010053396E-03
+228.992000E-06,+402.010053396E-03
+229.000000E-06,+402.010053396E-03
+229.008000E-06,+402.010053396E-03
+229.016000E-06,+402.010053396E-03
+229.024000E-06,+402.010053396E-03
+229.032000E-06,+402.010053396E-03
+229.040000E-06,+402.010053396E-03
+229.048000E-06,+402.010053396E-03
+229.056000E-06,+402.010053396E-03
+229.064000E-06,+402.010053396E-03
+229.072000E-06,+402.010053396E-03
+229.080000E-06,+402.010053396E-03
+229.088000E-06,+402.010053396E-03
+229.096000E-06,+603.015074613E-03
+229.104000E-06,+402.010058878E-03
+229.112000E-06,+402.010053396E-03
+229.120000E-06,+402.010053396E-03
+229.128000E-06,+402.010053396E-03
+229.136000E-06,+402.010053396E-03
+229.144000E-06,+603.015074613E-03
+229.152000E-06,+402.010058878E-03
+229.160000E-06,+402.010053396E-03
+229.168000E-06,+402.010053396E-03
+229.176000E-06,+402.010053396E-03
+229.184000E-06,+402.010053396E-03
+229.192000E-06,+402.010053396E-03
+229.200000E-06,+402.010053396E-03
+229.208000E-06,+402.010053396E-03
+229.216000E-06,+402.010053396E-03
+229.224000E-06,+402.010053396E-03
+229.232000E-06,+402.010053396E-03
+229.240000E-06,+402.010053396E-03
+229.248000E-06,+402.010053396E-03
+229.256000E-06,+603.015074608E-03
+229.264000E-06,+402.010058882E-03
+229.272000E-06,+402.010053396E-03
+229.280000E-06,+402.010053396E-03
+229.288000E-06,+402.010053396E-03
+229.296000E-06,+402.010053396E-03
+229.304000E-06,+402.010053396E-03
+229.312000E-06,+402.010053396E-03
+229.320000E-06,+603.015074607E-03
+229.328000E-06,+402.010058884E-03
+229.336000E-06,+402.010053396E-03
+229.344000E-06,+402.010053396E-03
+229.352000E-06,+603.015074607E-03
+229.360000E-06,+402.010058885E-03
+229.368000E-06,+402.010053396E-03
+229.376000E-06,+201.005032187E-03
+229.384000E-06,+402.010047906E-03
+229.392000E-06,+402.010053396E-03
+229.400000E-06,+402.010053396E-03
+229.408000E-06,+603.015074604E-03
+229.416000E-06,+402.010058886E-03
+229.424000E-06,+402.010053396E-03
+229.432000E-06,+402.010053396E-03
+229.440000E-06,+402.010053396E-03
+229.448000E-06,+603.015074604E-03
+229.456000E-06,+402.010058888E-03
+229.464000E-06,+201.005032190E-03
+229.472000E-06,+402.010047905E-03
+229.480000E-06,+402.010053396E-03
+229.488000E-06,+402.010053396E-03
+229.496000E-06,+402.010053396E-03
+229.504000E-06,+402.010053396E-03
+229.512000E-06,+402.010053396E-03
+229.520000E-06,+402.010053396E-03
+229.528000E-06,+603.015074601E-03
+229.536000E-06,+603.015080094E-03
+229.544000E-06,+402.010058889E-03
+229.552000E-06,+402.010053396E-03
+229.560000E-06,+402.010053396E-03
+229.568000E-06,+402.010053396E-03
+229.576000E-06,+402.010053396E-03
+229.584000E-06,+402.010053396E-03
+229.592000E-06,+402.010053396E-03
+229.600000E-06,+402.010053396E-03
+229.608000E-06,+402.010053396E-03
+229.616000E-06,+402.010053396E-03
+229.624000E-06,+402.010053396E-03
+229.632000E-06,+402.010053396E-03
+229.640000E-06,+402.010053396E-03
+229.648000E-06,+402.010053396E-03
+229.656000E-06,+402.010053396E-03
+229.664000E-06,+402.010053396E-03
+229.672000E-06,+402.010053396E-03
+229.680000E-06,+402.010053396E-03
+229.688000E-06,+402.010053396E-03
+229.696000E-06,+402.010053396E-03
+229.704000E-06,+402.010053396E-03
+229.712000E-06,+402.010053396E-03
+229.720000E-06,+603.015074595E-03
+229.728000E-06,+402.010058895E-03
+229.736000E-06,+402.010053396E-03
+229.744000E-06,+402.010053396E-03
+229.752000E-06,+402.010053396E-03
+229.760000E-06,+402.010053396E-03
+229.768000E-06,+402.010053396E-03
+229.776000E-06,+402.010053396E-03
+229.784000E-06,+402.010053396E-03
+229.792000E-06,+402.010053396E-03
+229.800000E-06,+402.010053396E-03
+229.808000E-06,+402.010053396E-03
+229.816000E-06,+402.010053396E-03
+229.824000E-06,+402.010053396E-03
+229.832000E-06,+402.010053396E-03
+229.840000E-06,+402.010053396E-03
+229.848000E-06,+402.010053396E-03
+229.856000E-06,+402.010053396E-03
+229.864000E-06,+402.010053396E-03
+229.872000E-06,+402.010053396E-03
+229.880000E-06,+402.010053396E-03
+229.888000E-06,+402.010053396E-03
+229.896000E-06,+402.010053396E-03
+229.904000E-06,+402.010053396E-03
+229.912000E-06,+402.010053396E-03
+229.920000E-06,+402.010053396E-03
+229.928000E-06,+402.010053396E-03
+229.936000E-06,+402.010053396E-03
+229.944000E-06,+402.010053396E-03
+229.952000E-06,+402.010053396E-03
+229.960000E-06,+402.010053396E-03
+229.968000E-06,+402.010053396E-03
+229.976000E-06,+402.010053396E-03
+229.984000E-06,+201.005032206E-03
+229.992000E-06,+402.010047888E-03
+230.000000E-06,+603.015074587E-03
+230.008000E-06,+402.010058904E-03
+230.016000E-06,+402.010053396E-03
+230.024000E-06,+402.010053396E-03
+230.032000E-06,+402.010053396E-03
+230.040000E-06,+402.010053396E-03
+230.048000E-06,+402.010053396E-03
+230.056000E-06,+402.010053396E-03
+230.064000E-06,+402.010053396E-03
+230.072000E-06,+402.010053396E-03
+230.080000E-06,+402.010053396E-03
+230.088000E-06,+402.010053396E-03
+230.096000E-06,+402.010053396E-03
+230.104000E-06,+402.010053396E-03
+230.112000E-06,+402.010053396E-03
+230.120000E-06,+402.010053396E-03
+230.128000E-06,+402.010053396E-03
+230.136000E-06,+201.005032210E-03
+230.144000E-06,+402.010047884E-03
+230.152000E-06,+402.010053396E-03
+230.160000E-06,+402.010053396E-03
+230.168000E-06,+402.010053396E-03
+230.176000E-06,+402.010053396E-03
+230.184000E-06,+402.010053396E-03
+230.192000E-06,+402.010053396E-03
+230.200000E-06,+402.010053396E-03
+230.208000E-06,+402.010053396E-03
+230.216000E-06,+402.010053396E-03
+230.224000E-06,+402.010053396E-03
+230.232000E-06,+402.010053396E-03
+230.240000E-06,+402.010053396E-03
+230.248000E-06,+402.010053396E-03
+230.256000E-06,+402.010053396E-03
+230.264000E-06,+402.010053396E-03
+230.272000E-06,+402.010053396E-03
+230.280000E-06,+402.010053396E-03
+230.288000E-06,+201.005032215E-03
+230.296000E-06,+402.010047880E-03
+230.304000E-06,+402.010053396E-03
+230.312000E-06,+402.010053396E-03
+230.320000E-06,+402.010053396E-03
+230.328000E-06,+201.005032216E-03
+230.336000E-06,+402.010047878E-03
+230.344000E-06,+402.010053396E-03
+230.352000E-06,+402.010053396E-03
+230.360000E-06,+402.010053396E-03
+230.368000E-06,+402.010053396E-03
+230.376000E-06,+201.005032218E-03
+230.384000E-06,+402.010047877E-03
+230.392000E-06,+402.010053396E-03
+230.400000E-06,+402.010053396E-03
+230.408000E-06,+402.010053396E-03
+230.416000E-06,+402.010053396E-03
+230.424000E-06,+402.010053396E-03
+230.432000E-06,+402.010053396E-03
+230.440000E-06,+402.010053396E-03
+230.448000E-06,+201.005032219E-03
+230.456000E-06,+402.010047874E-03
+230.464000E-06,+402.010053396E-03
+230.472000E-06,+402.010053396E-03
+230.480000E-06,+402.010053396E-03
+230.488000E-06,+402.010053396E-03
+230.496000E-06,+402.010053396E-03
+230.504000E-06,+402.010053396E-03
+230.512000E-06,+402.010053396E-03
+230.520000E-06,+402.010053396E-03
+230.528000E-06,+402.010053396E-03
+230.536000E-06,+402.010053396E-03
+230.544000E-06,+201.005032222E-03
+230.552000E-06,+402.010047871E-03
+230.560000E-06,+402.010053396E-03
+230.568000E-06,+402.010053396E-03
+230.576000E-06,+402.010053396E-03
+230.584000E-06,+402.010053396E-03
+230.592000E-06,+402.010053396E-03
+230.600000E-06,+402.010053396E-03
+230.608000E-06,+402.010053396E-03
+230.616000E-06,+402.010053396E-03
+230.624000E-06,+402.010053396E-03
+230.632000E-06,+402.010053396E-03
+230.640000E-06,+402.010053396E-03
+230.648000E-06,+402.010053396E-03
+230.656000E-06,+603.015074566E-03
+230.664000E-06,+402.010058924E-03
+230.672000E-06,+201.005032226E-03
+230.680000E-06,+402.010047868E-03
+230.688000E-06,+201.005032226E-03
+230.696000E-06,+402.010047868E-03
+230.704000E-06,+201.005032226E-03
+230.712000E-06,+402.010047868E-03
+230.720000E-06,+402.010053396E-03
+230.728000E-06,+402.010053396E-03
+230.736000E-06,+402.010053396E-03
+230.744000E-06,+201.005032229E-03
+230.752000E-06,+402.010047865E-03
+230.760000E-06,+402.010053396E-03
+230.768000E-06,+402.010053396E-03
+230.776000E-06,+402.010053396E-03
+230.784000E-06,+402.010053396E-03
+230.792000E-06,+402.010053396E-03
+230.800000E-06,+402.010053396E-03
+230.808000E-06,+402.010053396E-03
+230.816000E-06,+402.010053396E-03
+230.824000E-06,+402.010053396E-03
+230.832000E-06,+201.005032231E-03
+230.840000E-06,+402.010047862E-03
+230.848000E-06,+201.005032232E-03
+230.856000E-06,+402.010047862E-03
+230.864000E-06,+402.010053396E-03
+230.872000E-06,+201.005032232E-03
+230.880000E-06,+201.005026698E-03
+230.888000E-06,+402.010047862E-03
+230.896000E-06,+402.010053396E-03
+230.904000E-06,+402.010053396E-03
+230.912000E-06,+201.005032234E-03
+230.920000E-06,+402.010047861E-03
+230.928000E-06,+402.010053396E-03
+230.936000E-06,+402.010053396E-03
+230.944000E-06,+201.005032235E-03
+230.952000E-06,+402.010047859E-03
+230.960000E-06,+402.010053396E-03
+230.968000E-06,+402.010053396E-03
+230.976000E-06,+402.010053396E-03
+230.984000E-06,+402.010053396E-03
+230.992000E-06,+402.010053396E-03
+231.000000E-06,+201.005032235E-03
+231.008000E-06,+402.010047859E-03
+231.016000E-06,+402.010053396E-03
+231.024000E-06,+402.010053396E-03
+231.032000E-06,+402.010053396E-03
+231.040000E-06,+603.015074554E-03
+231.048000E-06,+402.010058936E-03
+231.056000E-06,+402.010053396E-03
+231.064000E-06,+201.005032238E-03
+231.072000E-06,+201.005026698E-03
+231.080000E-06,+402.010047856E-03
+231.088000E-06,+201.005032238E-03
+231.096000E-06,+402.010047856E-03
+231.104000E-06,+402.010053396E-03
+231.112000E-06,+402.010053396E-03
+231.120000E-06,+402.010053396E-03
+231.128000E-06,+402.010053396E-03
+231.136000E-06,+201.005032241E-03
+231.144000E-06,+402.010047853E-03
+231.152000E-06,+402.010053396E-03
+231.160000E-06,+402.010053396E-03
+231.168000E-06,+402.010053396E-03
+231.176000E-06,+402.010053396E-03
+231.184000E-06,+402.010053396E-03
+231.192000E-06,+402.010053396E-03
+231.200000E-06,+402.010053396E-03
+231.208000E-06,+402.010053396E-03
+231.216000E-06,+201.005032242E-03
+231.224000E-06,+402.010047852E-03
+231.232000E-06,+402.010053396E-03
+231.240000E-06,+201.005032244E-03
+231.248000E-06,+201.005026698E-03
+231.256000E-06,+201.005026698E-03
+231.264000E-06,+201.005026698E-03
+231.272000E-06,+402.010047850E-03
+231.280000E-06,+402.010053396E-03
+231.288000E-06,+402.010053396E-03
+231.296000E-06,+402.010053396E-03
+231.304000E-06,+402.010053396E-03
+231.312000E-06,+402.010053396E-03
+231.320000E-06,+402.010053396E-03
+231.328000E-06,+402.010053396E-03
+231.336000E-06,+402.010053396E-03
+231.344000E-06,+201.005032247E-03
+231.352000E-06,+201.005026698E-03
+231.360000E-06,+201.005026698E-03
+231.368000E-06,+402.010047847E-03
+231.376000E-06,+402.010053396E-03
+231.384000E-06,+402.010053396E-03
+231.392000E-06,+402.010053396E-03
+231.400000E-06,+201.005032248E-03
+231.408000E-06,+402.010047846E-03
+231.416000E-06,+402.010053396E-03
+231.424000E-06,+201.005032250E-03
+231.432000E-06,+201.005026698E-03
+231.440000E-06,+402.010047845E-03
+231.448000E-06,+201.005032250E-03
+231.456000E-06,+402.010047845E-03
+231.464000E-06,+402.010053396E-03
+231.472000E-06,+402.010053396E-03
+231.480000E-06,+201.005032250E-03
+231.488000E-06,+201.005026698E-03
+231.496000E-06,+402.010047843E-03
+231.504000E-06,+201.005032251E-03
+231.512000E-06,+402.010047843E-03
+231.520000E-06,+201.005032253E-03
+231.528000E-06,+402.010047842E-03
+231.536000E-06,+402.010053396E-03
+231.544000E-06,+402.010053396E-03
+231.552000E-06,+402.010053396E-03
+231.560000E-06,+402.010053396E-03
+231.568000E-06,+402.010053396E-03
+231.576000E-06,+402.010053396E-03
+231.584000E-06,+402.010053396E-03
+231.592000E-06,+201.005032253E-03
+231.600000E-06,+402.010047840E-03
+231.608000E-06,+402.010053396E-03
+231.616000E-06,+201.005032254E-03
+231.624000E-06,+201.005026698E-03
+231.632000E-06,+402.010047839E-03
+231.640000E-06,+201.005032256E-03
+231.648000E-06,+402.010047839E-03
+231.656000E-06,+402.010053396E-03
+231.664000E-06,+201.005032256E-03
+231.672000E-06,+201.005026698E-03
+231.680000E-06,+201.005026698E-03
+231.688000E-06,+201.005026698E-03
+231.696000E-06,+402.010047837E-03
+231.704000E-06,+402.010053396E-03
+231.712000E-06,+402.010053396E-03
+231.720000E-06,+402.010053396E-03
+231.728000E-06,+201.005032259E-03
+231.736000E-06,+402.010047836E-03
+231.744000E-06,+201.005032259E-03
+231.752000E-06,+201.005026698E-03
+231.760000E-06,+402.010047836E-03
+231.768000E-06,+201.005032259E-03
+231.776000E-06,+201.005026698E-03
+231.784000E-06,+402.010047836E-03
+231.792000E-06,+201.005032260E-03
+231.800000E-06,+201.005026698E-03
+231.808000E-06,+201.005026698E-03
+231.816000E-06,+201.005026698E-03
+231.824000E-06,+201.005026698E-03
+231.832000E-06,+402.010047833E-03
+231.840000E-06,+201.005032261E-03
+231.848000E-06,+402.010047833E-03
+231.856000E-06,+201.005032261E-03
+231.864000E-06,+201.005026698E-03
+231.872000E-06,+201.005026698E-03
+231.880000E-06,+402.010047833E-03
+231.888000E-06,+402.010053396E-03
+231.896000E-06,+201.005032263E-03
+231.904000E-06,+201.005026698E-03
+231.912000E-06,+402.010047830E-03
+231.920000E-06,+201.005032264E-03
+231.928000E-06,+402.010047830E-03
+231.936000E-06,+201.005032264E-03
+231.944000E-06,+402.010047830E-03
+231.952000E-06,+201.005032264E-03
+231.960000E-06,+402.010047830E-03
+231.968000E-06,+201.005032264E-03
+231.976000E-06,+402.010047830E-03
+231.984000E-06,+201.005032266E-03
+231.992000E-06,+201.005026698E-03
+232.000000E-06,+201.005026698E-03
+232.008000E-06,+201.005026698E-03
+232.016000E-06,+201.005026698E-03
+232.024000E-06,+402.010047827E-03
+232.032000E-06,+201.005032267E-03
+232.040000E-06,+402.010047827E-03
+232.048000E-06,+402.010053396E-03
+232.056000E-06,+402.010053396E-03
+232.064000E-06,+201.005032267E-03
+232.072000E-06,+201.005026698E-03
+232.080000E-06,+201.005026698E-03
+232.088000E-06,+201.005026698E-03
+232.096000E-06,+201.005026698E-03
+232.104000E-06,+201.005026698E-03
+232.112000E-06,+402.010047824E-03
+232.120000E-06,+402.010053396E-03
+232.128000E-06,+201.005032270E-03
+232.136000E-06,+402.010047824E-03
+232.144000E-06,+201.005032270E-03
+232.152000E-06,+201.005026698E-03
+232.160000E-06,+201.005026698E-03
+232.168000E-06,+201.005026698E-03
+232.176000E-06,+402.010047824E-03
+232.184000E-06,+201.005032272E-03
+232.192000E-06,+402.010047823E-03
+232.200000E-06,+201.005032272E-03
+232.208000E-06,+201.005026698E-03
+232.216000E-06,+201.005026698E-03
+232.224000E-06,+402.010047821E-03
+232.232000E-06,+201.005032273E-03
+232.240000E-06,+201.005026698E-03
+232.248000E-06,+201.005026698E-03
+232.256000E-06,+201.005026698E-03
+232.264000E-06,+201.005026698E-03
+232.272000E-06,+201.005026698E-03
+232.280000E-06,+201.005026698E-03
+232.288000E-06,+402.010047820E-03
+232.296000E-06,+201.005032275E-03
+232.304000E-06,+402.010047818E-03
+232.312000E-06,+402.010053396E-03
+232.320000E-06,+402.010053396E-03
+232.328000E-06,+402.010053396E-03
+232.336000E-06,+402.010053396E-03
+232.344000E-06,+201.005032276E-03
+232.352000E-06,+402.010047818E-03
+232.360000E-06,+402.010053396E-03
+232.368000E-06,+402.010053396E-03
+232.376000E-06,+201.005032278E-03
+232.384000E-06,+402.010047817E-03
+232.392000E-06,+201.005032278E-03
+232.400000E-06,+402.010047815E-03
+232.408000E-06,+201.005032279E-03
+232.416000E-06,+201.005026698E-03
+232.424000E-06,+201.005026698E-03
+232.432000E-06,+201.005026698E-03
+232.440000E-06,+201.005026698E-03
+232.448000E-06,+201.005026698E-03
+232.456000E-06,+402.010047815E-03
+232.464000E-06,+201.005032279E-03
+232.472000E-06,+201.005026698E-03
+232.480000E-06,+402.010047814E-03
+232.488000E-06,+201.005032280E-03
+232.496000E-06,+201.005026698E-03
+232.504000E-06,+201.005026698E-03
+232.512000E-06,+201.005026698E-03
+232.520000E-06,+201.005026698E-03
+232.528000E-06,+201.005026698E-03
+232.536000E-06,+201.005026698E-03
+232.544000E-06,+402.010047812E-03
+232.552000E-06,+201.005032282E-03
+232.560000E-06,+201.005026698E-03
+232.568000E-06,+201.005026698E-03
+232.576000E-06,+402.010047811E-03
+232.584000E-06,+201.005032283E-03
+232.592000E-06,+201.005026698E-03
+232.600000E-06,+201.005026698E-03
+232.608000E-06,+201.005026698E-03
+232.616000E-06,+201.005026698E-03
+232.624000E-06,+201.005026698E-03
+232.632000E-06,+201.005026698E-03
+232.640000E-06,+402.010047809E-03
+232.648000E-06,+201.005032285E-03
+232.656000E-06,+402.010047809E-03
+232.664000E-06,+402.010053396E-03
+232.672000E-06,+201.005032286E-03
+232.680000E-06,+201.005026698E-03
+232.688000E-06,+402.010047808E-03
+232.696000E-06,+201.005032288E-03
+232.704000E-06,+402.010047807E-03
+232.712000E-06,+201.005032288E-03
+232.720000E-06,+201.005026698E-03
+232.728000E-06,+402.010047807E-03
+232.736000E-06,+201.005032288E-03
+232.744000E-06,+201.005026698E-03
+232.752000E-06,+201.005026698E-03
+232.760000E-06,+402.010047807E-03
+232.768000E-06,+201.005032289E-03
+232.776000E-06,+402.010047805E-03
+232.784000E-06,+201.005032289E-03
+232.792000E-06,+201.005026698E-03
+232.800000E-06,+402.010047804E-03
+232.808000E-06,+201.005032291E-03
+232.816000E-06,+201.005026698E-03
+232.824000E-06,+201.005026698E-03
+232.832000E-06,+201.005026698E-03
+232.840000E-06,+201.005026698E-03
+232.848000E-06,+201.005026698E-03
+232.856000E-06,+402.010047804E-03
+232.864000E-06,+201.005032292E-03
+232.872000E-06,+201.005026698E-03
+232.880000E-06,+201.005026698E-03
+232.888000E-06,+201.005026698E-03
+232.896000E-06,+201.005026698E-03
+232.904000E-06,+201.005026698E-03
+232.912000E-06,+201.005026698E-03
+232.920000E-06,+201.005026698E-03
+232.928000E-06,+201.005026698E-03
+232.936000E-06,+201.005026698E-03
+232.944000E-06,+201.005026698E-03
+232.952000E-06,+201.005026698E-03
+232.960000E-06,+201.005026698E-03
+232.968000E-06,+201.005026698E-03
+232.976000E-06,+201.005026698E-03
+232.984000E-06,+201.005026698E-03
+232.992000E-06,+402.010047798E-03
+233.000000E-06,+402.010053396E-03
+233.008000E-06,+201.005032297E-03
+233.016000E-06,+201.005026698E-03
+233.024000E-06,+201.005026698E-03
+233.032000E-06,+201.005026698E-03
+233.040000E-06,+201.005026698E-03
+233.048000E-06,+201.005026698E-03
+233.056000E-06,+201.005026698E-03
+233.064000E-06,+201.005026698E-03
+233.072000E-06,+402.010047796E-03
+233.080000E-06,+201.005032300E-03
+233.088000E-06,+402.010047795E-03
+233.096000E-06,+402.010053396E-03
+233.104000E-06,+201.005032300E-03
+233.112000E-06,+201.005026698E-03
+233.120000E-06,+201.005026698E-03
+233.128000E-06,+201.005026698E-03
+233.136000E-06,+201.005026698E-03
+233.144000E-06,+201.005026698E-03
+233.152000E-06,+201.005026698E-03
+233.160000E-06,+201.005026698E-03
+233.168000E-06,+201.005026698E-03
+233.176000E-06,+201.005026698E-03
+233.184000E-06,+201.005026698E-03
+233.192000E-06,+201.005026698E-03
+233.200000E-06,+402.010047792E-03
+233.208000E-06,+201.005032302E-03
+233.216000E-06,+201.005026698E-03
+233.224000E-06,+201.005026698E-03
+233.232000E-06,+201.005026698E-03
+233.240000E-06,+201.005026698E-03
+233.248000E-06,+201.005026698E-03
+233.256000E-06,+201.005026698E-03
+233.264000E-06,+201.005026698E-03
+233.272000E-06,+201.005026698E-03
+233.280000E-06,+201.005026698E-03
+233.288000E-06,+201.005026698E-03
+233.296000E-06,+402.010047789E-03
+233.304000E-06,+201.005032305E-03
+233.312000E-06,+201.005026698E-03
+233.320000E-06,+402.010047789E-03
+233.328000E-06,+201.005032305E-03
+233.336000E-06,+201.005026698E-03
+233.344000E-06,+402.010047789E-03
+233.352000E-06,+402.010053396E-03
+233.360000E-06,+201.005032307E-03
+233.368000E-06,+201.005026698E-03
+233.376000E-06,+201.005026698E-03
+233.384000E-06,+201.005026698E-03
+233.392000E-06,+201.005026698E-03
+233.400000E-06,+201.005026698E-03
+233.408000E-06,+201.005026698E-03
+233.416000E-06,+201.005026698E-03
+233.424000E-06,+201.005026698E-03
+233.432000E-06,+201.005026698E-03
+233.440000E-06,+201.005026698E-03
+233.448000E-06,+201.005026698E-03
+233.456000E-06,+201.005026698E-03
+233.464000E-06,+201.005026698E-03
+233.472000E-06,+402.010047783E-03
+233.480000E-06,+201.005032311E-03
+233.488000E-06,+201.005026698E-03
+233.496000E-06,+201.005026698E-03
+233.504000E-06,+201.005026698E-03
+233.512000E-06,+201.005026698E-03
+233.520000E-06,+201.005026698E-03
+233.528000E-06,+201.005026698E-03
+233.536000E-06,+402.010047783E-03
+233.544000E-06,+201.005032313E-03
+233.552000E-06,+201.005026698E-03
+233.560000E-06,+201.005026698E-03
+233.568000E-06,+201.005026698E-03
+233.576000E-06,+201.005026698E-03
+233.584000E-06,+201.005026698E-03
+233.592000E-06,+201.005026698E-03
+233.600000E-06,+201.005026698E-03
+233.608000E-06,+201.005026698E-03
+233.616000E-06,+201.005026698E-03
+233.624000E-06,+201.005026698E-03
+233.632000E-06,+201.005026698E-03
+233.640000E-06,+201.005026698E-03
+233.648000E-06,+201.005026698E-03
+233.656000E-06,+201.005026698E-03
+233.664000E-06,+201.005026698E-03
+233.672000E-06,+201.005026698E-03
+233.680000E-06,+201.005026698E-03
+233.688000E-06,+201.005026698E-03
+233.696000E-06,+402.010047777E-03
+233.704000E-06,+402.010053396E-03
+233.712000E-06,+201.005032317E-03
+233.720000E-06,+201.005026698E-03
+233.728000E-06,+201.005026698E-03
+233.736000E-06,+201.005026698E-03
+233.744000E-06,+201.005026698E-03
+233.752000E-06,+201.005026698E-03
+233.760000E-06,+201.005026698E-03
+233.768000E-06,+402.010047774E-03
+233.776000E-06,+201.005032320E-03
+233.784000E-06,+402.010047774E-03
+233.792000E-06,+201.005032320E-03
+233.800000E-06,+201.005026698E-03
+233.808000E-06,+201.005026698E-03
+233.816000E-06,+201.005026698E-03
+233.824000E-06,+201.005026698E-03
+233.832000E-06,+201.005026698E-03
+233.840000E-06,+201.005026698E-03
+233.848000E-06,+201.005026698E-03
+233.856000E-06,+201.005026698E-03
+233.864000E-06,+201.005026698E-03
+233.872000E-06,+201.005026698E-03
+233.880000E-06,+201.005026698E-03
+233.888000E-06,+402.010047771E-03
+233.896000E-06,+201.005032323E-03
+233.904000E-06,+201.005026698E-03
+233.912000E-06,+201.005026698E-03
+233.920000E-06,+201.005026698E-03
+233.928000E-06,+201.005026698E-03
+233.936000E-06,+201.005026698E-03
+233.944000E-06,+201.005026698E-03
+233.952000E-06,+201.005026698E-03
+233.960000E-06,+201.005026698E-03
+233.968000E-06,+5.628E-09
+233.976000E-06,+201.005021070E-03
+233.984000E-06,+201.005026698E-03
+233.992000E-06,+201.005026698E-03
+234.000000E-06,+201.005026698E-03
+234.008000E-06,+201.005026698E-03
+234.016000E-06,+201.005026698E-03
+234.024000E-06,+201.005026698E-03
+234.032000E-06,+201.005026698E-03
+234.040000E-06,+201.005026698E-03
+234.048000E-06,+201.005026698E-03
+234.056000E-06,+201.005026698E-03
+234.064000E-06,+201.005026698E-03
+234.072000E-06,+201.005026698E-03
+234.080000E-06,+402.010047766E-03
+234.088000E-06,+201.005032329E-03
+234.096000E-06,+201.005026698E-03
+234.104000E-06,+201.005026698E-03
+234.112000E-06,+201.005026698E-03
+234.120000E-06,+201.005026698E-03
+234.128000E-06,+201.005026698E-03
+234.136000E-06,+201.005026698E-03
+234.144000E-06,+201.005026698E-03
+234.152000E-06,+201.005026698E-03
+234.160000E-06,+402.010047763E-03
+234.168000E-06,+201.005032332E-03
+234.176000E-06,+201.005026698E-03
+234.184000E-06,+201.005026698E-03
+234.192000E-06,+201.005026698E-03
+234.200000E-06,+201.005026698E-03
+234.208000E-06,+201.005026698E-03
+234.216000E-06,+201.005026698E-03
+234.224000E-06,+201.005026698E-03
+234.232000E-06,+201.005026698E-03
+234.240000E-06,+201.005026698E-03
+234.248000E-06,+201.005026698E-03
+234.256000E-06,+201.005026698E-03
+234.264000E-06,+201.005026698E-03
+234.272000E-06,+201.005026698E-03
+234.280000E-06,+201.005026698E-03
+234.288000E-06,+201.005026698E-03
+234.296000E-06,+201.005026698E-03
+234.304000E-06,+201.005026698E-03
+234.312000E-06,+201.005026698E-03
+234.320000E-06,+201.005026698E-03
+234.328000E-06,+201.005026698E-03
+234.336000E-06,+201.005026698E-03
+234.344000E-06,+402.010047758E-03
+234.352000E-06,+201.005032338E-03
+234.360000E-06,+201.005026698E-03
+234.368000E-06,+201.005026698E-03
+234.376000E-06,+201.005026698E-03
+234.384000E-06,+201.005026698E-03
+234.392000E-06,+201.005026698E-03
+234.400000E-06,+201.005026698E-03
+234.408000E-06,+201.005026698E-03
+234.416000E-06,+201.005026698E-03
+234.424000E-06,+201.005026698E-03
+234.432000E-06,+201.005026698E-03
+234.440000E-06,+201.005026698E-03
+234.448000E-06,+201.005026698E-03
+234.456000E-06,+201.005026698E-03
+234.464000E-06,+201.005026698E-03
+234.472000E-06,+5.642E-09
+234.480000E-06,+201.005021056E-03
+234.488000E-06,+402.010047754E-03
+234.496000E-06,+201.005032340E-03
+234.504000E-06,+201.005026698E-03
+234.512000E-06,+201.005026698E-03
+234.520000E-06,+201.005026698E-03
+234.528000E-06,+201.005026698E-03
+234.536000E-06,+201.005026698E-03
+234.544000E-06,+201.005026698E-03
+234.552000E-06,+201.005026698E-03
+234.560000E-06,+201.005026698E-03
+234.568000E-06,+201.005026698E-03
+234.576000E-06,+201.005026698E-03
+234.584000E-06,+5.645E-09
+234.592000E-06,+201.005021053E-03
+234.600000E-06,+201.005026698E-03
+234.608000E-06,+201.005026698E-03
+234.616000E-06,+201.005026698E-03
+234.624000E-06,+201.005026698E-03
+234.632000E-06,+201.005026698E-03
+234.640000E-06,+201.005026698E-03
+234.648000E-06,+201.005026698E-03
+234.656000E-06,+201.005026698E-03
+234.664000E-06,+201.005026698E-03
+234.672000E-06,+201.005026698E-03
+234.680000E-06,+201.005026698E-03
+234.688000E-06,+201.005026698E-03
+234.696000E-06,+201.005026698E-03
+234.704000E-06,+201.005026698E-03
+234.712000E-06,+201.005026698E-03
+234.720000E-06,+201.005026698E-03
+234.728000E-06,+201.005026698E-03
+234.736000E-06,+201.005026698E-03
+234.744000E-06,+201.005026698E-03
+234.752000E-06,+201.005026698E-03
+234.760000E-06,+201.005026698E-03
+234.768000E-06,+201.005026698E-03
+234.776000E-06,+402.010047745E-03
+234.784000E-06,+201.005032349E-03
+234.792000E-06,+201.005026698E-03
+234.800000E-06,+201.005026698E-03
+234.808000E-06,+201.005026698E-03
+234.816000E-06,+201.005026698E-03
+234.824000E-06,+201.005026698E-03
+234.832000E-06,+201.005026698E-03
+234.840000E-06,+201.005026698E-03
+234.848000E-06,+201.005026698E-03
+234.856000E-06,+201.005026698E-03
+234.864000E-06,+201.005026698E-03
+234.872000E-06,+201.005026698E-03
+234.880000E-06,+201.005026698E-03
+234.888000E-06,+201.005026698E-03
+234.896000E-06,+201.005026698E-03
+234.904000E-06,+201.005026698E-03
+234.912000E-06,+201.005026698E-03
+234.920000E-06,+201.005026698E-03
+234.928000E-06,+201.005026698E-03
+234.936000E-06,+201.005026698E-03
+234.944000E-06,+201.005026698E-03
+234.952000E-06,+201.005026698E-03
+234.960000E-06,+201.005026698E-03
+234.968000E-06,+201.005026698E-03
+234.976000E-06,+201.005026698E-03
+234.984000E-06,+201.005026698E-03
+234.992000E-06,+201.005026698E-03
+235.000000E-06,+201.005026698E-03
+235.008000E-06,+201.005026698E-03
+235.016000E-06,+201.005026698E-03
+235.024000E-06,+201.005026698E-03
+235.032000E-06,+201.005026698E-03
+235.040000E-06,+201.005026698E-03
+235.048000E-06,+201.005026698E-03
+235.056000E-06,+201.005026698E-03
+235.064000E-06,+201.005026698E-03
+235.072000E-06,+201.005026698E-03
+235.080000E-06,+402.010047736E-03
+235.088000E-06,+201.005032358E-03
+235.096000E-06,+201.005026698E-03
+235.104000E-06,+201.005026698E-03
+235.112000E-06,+201.005026698E-03
+235.120000E-06,+201.005026698E-03
+235.128000E-06,+201.005026698E-03
+235.136000E-06,+201.005026698E-03
+235.144000E-06,+201.005026698E-03
+235.152000E-06,+5.663E-09
+235.160000E-06,+201.005021035E-03
+235.168000E-06,+201.005026698E-03
+235.176000E-06,+201.005026698E-03
+235.184000E-06,+201.005026698E-03
+235.192000E-06,+201.005026698E-03
+235.200000E-06,+5.664E-09
+235.208000E-06,+201.005021034E-03
+235.216000E-06,+201.005026698E-03
+235.224000E-06,+201.005026698E-03
+235.232000E-06,+201.005026698E-03
+235.240000E-06,+201.005026698E-03
+235.248000E-06,+201.005026698E-03
+235.256000E-06,+201.005026698E-03
+235.264000E-06,+201.005026698E-03
+235.272000E-06,+201.005026698E-03
+235.280000E-06,+201.005026698E-03
+235.288000E-06,+201.005026698E-03
+235.296000E-06,+201.005026698E-03
+235.304000E-06,+201.005026698E-03
+235.312000E-06,+201.005026698E-03
+235.320000E-06,+201.005026698E-03
+235.328000E-06,+201.005026698E-03
+235.336000E-06,+201.005026698E-03
+235.344000E-06,+201.005026698E-03
+235.352000E-06,+201.005026698E-03
+235.360000E-06,+201.005026698E-03
+235.368000E-06,+201.005026698E-03
+235.376000E-06,+201.005026698E-03
+235.384000E-06,+201.005026698E-03
+235.392000E-06,+201.005026698E-03
+235.400000E-06,+201.005026698E-03
+235.408000E-06,+201.005026698E-03
+235.416000E-06,+201.005026698E-03
+235.424000E-06,+201.005026698E-03
+235.432000E-06,+201.005026698E-03
+235.440000E-06,+201.005026698E-03
+235.448000E-06,+201.005026698E-03
+235.456000E-06,+201.005026698E-03
+235.464000E-06,+201.005026698E-03
+235.472000E-06,+201.005026698E-03
+235.480000E-06,+201.005026698E-03
+235.488000E-06,+201.005026698E-03
+235.496000E-06,+5.673E-09
+235.504000E-06,+201.005021025E-03
+235.512000E-06,+201.005026698E-03
+235.520000E-06,+201.005026698E-03
+235.528000E-06,+201.005026698E-03
+235.536000E-06,+201.005026698E-03
+235.544000E-06,+201.005026698E-03
+235.552000E-06,+201.005026698E-03
+235.560000E-06,+201.005026698E-03
+235.568000E-06,+201.005026698E-03
+235.576000E-06,+201.005026698E-03
+235.584000E-06,+5.675E-09
+235.592000E-06,+201.005021022E-03
+235.600000E-06,+201.005026698E-03
+235.608000E-06,+201.005026698E-03
+235.616000E-06,+201.005026698E-03
+235.624000E-06,+201.005026698E-03
+235.632000E-06,+5.677E-09
+235.640000E-06,+201.005021021E-03
+235.648000E-06,+201.005026698E-03
+235.656000E-06,+201.005026698E-03
+235.664000E-06,+201.005026698E-03
+235.672000E-06,+201.005026698E-03
+235.680000E-06,+201.005026698E-03
+235.688000E-06,+201.005026698E-03
+235.696000E-06,+5.679E-09
+235.704000E-06,+201.005021019E-03
+235.712000E-06,+201.005026698E-03
+235.720000E-06,+201.005026698E-03
+235.728000E-06,+201.005026698E-03
+235.736000E-06,+201.005026698E-03
+235.744000E-06,+5.680E-09
+235.752000E-06,+201.005021018E-03
+235.760000E-06,+201.005026698E-03
+235.768000E-06,+201.005026698E-03
+235.776000E-06,+201.005026698E-03
+235.784000E-06,+201.005026698E-03
+235.792000E-06,+201.005026698E-03
+235.800000E-06,+201.005026698E-03
+235.808000E-06,+201.005026698E-03
+235.816000E-06,+201.005026698E-03
+235.824000E-06,+201.005026698E-03
+235.832000E-06,+201.005026698E-03
+235.840000E-06,+201.005026698E-03
+235.848000E-06,+201.005026698E-03
+235.856000E-06,+201.005026698E-03
+235.864000E-06,+201.005026698E-03
+235.872000E-06,+201.005026698E-03
+235.880000E-06,+201.005026698E-03
+235.888000E-06,+201.005026698E-03
+235.896000E-06,+201.005026698E-03
+235.904000E-06,+201.005026698E-03
+235.912000E-06,+201.005026698E-03
+235.920000E-06,+201.005026698E-03
+235.928000E-06,+201.005026698E-03
+235.936000E-06,+5.686E-09
+235.944000E-06,+201.005021012E-03
+235.952000E-06,+201.005026698E-03
+235.960000E-06,+201.005026698E-03
+235.968000E-06,+201.005026698E-03
+235.976000E-06,+201.005026698E-03
+235.984000E-06,+201.005026698E-03
+235.992000E-06,+201.005026698E-03
+236.000000E-06,+201.005026698E-03
+236.008000E-06,+201.005026698E-03
+236.016000E-06,+201.005026698E-03
+236.024000E-06,+201.005026698E-03
+236.032000E-06,+201.005026698E-03
+236.040000E-06,+402.010047707E-03
+236.048000E-06,+201.005032387E-03
+236.056000E-06,+201.005026698E-03
+236.064000E-06,+201.005026698E-03
+236.072000E-06,+201.005026698E-03
+236.080000E-06,+5.691E-09
+236.088000E-06,+201.005021008E-03
+236.096000E-06,+201.005026698E-03
+236.104000E-06,+201.005026698E-03
+236.112000E-06,+402.010047704E-03
+236.120000E-06,+201.005032390E-03
+236.128000E-06,+201.005026698E-03
+236.136000E-06,+5.692E-09
+236.144000E-06,+201.005021006E-03
+236.152000E-06,+201.005026698E-03
+236.160000E-06,+201.005026698E-03
+236.168000E-06,+201.005026698E-03
+236.176000E-06,+201.005026698E-03
+236.184000E-06,+201.005026698E-03
+236.192000E-06,+201.005026698E-03
+236.200000E-06,+201.005026698E-03
+236.208000E-06,+5.695E-09
+236.216000E-06,+0.0E+00
+236.224000E-06,+402.010042006E-03
+236.232000E-06,+201.005032393E-03
+236.240000E-06,+201.005026698E-03
+236.248000E-06,+201.005026698E-03
+236.256000E-06,+402.010047701E-03
+236.264000E-06,+402.010053396E-03
+236.272000E-06,+201.005032395E-03
+236.280000E-06,+201.005026698E-03
+236.288000E-06,+201.005026698E-03
+236.296000E-06,+201.005026698E-03
+236.304000E-06,+201.005026698E-03
+236.312000E-06,+201.005026698E-03
+236.320000E-06,+201.005026698E-03
+236.328000E-06,+201.005026698E-03
+236.336000E-06,+201.005026698E-03
+236.344000E-06,+5.698E-09
+236.352000E-06,+201.005021000E-03
+236.360000E-06,+201.005026698E-03
+236.368000E-06,+201.005026698E-03
+236.376000E-06,+201.005026698E-03
+236.384000E-06,+5.699E-09
+236.392000E-06,+0.0E+00
+236.400000E-06,+201.005020997E-03
+236.408000E-06,+201.005026698E-03
+236.416000E-06,+201.005026698E-03
+236.424000E-06,+201.005026698E-03
+236.432000E-06,+5.701E-09
+236.440000E-06,+201.005020997E-03
+236.448000E-06,+201.005026698E-03
+236.456000E-06,+201.005026698E-03
+236.464000E-06,+201.005026698E-03
+236.472000E-06,+201.005026698E-03
+236.480000E-06,+201.005026698E-03
+236.488000E-06,+201.005026698E-03
+236.496000E-06,+5.704E-09
+236.504000E-06,+201.005020994E-03
+236.512000E-06,+201.005026698E-03
+236.520000E-06,+201.005026698E-03
+236.528000E-06,+201.005026698E-03
+236.536000E-06,+201.005026698E-03
+236.544000E-06,+201.005026698E-03
+236.552000E-06,+201.005026698E-03
+236.560000E-06,+201.005026698E-03
+236.568000E-06,+201.005026698E-03
+236.576000E-06,+201.005026698E-03
+236.584000E-06,+201.005026698E-03
+236.592000E-06,+201.005026698E-03
+236.600000E-06,+201.005026698E-03
+236.608000E-06,+201.005026698E-03
+236.616000E-06,+201.005026698E-03
+236.624000E-06,+201.005026698E-03
+236.632000E-06,+201.005026698E-03
+236.640000E-06,+201.005026698E-03
+236.648000E-06,+201.005026698E-03
+236.656000E-06,+201.005026698E-03
+236.664000E-06,+201.005026698E-03
+236.672000E-06,+201.005026698E-03
+236.680000E-06,+402.010047688E-03
+236.688000E-06,+11.419E-09
+236.696000E-06,+201.005020988E-03
+236.704000E-06,+201.005026698E-03
+236.712000E-06,+201.005026698E-03
+236.720000E-06,+201.005026698E-03
+236.728000E-06,+201.005026698E-03
+236.736000E-06,+201.005026698E-03
+236.744000E-06,+201.005026698E-03
+236.752000E-06,+201.005026698E-03
+236.760000E-06,+201.005026698E-03
+236.768000E-06,+201.005026698E-03
+236.776000E-06,+201.005026698E-03
+236.784000E-06,+201.005026698E-03
+236.792000E-06,+201.005026698E-03
+236.800000E-06,+201.005026698E-03
+236.808000E-06,+5.713E-09
+236.816000E-06,+201.005020986E-03
+236.824000E-06,+201.005026698E-03
+236.832000E-06,+201.005026698E-03
+236.840000E-06,+201.005026698E-03
+236.848000E-06,+201.005026698E-03
+236.856000E-06,+201.005026698E-03
+236.864000E-06,+201.005026698E-03
+236.872000E-06,+201.005026698E-03
+236.880000E-06,+201.005026698E-03
+236.888000E-06,+201.005026698E-03
+236.896000E-06,+201.005026698E-03
+236.904000E-06,+5.715E-09
+236.912000E-06,+201.005020983E-03
+236.920000E-06,+201.005026698E-03
+236.928000E-06,+201.005026698E-03
+236.936000E-06,+201.005026698E-03
+236.944000E-06,+201.005026698E-03
+236.952000E-06,+201.005026698E-03
+236.960000E-06,+201.005026698E-03
+236.968000E-06,+201.005026698E-03
+236.976000E-06,+201.005026698E-03
+236.984000E-06,+201.005026698E-03
+236.992000E-06,+201.005026698E-03
+237.000000E-06,+201.005026698E-03
+237.008000E-06,+201.005026698E-03
+237.016000E-06,+5.718E-09
+237.024000E-06,+201.005020980E-03
+237.032000E-06,+201.005026698E-03
+237.040000E-06,+201.005026698E-03
+237.048000E-06,+201.005026698E-03
+237.056000E-06,+201.005026698E-03
+237.064000E-06,+201.005026698E-03
+237.072000E-06,+201.005026698E-03
+237.080000E-06,+201.005026698E-03
+237.088000E-06,+201.005026698E-03
+237.096000E-06,+5.721E-09
+237.104000E-06,+201.005020977E-03
+237.112000E-06,+5.721E-09
+237.120000E-06,+201.005020977E-03
+237.128000E-06,+201.005026698E-03
+237.136000E-06,+201.005026698E-03
+237.144000E-06,+201.005026698E-03
+237.152000E-06,+201.005026698E-03
+237.160000E-06,+201.005026698E-03
+237.168000E-06,+201.005026698E-03
+237.176000E-06,+201.005026698E-03
+237.184000E-06,+201.005026698E-03
+237.192000E-06,+201.005026698E-03
+237.200000E-06,+5.724E-09
+237.208000E-06,+201.005020974E-03
+237.216000E-06,+201.005026698E-03
+237.224000E-06,+201.005026698E-03
+237.232000E-06,+201.005026698E-03
+237.240000E-06,+201.005026698E-03
+237.248000E-06,+201.005026698E-03
+237.256000E-06,+201.005026698E-03
+237.264000E-06,+201.005026698E-03
+237.272000E-06,+201.005026698E-03
+237.280000E-06,+201.005026698E-03
+237.288000E-06,+201.005026698E-03
+237.296000E-06,+201.005026698E-03
+237.304000E-06,+201.005026698E-03
+237.312000E-06,+201.005026698E-03
+237.320000E-06,+201.005026698E-03
+237.328000E-06,+201.005026698E-03
+237.336000E-06,+201.005026698E-03
+237.344000E-06,+201.005026698E-03
+237.352000E-06,+201.005026698E-03
+237.360000E-06,+201.005026698E-03
+237.368000E-06,+201.005026698E-03
+237.376000E-06,+201.005026698E-03
+237.384000E-06,+201.005026698E-03
+237.392000E-06,+201.005026698E-03
+237.400000E-06,+201.005026698E-03
+237.408000E-06,+201.005026698E-03
+237.416000E-06,+5.730E-09
+237.424000E-06,+201.005020968E-03
+237.432000E-06,+201.005026698E-03
+237.440000E-06,+201.005026698E-03
+237.448000E-06,+201.005026698E-03
+237.456000E-06,+201.005026698E-03
+237.464000E-06,+201.005026698E-03
+237.472000E-06,+201.005026698E-03
+237.480000E-06,+201.005026698E-03
+237.488000E-06,+201.005026698E-03
+237.496000E-06,+5.733E-09
+237.504000E-06,+201.005020965E-03
+237.512000E-06,+201.005026698E-03
+237.520000E-06,+201.005026698E-03
+237.528000E-06,+201.005026698E-03
+237.536000E-06,+201.005026698E-03
+237.544000E-06,+5.734E-09
+237.552000E-06,+201.005020964E-03
+237.560000E-06,+201.005026698E-03
+237.568000E-06,+201.005026698E-03
+237.576000E-06,+201.005026698E-03
+237.584000E-06,+201.005026698E-03
+237.592000E-06,+201.005026698E-03
+237.600000E-06,+201.005026698E-03
+237.608000E-06,+201.005026698E-03
+237.616000E-06,+201.005026698E-03
+237.624000E-06,+201.005026698E-03
+237.632000E-06,+5.737E-09
+237.640000E-06,+201.005020961E-03
+237.648000E-06,+201.005026698E-03
+237.656000E-06,+201.005026698E-03
+237.664000E-06,+201.005026698E-03
+237.672000E-06,+201.005026698E-03
+237.680000E-06,+201.005026698E-03
+237.688000E-06,+201.005026698E-03
+237.696000E-06,+201.005026698E-03
+237.704000E-06,+201.005026698E-03
+237.712000E-06,+201.005026698E-03
+237.720000E-06,+201.005026698E-03
+237.728000E-06,+201.005026698E-03
+237.736000E-06,+201.005026698E-03
+237.744000E-06,+201.005026698E-03
+237.752000E-06,+201.005026698E-03
+237.760000E-06,+201.005026698E-03
+237.768000E-06,+201.005026698E-03
+237.776000E-06,+201.005026698E-03
+237.784000E-06,+201.005026698E-03
+237.792000E-06,+201.005026698E-03
+237.800000E-06,+201.005026698E-03
+237.808000E-06,+201.005026698E-03
+237.816000E-06,+201.005026698E-03
+237.824000E-06,+201.005026698E-03
+237.832000E-06,+201.005026698E-03
+237.840000E-06,+201.005026698E-03
+237.848000E-06,+201.005026698E-03
+237.856000E-06,+201.005026698E-03
+237.864000E-06,+201.005026698E-03
+237.872000E-06,+201.005026698E-03
+237.880000E-06,+201.005026698E-03
+237.888000E-06,+201.005026698E-03
+237.896000E-06,+201.005026698E-03
+237.904000E-06,+201.005026698E-03
+237.912000E-06,+201.005026698E-03
+237.920000E-06,+201.005026698E-03
+237.928000E-06,+201.005026698E-03
+237.936000E-06,+201.005026698E-03
+237.944000E-06,+201.005026698E-03
+237.952000E-06,+201.005026698E-03
+237.960000E-06,+201.005026698E-03
+237.968000E-06,+201.005026698E-03
+237.976000E-06,+201.005026698E-03
+237.984000E-06,+201.005026698E-03
+237.992000E-06,+201.005026698E-03
+238.000000E-06,+201.005026698E-03
+238.008000E-06,+201.005026698E-03
+238.016000E-06,+402.010047649E-03
+238.024000E-06,+402.010053396E-03
+238.032000E-06,+201.005032447E-03
+238.040000E-06,+201.005026698E-03
+238.048000E-06,+201.005026698E-03
+238.056000E-06,+201.005026698E-03
+238.064000E-06,+201.005026698E-03
+238.072000E-06,+201.005026698E-03
+238.080000E-06,+201.005026698E-03
+238.088000E-06,+201.005026698E-03
+238.096000E-06,+201.005026698E-03
+238.104000E-06,+201.005026698E-03
+238.112000E-06,+201.005026698E-03
+238.120000E-06,+201.005026698E-03
+238.128000E-06,+201.005026698E-03
+238.136000E-06,+201.005026698E-03
+238.144000E-06,+201.005026698E-03
+238.152000E-06,+402.010047643E-03
+238.160000E-06,+201.005032452E-03
+238.168000E-06,+201.005026698E-03
+238.176000E-06,+201.005026698E-03
+238.184000E-06,+201.005026698E-03
+238.192000E-06,+201.005026698E-03
+238.200000E-06,+201.005026698E-03
+238.208000E-06,+201.005026698E-03
+238.216000E-06,+201.005026698E-03
+238.224000E-06,+201.005026698E-03
+238.232000E-06,+201.005026698E-03
+238.240000E-06,+201.005026698E-03
+238.248000E-06,+5.756E-09
+238.256000E-06,+201.005020942E-03
+238.264000E-06,+201.005026698E-03
+238.272000E-06,+201.005026698E-03
+238.280000E-06,+201.005026698E-03
+238.288000E-06,+201.005026698E-03
+238.296000E-06,+201.005026698E-03
+238.304000E-06,+201.005026698E-03
+238.312000E-06,+201.005026698E-03
+238.320000E-06,+201.005026698E-03
+238.328000E-06,+201.005026698E-03
+238.336000E-06,+201.005026698E-03
+238.344000E-06,+201.005026698E-03
+238.352000E-06,+201.005026698E-03
+238.360000E-06,+201.005026698E-03
+238.368000E-06,+5.759E-09
+238.376000E-06,+201.005020939E-03
+238.384000E-06,+201.005026698E-03
+238.392000E-06,+201.005026698E-03
+238.400000E-06,+201.005026698E-03
+238.408000E-06,+201.005026698E-03
+238.416000E-06,+201.005026698E-03
+238.424000E-06,+201.005026698E-03
+238.432000E-06,+201.005026698E-03
+238.440000E-06,+201.005026698E-03
+238.448000E-06,+201.005026698E-03
+238.456000E-06,+201.005026698E-03
+238.464000E-06,+201.005026698E-03
+238.472000E-06,+201.005026698E-03
+238.480000E-06,+201.005026698E-03
+238.488000E-06,+201.005026698E-03
+238.496000E-06,+201.005026698E-03
+238.504000E-06,+402.010047634E-03
+238.512000E-06,+201.005032462E-03
+238.520000E-06,+201.005026698E-03
+238.528000E-06,+201.005026698E-03
+238.536000E-06,+201.005026698E-03
+238.544000E-06,+201.005026698E-03
+238.552000E-06,+201.005026698E-03
+238.560000E-06,+201.005026698E-03
+238.568000E-06,+201.005026698E-03
+238.576000E-06,+201.005026698E-03
+238.584000E-06,+201.005026698E-03
+238.592000E-06,+201.005026698E-03
+238.600000E-06,+5.765E-09
+238.608000E-06,+201.005020931E-03
+238.616000E-06,+201.005026698E-03
+238.624000E-06,+201.005026698E-03
+238.632000E-06,+201.005026698E-03
+238.640000E-06,+402.010047628E-03
+238.648000E-06,+201.005032466E-03
+238.656000E-06,+201.005026698E-03
+238.664000E-06,+201.005026698E-03
+238.672000E-06,+201.005026698E-03
+238.680000E-06,+402.010047628E-03
+238.688000E-06,+201.005032466E-03
+238.696000E-06,+201.005026698E-03
+238.704000E-06,+201.005026698E-03
+238.712000E-06,+201.005026698E-03
+238.720000E-06,+201.005026698E-03
+238.728000E-06,+201.005026698E-03
+238.736000E-06,+201.005026698E-03
+238.744000E-06,+201.005026698E-03
+238.752000E-06,+201.005026698E-03
+238.760000E-06,+201.005026698E-03
+238.768000E-06,+201.005026698E-03
+238.776000E-06,+201.005026698E-03
+238.784000E-06,+201.005026698E-03
+238.792000E-06,+201.005026698E-03
+238.800000E-06,+201.005026698E-03
+238.808000E-06,+201.005026698E-03
+238.816000E-06,+201.005026698E-03
+238.824000E-06,+201.005026698E-03
+238.832000E-06,+201.005026698E-03
+238.840000E-06,+201.005026698E-03
+238.848000E-06,+201.005026698E-03
+238.856000E-06,+201.005026698E-03
+238.864000E-06,+201.005026698E-03
+238.872000E-06,+201.005026698E-03
+238.880000E-06,+201.005026698E-03
+238.888000E-06,+201.005026698E-03
+238.896000E-06,+201.005026698E-03
+238.904000E-06,+201.005026698E-03
+238.912000E-06,+201.005026698E-03
+238.920000E-06,+201.005026698E-03
+238.928000E-06,+201.005026698E-03
+238.936000E-06,+201.005026698E-03
+238.944000E-06,+201.005026698E-03
+238.952000E-06,+201.005026698E-03
+238.960000E-06,+5.777E-09
+238.968000E-06,+201.005020921E-03
+238.976000E-06,+201.005026698E-03
+238.984000E-06,+201.005026698E-03
+238.992000E-06,+201.005026698E-03
+239.000000E-06,+201.005026698E-03
+239.008000E-06,+201.005026698E-03
+239.016000E-06,+201.005026698E-03
+239.024000E-06,+201.005026698E-03
+239.032000E-06,+201.005026698E-03
+239.040000E-06,+402.010047616E-03
+239.048000E-06,+201.005032478E-03
+239.056000E-06,+201.005026698E-03
+239.064000E-06,+201.005026698E-03
+239.072000E-06,+201.005026698E-03
+239.080000E-06,+201.005026698E-03
+239.088000E-06,+201.005026698E-03
+239.096000E-06,+201.005026698E-03
+239.104000E-06,+201.005026698E-03
+239.112000E-06,+201.005026698E-03
+239.120000E-06,+201.005026698E-03
+239.128000E-06,+201.005026698E-03
+239.136000E-06,+201.005026698E-03
+239.144000E-06,+201.005026698E-03
+239.152000E-06,+201.005026698E-03
+239.160000E-06,+5.783E-09
+239.168000E-06,+201.005020915E-03
+239.176000E-06,+201.005026698E-03
+239.184000E-06,+402.010047613E-03
+239.192000E-06,+201.005032482E-03
+239.200000E-06,+201.005026698E-03
+239.208000E-06,+201.005026698E-03
+239.216000E-06,+201.005026698E-03
+239.224000E-06,+201.005026698E-03
+239.232000E-06,+201.005026698E-03
+239.240000E-06,+5.786E-09
+239.248000E-06,+201.005020912E-03
+239.256000E-06,+201.005026698E-03
+239.264000E-06,+201.005026698E-03
+239.272000E-06,+5.786E-09
+239.280000E-06,+201.005020912E-03
+239.288000E-06,+201.005026698E-03
+239.296000E-06,+201.005026698E-03
+239.304000E-06,+201.005026698E-03
+239.312000E-06,+201.005026698E-03
+239.320000E-06,+201.005026698E-03
+239.328000E-06,+201.005026698E-03
+239.336000E-06,+201.005026698E-03
+239.344000E-06,+201.005026698E-03
+239.352000E-06,+201.005026698E-03
+239.360000E-06,+201.005026698E-03
+239.368000E-06,+201.005026698E-03
+239.376000E-06,+201.005026698E-03
+239.384000E-06,+201.005026698E-03
+239.392000E-06,+201.005026698E-03
+239.400000E-06,+201.005026698E-03
+239.408000E-06,+5.790E-09
+239.416000E-06,+201.005020907E-03
+239.424000E-06,+201.005026698E-03
+239.432000E-06,+201.005026698E-03
+239.440000E-06,+201.005026698E-03
+239.448000E-06,+201.005026698E-03
+239.456000E-06,+201.005026698E-03
+239.464000E-06,+201.005026698E-03
+239.472000E-06,+201.005026698E-03
+239.480000E-06,+201.005026698E-03
+239.488000E-06,+201.005026698E-03
+239.496000E-06,+201.005026698E-03
+239.504000E-06,+201.005026698E-03
+239.512000E-06,+5.794E-09
+239.520000E-06,+201.005020904E-03
+239.528000E-06,+201.005026698E-03
+239.536000E-06,+201.005026698E-03
+239.544000E-06,+201.005026698E-03
+239.552000E-06,+201.005026698E-03
+239.560000E-06,+201.005026698E-03
+239.568000E-06,+201.005026698E-03
+239.576000E-06,+201.005026698E-03
+239.584000E-06,+201.005026698E-03
+239.592000E-06,+201.005026698E-03
+239.600000E-06,+201.005026698E-03
+239.608000E-06,+201.005026698E-03
+239.616000E-06,+201.005026698E-03
+239.624000E-06,+201.005026698E-03
+239.632000E-06,+201.005026698E-03
+239.640000E-06,+5.797E-09
+239.648000E-06,+201.005020901E-03
+239.656000E-06,+402.010047599E-03
+239.664000E-06,+201.005032495E-03
+239.672000E-06,+201.005026698E-03
+239.680000E-06,+201.005026698E-03
+239.688000E-06,+201.005026698E-03
+239.696000E-06,+201.005026698E-03
+239.704000E-06,+201.005026698E-03
+239.712000E-06,+201.005026698E-03
+239.720000E-06,+201.005026698E-03
+239.728000E-06,+201.005026698E-03
+239.736000E-06,+201.005026698E-03
+239.744000E-06,+201.005026698E-03
+239.752000E-06,+201.005026698E-03
+239.760000E-06,+201.005026698E-03
+239.768000E-06,+201.005026698E-03
+239.776000E-06,+5.802E-09
+239.784000E-06,+201.005020896E-03
+239.792000E-06,+201.005026698E-03
+239.800000E-06,+201.005026698E-03
+239.808000E-06,+201.005026698E-03
+239.816000E-06,+201.005026698E-03
+239.824000E-06,+201.005026698E-03
+239.832000E-06,+201.005026698E-03
+239.840000E-06,+201.005026698E-03
+239.848000E-06,+201.005026698E-03
+239.856000E-06,+201.005026698E-03
+239.864000E-06,+201.005026698E-03
+239.872000E-06,+201.005026698E-03
+239.880000E-06,+201.005026698E-03
+239.888000E-06,+201.005026698E-03
+239.896000E-06,+201.005026698E-03
+239.904000E-06,+201.005026698E-03
+239.912000E-06,+201.005026698E-03
+239.920000E-06,+201.005026698E-03
+239.928000E-06,+201.005026698E-03
+239.936000E-06,+201.005026698E-03
+239.944000E-06,+201.005026698E-03
+239.952000E-06,+201.005026698E-03
+239.960000E-06,+201.005026698E-03
+239.968000E-06,+201.005026698E-03
+239.976000E-06,+201.005026698E-03
+239.984000E-06,+201.005026698E-03
+239.992000E-06,+201.005026698E-03
+240.000000E-06,+201.005026698E-03
+240.008000E-06,+201.005026698E-03
+240.016000E-06,+201.005026698E-03
+240.024000E-06,+201.005026698E-03
+240.032000E-06,+201.005026698E-03
+240.040000E-06,+201.005026698E-03
+240.048000E-06,+201.005026698E-03
+240.056000E-06,+201.005026698E-03
+240.064000E-06,+201.005026698E-03
+240.072000E-06,+201.005026698E-03
+240.080000E-06,+201.005026698E-03
+240.088000E-06,+201.005026698E-03
+240.096000E-06,+201.005026698E-03
+240.104000E-06,+201.005026698E-03
+240.112000E-06,+201.005026698E-03
+240.120000E-06,+201.005026698E-03
+240.128000E-06,+201.005026698E-03
+240.136000E-06,+201.005026698E-03
+240.144000E-06,+5.812E-09
+240.152000E-06,+201.005020886E-03
+240.160000E-06,+201.005026698E-03
+240.168000E-06,+201.005026698E-03
+240.176000E-06,+201.005026698E-03
+240.184000E-06,+201.005026698E-03
+240.192000E-06,+201.005026698E-03
+240.200000E-06,+201.005026698E-03
+240.208000E-06,+5.815E-09
+240.216000E-06,+0.0E+00
+240.224000E-06,+201.005020883E-03
+240.232000E-06,+5.815E-09
+240.240000E-06,+201.005020883E-03
+240.248000E-06,+201.005026698E-03
+240.256000E-06,+201.005026698E-03
+240.264000E-06,+5.816E-09
+240.272000E-06,+201.005020882E-03
+240.280000E-06,+201.005026698E-03
+240.288000E-06,+201.005026698E-03
+240.296000E-06,+201.005026698E-03
+240.304000E-06,+201.005026698E-03
+240.312000E-06,+5.818E-09
+240.320000E-06,+201.005020880E-03
+240.328000E-06,+201.005026698E-03
+240.336000E-06,+201.005026698E-03
+240.344000E-06,+201.005026698E-03
+240.352000E-06,+201.005026698E-03
+240.360000E-06,+201.005026698E-03
+240.368000E-06,+201.005026698E-03
+240.376000E-06,+201.005026698E-03
+240.384000E-06,+201.005026698E-03
+240.392000E-06,+201.005026698E-03
+240.400000E-06,+201.005026698E-03
+240.408000E-06,+201.005026698E-03
+240.416000E-06,+201.005026698E-03
+240.424000E-06,+201.005026698E-03
+240.432000E-06,+201.005026698E-03
+240.440000E-06,+201.005026698E-03
+240.448000E-06,+201.005026698E-03
+240.456000E-06,+201.005026698E-03
+240.464000E-06,+201.005026698E-03
+240.472000E-06,+201.005026698E-03
+240.480000E-06,+5.822E-09
+240.488000E-06,+201.005020874E-03
+240.496000E-06,+201.005026698E-03
+240.504000E-06,+201.005026698E-03
+240.512000E-06,+5.824E-09
+240.520000E-06,+0.0E+00
+240.528000E-06,+201.005020874E-03
+240.536000E-06,+201.005026698E-03
+240.544000E-06,+201.005026698E-03
+240.552000E-06,+201.005026698E-03
+240.560000E-06,+201.005026698E-03
+240.568000E-06,+402.010047571E-03
+240.576000E-06,+201.005032523E-03
+240.584000E-06,+201.005026698E-03
+240.592000E-06,+201.005026698E-03
+240.600000E-06,+201.005026698E-03
+240.608000E-06,+201.005026698E-03
+240.616000E-06,+201.005026698E-03
+240.624000E-06,+201.005026698E-03
+240.632000E-06,+201.005026698E-03
+240.640000E-06,+201.005026698E-03
+240.648000E-06,+201.005026698E-03
+240.656000E-06,+201.005026698E-03
+240.664000E-06,+201.005026698E-03
+240.672000E-06,+201.005026698E-03
+240.680000E-06,+201.005026698E-03
+240.688000E-06,+201.005026698E-03
+240.696000E-06,+201.005026698E-03
+240.704000E-06,+201.005026698E-03
+240.712000E-06,+201.005026698E-03
+240.720000E-06,+201.005026698E-03
+240.728000E-06,+201.005026698E-03
+240.736000E-06,+201.005026698E-03
+240.744000E-06,+201.005026698E-03
+240.752000E-06,+201.005026698E-03
+240.760000E-06,+201.005026698E-03
+240.768000E-06,+201.005026698E-03
+240.776000E-06,+201.005026698E-03
+240.784000E-06,+201.005026698E-03
+240.792000E-06,+201.005026698E-03
+240.800000E-06,+201.005026698E-03
+240.808000E-06,+201.005026698E-03
+240.816000E-06,+201.005026698E-03
+240.824000E-06,+201.005026698E-03
+240.832000E-06,+201.005026698E-03
+240.840000E-06,+201.005026698E-03
+240.848000E-06,+201.005026698E-03
+240.856000E-06,+201.005026698E-03
+240.864000E-06,+201.005026698E-03
+240.872000E-06,+5.835E-09
+240.880000E-06,+201.005020863E-03
+240.888000E-06,+201.005026698E-03
+240.896000E-06,+201.005026698E-03
+240.904000E-06,+201.005026698E-03
+240.912000E-06,+201.005026698E-03
+240.920000E-06,+201.005026698E-03
+240.928000E-06,+201.005026698E-03
+240.936000E-06,+201.005026698E-03
+240.944000E-06,+201.005026698E-03
+240.952000E-06,+201.005026698E-03
+240.960000E-06,+201.005026698E-03
+240.968000E-06,+201.005026698E-03
+240.976000E-06,+201.005026698E-03
+240.984000E-06,+201.005026698E-03
+240.992000E-06,+201.005026698E-03
+241.000000E-06,+201.005026698E-03
+241.008000E-06,+201.005026698E-03
+241.016000E-06,+201.005026698E-03
+241.024000E-06,+201.005026698E-03
+241.032000E-06,+5.838E-09
+241.040000E-06,+201.005020860E-03
+241.048000E-06,+201.005026698E-03
+241.056000E-06,+201.005026698E-03
+241.064000E-06,+201.005026698E-03
+241.072000E-06,+201.005026698E-03
+241.080000E-06,+201.005026698E-03
+241.088000E-06,+201.005026698E-03
+241.096000E-06,+201.005026698E-03
+241.104000E-06,+201.005026698E-03
+241.112000E-06,+201.005026698E-03
+241.120000E-06,+402.010047555E-03
+241.128000E-06,+201.005032539E-03
+241.136000E-06,+201.005026698E-03
+241.144000E-06,+402.010047554E-03
+241.152000E-06,+201.005032541E-03
+241.160000E-06,+201.005026698E-03
+241.168000E-06,+201.005026698E-03
+241.176000E-06,+201.005026698E-03
+241.184000E-06,+201.005026698E-03
+241.192000E-06,+201.005026698E-03
+241.200000E-06,+201.005026698E-03
+241.208000E-06,+201.005026698E-03
+241.216000E-06,+201.005026698E-03
+241.224000E-06,+201.005026698E-03
+241.232000E-06,+201.005026698E-03
+241.240000E-06,+201.005026698E-03
+241.248000E-06,+5.846E-09
+241.256000E-06,+201.005020852E-03
+241.264000E-06,+201.005026698E-03
+241.272000E-06,+201.005026698E-03
+241.280000E-06,+201.005026698E-03
+241.288000E-06,+201.005026698E-03
+241.296000E-06,+5.847E-09
+241.304000E-06,+201.005020851E-03
+241.312000E-06,+201.005026698E-03
+241.320000E-06,+201.005026698E-03
+241.328000E-06,+201.005026698E-03
+241.336000E-06,+5.849E-09
+241.344000E-06,+201.005020850E-03
+241.352000E-06,+201.005026698E-03
+241.360000E-06,+201.005026698E-03
+241.368000E-06,+201.005026698E-03
+241.376000E-06,+201.005026698E-03
+241.384000E-06,+5.850E-09
+241.392000E-06,+201.005020848E-03
+241.400000E-06,+201.005026698E-03
+241.408000E-06,+201.005026698E-03
+241.416000E-06,+201.005026698E-03
+241.424000E-06,+201.005026698E-03
+241.432000E-06,+201.005026698E-03
+241.440000E-06,+201.005026698E-03
+241.448000E-06,+201.005026698E-03
+241.456000E-06,+201.005026698E-03
+241.464000E-06,+201.005026698E-03
+241.472000E-06,+201.005026698E-03
+241.480000E-06,+201.005026698E-03
+241.488000E-06,+201.005026698E-03
+241.496000E-06,+201.005026698E-03
+241.504000E-06,+201.005026698E-03
+241.512000E-06,+201.005026698E-03
+241.520000E-06,+5.853E-09
+241.528000E-06,+201.005020844E-03
+241.536000E-06,+5.854E-09
+241.544000E-06,+201.005020844E-03
+241.552000E-06,+5.856E-09
+241.560000E-06,+201.005020842E-03
+241.568000E-06,+201.005026698E-03
+241.576000E-06,+201.005026698E-03
+241.584000E-06,+402.010047540E-03
+241.592000E-06,+201.005032554E-03
+241.600000E-06,+201.005026698E-03
+241.608000E-06,+201.005026698E-03
+241.616000E-06,+5.856E-09
+241.624000E-06,+201.005020842E-03
+241.632000E-06,+201.005026698E-03
+241.640000E-06,+201.005026698E-03
+241.648000E-06,+5.857E-09
+241.656000E-06,+201.005020839E-03
+241.664000E-06,+201.005026698E-03
+241.672000E-06,+201.005026698E-03
+241.680000E-06,+201.005026698E-03
+241.688000E-06,+201.005026698E-03
+241.696000E-06,+201.005026698E-03
+241.704000E-06,+201.005026698E-03
+241.712000E-06,+201.005026698E-03
+241.720000E-06,+201.005026698E-03
+241.728000E-06,+201.005026698E-03
+241.736000E-06,+5.860E-09
+241.744000E-06,+0.0E+00
+241.752000E-06,+0.0E+00
+241.760000E-06,+201.005020836E-03
+241.768000E-06,+201.005026698E-03
+241.776000E-06,+201.005026698E-03
+241.784000E-06,+201.005026698E-03
+241.792000E-06,+201.005026698E-03
+241.800000E-06,+201.005026698E-03
+241.808000E-06,+201.005026698E-03
+241.816000E-06,+201.005026698E-03
+241.824000E-06,+201.005026698E-03
+241.832000E-06,+201.005026698E-03
+241.840000E-06,+201.005026698E-03
+241.848000E-06,+201.005026698E-03
+241.856000E-06,+201.005026698E-03
+241.864000E-06,+201.005026698E-03
+241.872000E-06,+201.005026698E-03
+241.880000E-06,+201.005026698E-03
+241.888000E-06,+201.005026698E-03
+241.896000E-06,+201.005026698E-03
+241.904000E-06,+201.005026698E-03
+241.912000E-06,+201.005026698E-03
+241.920000E-06,+201.005026698E-03
+241.928000E-06,+201.005026698E-03
+241.936000E-06,+201.005026698E-03
+241.944000E-06,+201.005026698E-03
+241.952000E-06,+201.005026698E-03
+241.960000E-06,+201.005026698E-03
+241.968000E-06,+201.005026698E-03
+241.976000E-06,+201.005026698E-03
+241.984000E-06,+201.005026698E-03
+241.992000E-06,+201.005026698E-03
+242.000000E-06,+201.005026698E-03
+242.008000E-06,+201.005026698E-03
+242.016000E-06,+201.005026698E-03
+242.024000E-06,+201.005026698E-03
+242.032000E-06,+201.005026698E-03
+242.040000E-06,+5.870E-09
+242.048000E-06,+0.0E+00
+242.056000E-06,+201.005020828E-03
+242.064000E-06,+201.005026698E-03
+242.072000E-06,+201.005026698E-03
+242.080000E-06,+201.005026698E-03
+242.088000E-06,+201.005026698E-03
+242.096000E-06,+5.870E-09
+242.104000E-06,+0.0E+00
+242.112000E-06,+201.005020826E-03
+242.120000E-06,+201.005026698E-03
+242.128000E-06,+201.005026698E-03
+242.136000E-06,+201.005026698E-03
+242.144000E-06,+5.873E-09
+242.152000E-06,+201.005020825E-03
+242.160000E-06,+201.005026698E-03
+242.168000E-06,+201.005026698E-03
+242.176000E-06,+201.005026698E-03
+242.184000E-06,+201.005026698E-03
+242.192000E-06,+201.005026698E-03
+242.200000E-06,+201.005026698E-03
+242.208000E-06,+201.005026698E-03
+242.216000E-06,+201.005026698E-03
+242.224000E-06,+201.005026698E-03
+242.232000E-06,+201.005026698E-03
+242.240000E-06,+201.005026698E-03
+242.248000E-06,+5.876E-09
+242.256000E-06,+201.005020822E-03
+242.264000E-06,+201.005026698E-03
+242.272000E-06,+201.005026698E-03
+242.280000E-06,+201.005026698E-03
+242.288000E-06,+5.876E-09
+242.296000E-06,+201.005020822E-03
+242.304000E-06,+201.005026698E-03
+242.312000E-06,+201.005026698E-03
+242.320000E-06,+201.005026698E-03
+242.328000E-06,+201.005026698E-03
+242.336000E-06,+201.005026698E-03
+242.344000E-06,+201.005026698E-03
+242.352000E-06,+201.005026698E-03
+242.360000E-06,+201.005026698E-03
+242.368000E-06,+201.005026698E-03
+242.376000E-06,+201.005026698E-03
+242.384000E-06,+201.005026698E-03
+242.392000E-06,+201.005026698E-03
+242.400000E-06,+201.005026698E-03
+242.408000E-06,+201.005026698E-03
+242.416000E-06,+201.005026698E-03
+242.424000E-06,+201.005026698E-03
+242.432000E-06,+201.005026698E-03
+242.440000E-06,+201.005026698E-03
+242.448000E-06,+201.005026698E-03
+242.456000E-06,+201.005026698E-03
+242.464000E-06,+201.005026698E-03
+242.472000E-06,+201.005026698E-03
+242.480000E-06,+201.005026698E-03
+242.488000E-06,+201.005026698E-03
+242.496000E-06,+5.882E-09
+242.504000E-06,+201.005020814E-03
+242.512000E-06,+201.005026698E-03
+242.520000E-06,+201.005026698E-03
+242.528000E-06,+201.005026698E-03
+242.536000E-06,+201.005026698E-03
+242.544000E-06,+201.005026698E-03
+242.552000E-06,+201.005026698E-03
+242.560000E-06,+5.885E-09
+242.568000E-06,+0.0E+00
+242.576000E-06,+201.005020813E-03
+242.584000E-06,+201.005026698E-03
+242.592000E-06,+201.005026698E-03
+242.600000E-06,+201.005026698E-03
+242.608000E-06,+201.005026698E-03
+242.616000E-06,+201.005026698E-03
+242.624000E-06,+201.005026698E-03
+242.632000E-06,+201.005026698E-03
+242.640000E-06,+201.005026698E-03
+242.648000E-06,+5.888E-09
+242.656000E-06,+201.005020810E-03
+242.664000E-06,+201.005026698E-03
+242.672000E-06,+5.888E-09
+242.680000E-06,+201.005020810E-03
+242.688000E-06,+201.005026698E-03
+242.696000E-06,+201.005026698E-03
+242.704000E-06,+201.005026698E-03
+242.712000E-06,+5.890E-09
+242.720000E-06,+201.005020809E-03
+242.728000E-06,+5.891E-09
+242.736000E-06,+201.005020807E-03
+242.744000E-06,+201.005026698E-03
+242.752000E-06,+201.005026698E-03
+242.760000E-06,+201.005026698E-03
+242.768000E-06,+201.005026698E-03
+242.776000E-06,+201.005026698E-03
+242.784000E-06,+201.005026698E-03
+242.792000E-06,+201.005026698E-03
+242.800000E-06,+201.005026698E-03
+242.808000E-06,+201.005026698E-03
+242.816000E-06,+201.005026698E-03
+242.824000E-06,+201.005026698E-03
+242.832000E-06,+201.005026698E-03
+242.840000E-06,+201.005026698E-03
+242.848000E-06,+201.005026698E-03
+242.856000E-06,+201.005026698E-03
+242.864000E-06,+201.005026698E-03
+242.872000E-06,+201.005026698E-03
+242.880000E-06,+201.005026698E-03
+242.888000E-06,+201.005026698E-03
+242.896000E-06,+5.895E-09
+242.904000E-06,+201.005020803E-03
+242.912000E-06,+201.005026698E-03
+242.920000E-06,+201.005026698E-03
+242.928000E-06,+201.005026698E-03
+242.936000E-06,+201.005026698E-03
+242.944000E-06,+201.005026698E-03
+242.952000E-06,+5.897E-09
+242.960000E-06,+201.005020801E-03
+242.968000E-06,+201.005026698E-03
+242.976000E-06,+201.005026698E-03
+242.984000E-06,+201.005026698E-03
+242.992000E-06,+402.010047498E-03
+243.000000E-06,+201.005032596E-03
+243.008000E-06,+201.005026698E-03
+243.016000E-06,+201.005026698E-03
+243.024000E-06,+5.900E-09
+243.032000E-06,+201.005020798E-03
+243.040000E-06,+201.005026698E-03
+243.048000E-06,+201.005026698E-03
+243.056000E-06,+201.005026698E-03
+243.064000E-06,+201.005026698E-03
+243.072000E-06,+201.005026698E-03
+243.080000E-06,+201.005026698E-03
+243.088000E-06,+201.005026698E-03
+243.096000E-06,+201.005026698E-03
+243.104000E-06,+201.005026698E-03
+243.112000E-06,+201.005026698E-03
+243.120000E-06,+201.005026698E-03
+243.128000E-06,+201.005026698E-03
+243.136000E-06,+201.005026698E-03
+243.144000E-06,+201.005026698E-03
+243.152000E-06,+402.010047494E-03
+243.160000E-06,+11.805E-09
+243.168000E-06,+0.0E+00
+243.176000E-06,+201.005020795E-03
+243.184000E-06,+201.005026698E-03
+243.192000E-06,+201.005026698E-03
+243.200000E-06,+201.005026698E-03
+243.208000E-06,+201.005026698E-03
+243.216000E-06,+201.005026698E-03
+243.224000E-06,+201.005026698E-03
+243.232000E-06,+201.005026698E-03
+243.240000E-06,+201.005026698E-03
+243.248000E-06,+201.005026698E-03
+243.256000E-06,+402.010047491E-03
+243.264000E-06,+201.005032604E-03
+243.272000E-06,+201.005026698E-03
+243.280000E-06,+201.005026698E-03
+243.288000E-06,+201.005026698E-03
+243.296000E-06,+201.005026698E-03
+243.304000E-06,+201.005026698E-03
+243.312000E-06,+201.005026698E-03
+243.320000E-06,+201.005026698E-03
+243.328000E-06,+201.005026698E-03
+243.336000E-06,+5.909E-09
+243.344000E-06,+201.005020790E-03
+243.352000E-06,+5.909E-09
+243.360000E-06,+0.0E+00
+243.368000E-06,+201.005020790E-03
+243.376000E-06,+201.005026698E-03
+243.384000E-06,+201.005026698E-03
+243.392000E-06,+201.005026698E-03
+243.400000E-06,+201.005026698E-03
+243.408000E-06,+5.911E-09
+243.416000E-06,+201.005020787E-03
+243.424000E-06,+201.005026698E-03
+243.432000E-06,+201.005026698E-03
+243.440000E-06,+201.005026698E-03
+243.448000E-06,+201.005026698E-03
+243.456000E-06,+201.005026698E-03
+243.464000E-06,+201.005026698E-03
+243.472000E-06,+201.005026698E-03
+243.480000E-06,+201.005026698E-03
+243.488000E-06,+201.005026698E-03
+243.496000E-06,+201.005026698E-03
+243.504000E-06,+201.005026698E-03
+243.512000E-06,+201.005026698E-03
+243.520000E-06,+201.005026698E-03
+243.528000E-06,+201.005026698E-03
+243.536000E-06,+201.005026698E-03
+243.544000E-06,+201.005026698E-03
+243.552000E-06,+5.914E-09
+243.560000E-06,+201.005020784E-03
+243.568000E-06,+201.005026698E-03
+243.576000E-06,+201.005026698E-03
+243.584000E-06,+201.005026698E-03
+243.592000E-06,+201.005026698E-03
+243.600000E-06,+201.005026698E-03
+243.608000E-06,+201.005026698E-03
+243.616000E-06,+201.005026698E-03
+243.624000E-06,+201.005026698E-03
+243.632000E-06,+201.005026698E-03
+243.640000E-06,+201.005026698E-03
+243.648000E-06,+201.005026698E-03
+243.656000E-06,+201.005026698E-03
+243.664000E-06,+5.917E-09
+243.672000E-06,+201.005020779E-03
+243.680000E-06,+201.005026698E-03
+243.688000E-06,+201.005026698E-03
+243.696000E-06,+201.005026698E-03
+243.704000E-06,+201.005026698E-03
+243.712000E-06,+201.005026698E-03
+243.720000E-06,+201.005026698E-03
+243.728000E-06,+201.005026698E-03
+243.736000E-06,+201.005026698E-03
+243.744000E-06,+201.005026698E-03
+243.752000E-06,+201.005026698E-03
+243.760000E-06,+201.005026698E-03
+243.768000E-06,+5.922E-09
+243.776000E-06,+201.005020776E-03
+243.784000E-06,+5.922E-09
+243.792000E-06,+201.005020775E-03
+243.800000E-06,+5.923E-09
+243.808000E-06,+201.005020775E-03
+243.816000E-06,+201.005026698E-03
+243.824000E-06,+5.923E-09
+243.832000E-06,+201.005020775E-03
+243.840000E-06,+201.005026698E-03
+243.848000E-06,+201.005026698E-03
+243.856000E-06,+201.005026698E-03
+243.864000E-06,+5.923E-09
+243.872000E-06,+201.005020774E-03
+243.880000E-06,+201.005026698E-03
+243.888000E-06,+201.005026698E-03
+243.896000E-06,+201.005026698E-03
+243.904000E-06,+5.926E-09
+243.912000E-06,+201.005020772E-03
+243.920000E-06,+201.005026698E-03
+243.928000E-06,+201.005026698E-03
+243.936000E-06,+201.005026698E-03
+243.944000E-06,+201.005026698E-03
+243.952000E-06,+5.926E-09
+243.960000E-06,+201.005020772E-03
+243.968000E-06,+201.005026698E-03
+243.976000E-06,+201.005026698E-03
+243.984000E-06,+201.005026698E-03
+243.992000E-06,+201.005026698E-03
+244.000000E-06,+201.005026698E-03
+244.008000E-06,+201.005026698E-03
+244.016000E-06,+201.005026698E-03
+244.024000E-06,+201.005026698E-03
+244.032000E-06,+5.929E-09
+244.040000E-06,+0.0E+00
+244.048000E-06,+0.0E+00
+244.056000E-06,+0.0E+00
+244.064000E-06,+201.005020768E-03
+244.072000E-06,+201.005026698E-03
+244.080000E-06,+5.930E-09
+244.088000E-06,+201.005020766E-03
+244.096000E-06,+201.005026698E-03
+244.104000E-06,+201.005026698E-03
+244.112000E-06,+5.932E-09
+244.120000E-06,+201.005020766E-03
+244.128000E-06,+201.005026698E-03
+244.136000E-06,+201.005026698E-03
+244.144000E-06,+201.005026698E-03
+244.152000E-06,+201.005026698E-03
+244.160000E-06,+5.932E-09
+244.168000E-06,+201.005020768E-03
+244.176000E-06,+5.930E-09
+244.184000E-06,+201.005020769E-03
+244.192000E-06,+201.005026698E-03
+244.200000E-06,+5.929E-09
+244.208000E-06,+201.005020769E-03
+244.216000E-06,+201.005026698E-03
+244.224000E-06,+201.005026698E-03
+244.232000E-06,+5.926E-09
+244.240000E-06,+201.005020772E-03
+244.248000E-06,+201.005026698E-03
+244.256000E-06,+5.926E-09
+244.264000E-06,+0.0E+00
+244.272000E-06,+201.005020774E-03
+244.280000E-06,+201.005026698E-03
+244.288000E-06,+201.005026698E-03
+244.296000E-06,+201.005026698E-03
+244.304000E-06,+201.005026698E-03
+244.312000E-06,+201.005026698E-03
+244.320000E-06,+201.005026698E-03
+244.328000E-06,+201.005026698E-03
+244.336000E-06,+201.005026698E-03
+244.344000E-06,+201.005026698E-03
+244.352000E-06,+201.005026698E-03
+244.360000E-06,+5.920E-09
+244.368000E-06,+201.005020778E-03
+244.376000E-06,+201.005026698E-03
+244.384000E-06,+201.005026698E-03
+244.392000E-06,+201.005026698E-03
+244.400000E-06,+201.005026698E-03
+244.408000E-06,+201.005026698E-03
+244.416000E-06,+5.917E-09
+244.424000E-06,+0.0E+00
+244.432000E-06,+0.0E+00
+244.440000E-06,+0.0E+00
+244.448000E-06,+201.005020784E-03
+244.456000E-06,+201.005026698E-03
+244.464000E-06,+201.005026698E-03
+244.472000E-06,+201.005026698E-03
+244.480000E-06,+201.005026698E-03
+244.488000E-06,+5.913E-09
+244.496000E-06,+0.0E+00
+244.504000E-06,+201.005020787E-03
+244.512000E-06,+201.005026698E-03
+244.520000E-06,+201.005026698E-03
+244.528000E-06,+201.005026698E-03
+244.536000E-06,+201.005026698E-03
+244.544000E-06,+201.005026698E-03
+244.552000E-06,+201.005026698E-03
+244.560000E-06,+5.909E-09
+244.568000E-06,+201.005020790E-03
+244.576000E-06,+201.005026698E-03
+244.584000E-06,+5.909E-09
+244.592000E-06,+201.005020791E-03
+244.600000E-06,+5.907E-09
+244.608000E-06,+201.005020793E-03
+244.616000E-06,+201.005026698E-03
+244.624000E-06,+5.906E-09
+244.632000E-06,+0.0E+00
+244.640000E-06,+201.005020793E-03
+244.648000E-06,+201.005026698E-03
+244.656000E-06,+201.005026698E-03
+244.664000E-06,+201.005026698E-03
+244.672000E-06,+5.903E-09
+244.680000E-06,+0.0E+00
+244.688000E-06,+201.005020795E-03
+244.696000E-06,+201.005026698E-03
+244.704000E-06,+5.901E-09
+244.712000E-06,+201.005020798E-03
+244.720000E-06,+201.005026698E-03
+244.728000E-06,+201.005026698E-03
+244.736000E-06,+201.005026698E-03
+244.744000E-06,+201.005026698E-03
+244.752000E-06,+5.898E-09
+244.760000E-06,+0.0E+00
+244.768000E-06,+201.005020801E-03
+244.776000E-06,+201.005026698E-03
+244.784000E-06,+201.005026698E-03
+244.792000E-06,+201.005026698E-03
+244.800000E-06,+5.897E-09
+244.808000E-06,+201.005020803E-03
+244.816000E-06,+201.005026698E-03
+244.824000E-06,+201.005026698E-03
+244.832000E-06,+201.005026698E-03
+244.840000E-06,+201.005026698E-03
+244.848000E-06,+201.005026698E-03
+244.856000E-06,+201.005026698E-03
+244.864000E-06,+201.005026698E-03
+244.872000E-06,+5.891E-09
+244.880000E-06,+201.005020807E-03
+244.888000E-06,+201.005026698E-03
+244.896000E-06,+201.005026698E-03
+244.904000E-06,+5.891E-09
+244.912000E-06,+0.0E+00
+244.920000E-06,+0.0E+00
+244.928000E-06,+201.005020810E-03
+244.936000E-06,+5.888E-09
+244.944000E-06,+0.0E+00
+244.952000E-06,+201.005020810E-03
+244.960000E-06,+201.005026698E-03
+244.968000E-06,+5.887E-09
+244.976000E-06,+0.0E+00
+244.984000E-06,+0.0E+00
+244.992000E-06,+0.0E+00
+245.000000E-06,+201.005020813E-03
+245.008000E-06,+201.005026698E-03
+245.016000E-06,+201.005026698E-03
+245.024000E-06,+201.005026698E-03
+245.032000E-06,+201.005026698E-03
+245.040000E-06,+5.882E-09
+245.048000E-06,+0.0E+00
+245.056000E-06,+0.0E+00
+245.064000E-06,+201.005020816E-03
+245.072000E-06,+201.005026698E-03
+245.080000E-06,+201.005026698E-03
+245.088000E-06,+201.005026698E-03
+245.096000E-06,+201.005026698E-03
+245.104000E-06,+5.879E-09
+245.112000E-06,+201.005020819E-03
+245.120000E-06,+5.879E-09
+245.128000E-06,+201.005020820E-03
+245.136000E-06,+201.005026698E-03
+245.144000E-06,+5.876E-09
+245.152000E-06,+201.005020822E-03
+245.160000E-06,+5.876E-09
+245.168000E-06,+0.0E+00
+245.176000E-06,+201.005020823E-03
+245.184000E-06,+5.875E-09
+245.192000E-06,+0.0E+00
+245.200000E-06,+201.005020825E-03
+245.208000E-06,+5.873E-09
+245.216000E-06,+201.005020825E-03
+245.224000E-06,+5.873E-09
+245.232000E-06,+201.005020826E-03
+245.240000E-06,+5.870E-09
+245.248000E-06,+201.005020828E-03
+245.256000E-06,+5.870E-09
+245.264000E-06,+0.0E+00
+245.272000E-06,+0.0E+00
+245.280000E-06,+0.0E+00
+245.288000E-06,+201.005020829E-03
+245.296000E-06,+5.868E-09
+245.304000E-06,+0.0E+00
+245.312000E-06,+0.0E+00
+245.320000E-06,+0.0E+00
+245.328000E-06,+0.0E+00
+245.336000E-06,+201.005020832E-03
+245.344000E-06,+201.005026698E-03
+245.352000E-06,+201.005026698E-03
+245.360000E-06,+201.005026698E-03
+245.368000E-06,+201.005026698E-03
+245.376000E-06,+201.005026698E-03
+245.384000E-06,+201.005026698E-03
+245.392000E-06,+201.005026698E-03
+245.400000E-06,+201.005026698E-03
+245.408000E-06,+5.862E-09
+245.416000E-06,+0.0E+00
+245.424000E-06,+201.005020836E-03
+245.432000E-06,+5.862E-09
+245.440000E-06,+0.0E+00
+245.448000E-06,+201.005020838E-03
+245.456000E-06,+201.005026698E-03
+245.464000E-06,+5.859E-09
+245.472000E-06,+201.005020839E-03
+245.480000E-06,+201.005026698E-03
+245.488000E-06,+201.005026698E-03
+245.496000E-06,+201.005026698E-03
+245.504000E-06,+201.005026698E-03
+245.512000E-06,+201.005026698E-03
+245.520000E-06,+5.856E-09
+245.528000E-06,+0.0E+00
+245.536000E-06,+201.005020842E-03
+245.544000E-06,+5.856E-09
+245.552000E-06,+201.005020844E-03
+245.560000E-06,+5.853E-09
+245.568000E-06,+201.005020845E-03
+245.576000E-06,+201.005026698E-03
+245.584000E-06,+5.853E-09
+245.592000E-06,+201.005020845E-03
+245.600000E-06,+201.005026698E-03
+245.608000E-06,+201.005026698E-03
+245.616000E-06,+201.005026698E-03
+245.624000E-06,+201.005026698E-03
+245.632000E-06,+201.005026698E-03
+245.640000E-06,+5.850E-09
+245.648000E-06,+201.005020848E-03
+245.656000E-06,+5.849E-09
+245.664000E-06,+0.0E+00
+245.672000E-06,+0.0E+00
+245.680000E-06,+0.0E+00
+245.688000E-06,+201.005020851E-03
+245.696000E-06,+5.847E-09
+245.704000E-06,+201.005020851E-03
+245.712000E-06,+201.005026698E-03
+245.720000E-06,+5.844E-09
+245.728000E-06,+0.0E+00
+245.736000E-06,+0.0E+00
+245.744000E-06,+201.005020854E-03
+245.752000E-06,+5.844E-09
+245.760000E-06,+201.005020855E-03
+245.768000E-06,+201.005026698E-03
+245.776000E-06,+201.005026698E-03
+245.784000E-06,+5.841E-09
+245.792000E-06,+201.005020857E-03
+245.800000E-06,+5.841E-09
+245.808000E-06,+0.0E+00
+245.816000E-06,+201.005020858E-03
+245.824000E-06,+201.005026698E-03
+245.832000E-06,+5.838E-09
+245.840000E-06,+201.005020860E-03
+245.848000E-06,+201.005026698E-03
+245.856000E-06,+5.838E-09
+245.864000E-06,+201.005020861E-03
+245.872000E-06,+5.837E-09
+245.880000E-06,+201.005020863E-03
+245.888000E-06,+201.005026698E-03
+245.896000E-06,+201.005026698E-03
+245.904000E-06,+201.005026698E-03
+245.912000E-06,+201.005026698E-03
+245.920000E-06,+5.834E-09
+245.928000E-06,+0.0E+00
+245.936000E-06,+0.0E+00
+245.944000E-06,+201.005020866E-03
+245.952000E-06,+5.832E-09
+245.960000E-06,+0.0E+00
+245.968000E-06,+0.0E+00
+245.976000E-06,+201.005020867E-03
+245.984000E-06,+201.005026698E-03
+245.992000E-06,+201.005026698E-03
+246.000000E-06,+201.005026698E-03
+246.008000E-06,+201.005026698E-03
+246.016000E-06,+201.005026698E-03
+246.024000E-06,+201.005026698E-03
+246.032000E-06,+5.828E-09
+246.040000E-06,+0.0E+00
+246.048000E-06,+201.005020871E-03
+246.056000E-06,+5.827E-09
+246.064000E-06,+0.0E+00
+246.072000E-06,+201.005020871E-03
+246.080000E-06,+201.005026698E-03
+246.088000E-06,+5.825E-09
+246.096000E-06,+0.0E+00
+246.104000E-06,+201.005020874E-03
+246.112000E-06,+5.824E-09
+246.120000E-06,+0.0E+00
+246.128000E-06,+201.005020874E-03
+246.136000E-06,+201.005026698E-03
+246.144000E-06,+201.005026698E-03
+246.152000E-06,+201.005026698E-03
+246.160000E-06,+5.821E-09
+246.168000E-06,+201.005020877E-03
+246.176000E-06,+5.821E-09
+246.184000E-06,+201.005020879E-03
+246.192000E-06,+201.005026698E-03
+246.200000E-06,+201.005026698E-03
+246.208000E-06,+201.005026698E-03
+246.216000E-06,+5.818E-09
+246.224000E-06,+201.005020880E-03
+246.232000E-06,+201.005026698E-03
+246.240000E-06,+201.005026698E-03
+246.248000E-06,+5.816E-09
+246.256000E-06,+0.0E+00
+246.264000E-06,+201.005020883E-03
+246.272000E-06,+201.005026698E-03
+246.280000E-06,+5.815E-09
+246.288000E-06,+0.0E+00
+246.296000E-06,+0.0E+00
+246.304000E-06,+201.005020886E-03
+246.312000E-06,+5.812E-09
+246.320000E-06,+201.005020886E-03
+246.328000E-06,+201.005026698E-03
+246.336000E-06,+5.812E-09
+246.344000E-06,+201.005020888E-03
+246.352000E-06,+201.005026698E-03
+246.360000E-06,+5.809E-09
+246.368000E-06,+201.005020889E-03
+246.376000E-06,+201.005026698E-03
+246.384000E-06,+201.005026698E-03
+246.392000E-06,+5.809E-09
+246.400000E-06,+201.005020891E-03
+246.408000E-06,+201.005026698E-03
+246.416000E-06,+201.005026698E-03
+246.424000E-06,+5.806E-09
+246.432000E-06,+201.005020892E-03
+246.440000E-06,+5.806E-09
+246.448000E-06,+201.005020893E-03
+246.456000E-06,+5.805E-09
+246.464000E-06,+201.005020895E-03
+246.472000E-06,+5.803E-09
+246.480000E-06,+0.0E+00
+246.488000E-06,+0.0E+00
+246.496000E-06,+201.005020895E-03
+246.504000E-06,+5.802E-09
+246.512000E-06,+201.005020896E-03
+246.520000E-06,+5.800E-09
+246.528000E-06,+201.005020898E-03
+246.536000E-06,+201.005026698E-03
+246.544000E-06,+5.800E-09
+246.552000E-06,+0.0E+00
+246.560000E-06,+201.005020899E-03
+246.568000E-06,+5.797E-09
+246.576000E-06,+0.0E+00
+246.584000E-06,+0.0E+00
+246.592000E-06,+0.0E+00
+246.600000E-06,+201.005020901E-03
+246.608000E-06,+5.796E-09
+246.616000E-06,+0.0E+00
+246.624000E-06,+0.0E+00
+246.632000E-06,+201.005020904E-03
+246.640000E-06,+5.794E-09
+246.648000E-06,+0.0E+00
+246.656000E-06,+0.0E+00
+246.664000E-06,+0.0E+00
+246.672000E-06,+0.0E+00
+246.680000E-06,+0.0E+00
+246.688000E-06,+201.005020907E-03
+246.696000E-06,+201.005026698E-03
+246.704000E-06,+5.792E-09
+246.712000E-06,+0.0E+00
+246.720000E-06,+0.0E+00
+246.728000E-06,+0.0E+00
+246.736000E-06,+201.005020910E-03
+246.744000E-06,+5.789E-09
+246.752000E-06,+0.0E+00
+246.760000E-06,+201.005020910E-03
+246.768000E-06,+5.787E-09
+246.776000E-06,+0.0E+00
+246.784000E-06,+201.005020912E-03
+246.792000E-06,+201.005026698E-03
+246.800000E-06,+201.005026698E-03
+246.808000E-06,+5.786E-09
+246.816000E-06,+0.0E+00
+246.824000E-06,+0.0E+00
+246.832000E-06,+0.0E+00
+246.840000E-06,+0.0E+00
+246.848000E-06,+0.0E+00
+246.856000E-06,+201.005020915E-03
+246.864000E-06,+201.005026698E-03
+246.872000E-06,+5.781E-09
+246.880000E-06,+201.005020917E-03
+246.888000E-06,+5.780E-09
+246.896000E-06,+0.0E+00
+246.904000E-06,+0.0E+00
+246.912000E-06,+0.0E+00
+246.920000E-06,+0.0E+00
+246.928000E-06,+0.0E+00
+246.936000E-06,+201.005020920E-03
+246.944000E-06,+5.777E-09
+246.952000E-06,+0.0E+00
+246.960000E-06,+0.0E+00
+246.968000E-06,+0.0E+00
+246.976000E-06,+0.0E+00
+246.984000E-06,+0.0E+00
+246.992000E-06,+0.0E+00
+247.000000E-06,+0.0E+00
+247.008000E-06,+201.005020924E-03
+247.016000E-06,+5.774E-09
+247.024000E-06,+201.005020924E-03
+247.032000E-06,+201.005026698E-03
+247.040000E-06,+5.773E-09
+247.048000E-06,+201.005020927E-03
+247.056000E-06,+5.771E-09
+247.064000E-06,+201.005020927E-03
+247.072000E-06,+5.771E-09
+247.080000E-06,+0.0E+00
+247.088000E-06,+0.0E+00
+247.096000E-06,+0.0E+00
+247.104000E-06,+0.0E+00
+247.112000E-06,+0.0E+00
+247.120000E-06,+0.0E+00
+247.128000E-06,+0.0E+00
+247.136000E-06,+201.005020930E-03
+247.144000E-06,+5.767E-09
+247.152000E-06,+0.0E+00
+247.160000E-06,+0.0E+00
+247.168000E-06,+0.0E+00
+247.176000E-06,+0.0E+00
+247.184000E-06,+0.0E+00
+247.192000E-06,+0.0E+00
+247.200000E-06,+0.0E+00
+247.208000E-06,+0.0E+00
+247.216000E-06,+0.0E+00
+247.224000E-06,+0.0E+00
+247.232000E-06,+0.0E+00
+247.240000E-06,+0.0E+00
+247.248000E-06,+201.005020937E-03
+247.256000E-06,+5.761E-09
+247.264000E-06,+0.0E+00
+247.272000E-06,+201.005020939E-03
+247.280000E-06,+5.759E-09
+247.288000E-06,+0.0E+00
+247.296000E-06,+201.005020939E-03
+247.304000E-06,+5.758E-09
+247.312000E-06,+201.005020942E-03
+247.320000E-06,+5.756E-09
+247.328000E-06,+0.0E+00
+247.336000E-06,+0.0E+00
+247.344000E-06,+0.0E+00
+247.352000E-06,+0.0E+00
+247.360000E-06,+0.0E+00
+247.368000E-06,+0.0E+00
+247.376000E-06,+0.0E+00
+247.384000E-06,+201.005020945E-03
+247.392000E-06,+5.753E-09
+247.400000E-06,+201.005020945E-03
+247.408000E-06,+5.752E-09
+247.416000E-06,+201.005020946E-03
+247.424000E-06,+5.751E-09
+247.432000E-06,+201.005020948E-03
+247.440000E-06,+201.005026698E-03
+247.448000E-06,+5.751E-09
+247.456000E-06,+0.0E+00
+247.464000E-06,+0.0E+00
+247.472000E-06,+0.0E+00
+247.480000E-06,+0.0E+00
+247.488000E-06,-201.005020950E-03
+247.496000E-06,-5.748E-09
+247.504000E-06,+0.0E+00
+247.512000E-06,+0.0E+00
+247.520000E-06,+0.0E+00
+247.528000E-06,+0.0E+00
+247.536000E-06,+0.0E+00
+247.544000E-06,+0.0E+00
+247.552000E-06,+0.0E+00
+247.560000E-06,+201.005020953E-03
+247.568000E-06,+5.743E-09
+247.576000E-06,+0.0E+00
+247.584000E-06,+201.005020956E-03
+247.592000E-06,+5.742E-09
+247.600000E-06,+201.005020956E-03
+247.608000E-06,+201.005026698E-03
+247.616000E-06,+5.740E-09
+247.624000E-06,+0.0E+00
+247.632000E-06,+201.005020959E-03
+247.640000E-06,+5.739E-09
+247.648000E-06,+0.0E+00
+247.656000E-06,+0.0E+00
+247.664000E-06,+0.0E+00
+247.672000E-06,+0.0E+00
+247.680000E-06,+201.005020961E-03
+247.688000E-06,+5.736E-09
+247.696000E-06,+0.0E+00
+247.704000E-06,+0.0E+00
+247.712000E-06,+0.0E+00
+247.720000E-06,+0.0E+00
+247.728000E-06,+0.0E+00
+247.736000E-06,+0.0E+00
+247.744000E-06,+0.0E+00
+247.752000E-06,+0.0E+00
+247.760000E-06,+0.0E+00
+247.768000E-06,+201.005020965E-03
+247.776000E-06,+201.005026698E-03
+247.784000E-06,+5.732E-09
+247.792000E-06,+0.0E+00
+247.800000E-06,+0.0E+00
+247.808000E-06,+0.0E+00
+247.816000E-06,+0.0E+00
+247.824000E-06,+0.0E+00
+247.832000E-06,+0.0E+00
+247.840000E-06,+0.0E+00
+247.848000E-06,+201.005020971E-03
+247.856000E-06,+5.727E-09
+247.864000E-06,+0.0E+00
+247.872000E-06,+0.0E+00
+247.880000E-06,+0.0E+00
+247.888000E-06,+0.0E+00
+247.896000E-06,+0.0E+00
+247.904000E-06,+0.0E+00
+247.912000E-06,+0.0E+00
+247.920000E-06,+0.0E+00
+247.928000E-06,+0.0E+00
+247.936000E-06,+0.0E+00
+247.944000E-06,+0.0E+00
+247.952000E-06,+0.0E+00
+247.960000E-06,+0.0E+00
+247.968000E-06,+201.005020977E-03
+247.976000E-06,+5.721E-09
+247.984000E-06,+0.0E+00
+247.992000E-06,+0.0E+00
+248.000000E-06,+201.005020978E-03
+248.008000E-06,+5.718E-09
+248.016000E-06,+0.0E+00
+248.024000E-06,+201.005020980E-03
+248.032000E-06,+5.718E-09
+248.040000E-06,+0.0E+00
+248.048000E-06,+0.0E+00
+248.056000E-06,+0.0E+00
+248.064000E-06,+201.005020983E-03
+248.072000E-06,+5.715E-09
+248.080000E-06,+201.005020983E-03
+248.088000E-06,+201.005026698E-03
+248.096000E-06,+5.714E-09
+248.104000E-06,+0.0E+00
+248.112000E-06,+0.0E+00
+248.120000E-06,+0.0E+00
+248.128000E-06,+0.0E+00
+248.136000E-06,+0.0E+00
+248.144000E-06,+0.0E+00
+248.152000E-06,+201.005020987E-03
+248.160000E-06,+5.710E-09
+248.168000E-06,+0.0E+00
+248.176000E-06,+0.0E+00
+248.184000E-06,+0.0E+00
+248.192000E-06,+0.0E+00
+248.200000E-06,+0.0E+00
+248.208000E-06,+0.0E+00
+248.216000E-06,+0.0E+00
+248.224000E-06,+0.0E+00
+248.232000E-06,+0.0E+00
+248.240000E-06,+0.0E+00
+248.248000E-06,+0.0E+00
+248.256000E-06,+0.0E+00
+248.264000E-06,+0.0E+00
+248.272000E-06,+0.0E+00
+248.280000E-06,+201.005020994E-03
+248.288000E-06,+5.704E-09
+248.296000E-06,+0.0E+00
+248.304000E-06,+0.0E+00
+248.312000E-06,+0.0E+00
+248.320000E-06,+0.0E+00
+248.328000E-06,+201.005020997E-03
+248.336000E-06,+5.701E-09
+248.344000E-06,+0.0E+00
+248.352000E-06,+201.005020997E-03
+248.360000E-06,+5.699E-09
+248.368000E-06,+0.0E+00
+248.376000E-06,+0.0E+00
+248.384000E-06,+0.0E+00
+248.392000E-06,+0.0E+00
+248.400000E-06,+0.0E+00
+248.408000E-06,+201.005021000E-03
+248.416000E-06,+201.005026698E-03
+248.424000E-06,+5.696E-09
+248.432000E-06,+0.0E+00
+248.440000E-06,+0.0E+00
+248.448000E-06,+0.0E+00
+248.456000E-06,+201.005021003E-03
+248.464000E-06,+5.695E-09
+248.472000E-06,+0.0E+00
+248.480000E-06,+201.005021006E-03
+248.488000E-06,+201.005026698E-03
+248.496000E-06,+5.692E-09
+248.504000E-06,+0.0E+00
+248.512000E-06,+0.0E+00
+248.520000E-06,+0.0E+00
+248.528000E-06,+0.0E+00
+248.536000E-06,+0.0E+00
+248.544000E-06,+0.0E+00
+248.552000E-06,+0.0E+00
+248.560000E-06,+0.0E+00
+248.568000E-06,+0.0E+00
+248.576000E-06,+0.0E+00
+248.584000E-06,+0.0E+00
+248.592000E-06,+0.0E+00
+248.600000E-06,+0.0E+00
+248.608000E-06,+0.0E+00
+248.616000E-06,+0.0E+00
+248.624000E-06,+0.0E+00
+248.632000E-06,+0.0E+00
+248.640000E-06,+0.0E+00
+248.648000E-06,+0.0E+00
+248.656000E-06,+0.0E+00
+248.664000E-06,+201.005021015E-03
+248.672000E-06,+5.683E-09
+248.680000E-06,+0.0E+00
+248.688000E-06,+0.0E+00
+248.696000E-06,+0.0E+00
+248.704000E-06,+0.0E+00
+248.712000E-06,+0.0E+00
+248.720000E-06,+0.0E+00
+248.728000E-06,+201.005021018E-03
+248.736000E-06,+5.679E-09
+248.744000E-06,+0.0E+00
+248.752000E-06,+201.005021021E-03
+248.760000E-06,+5.677E-09
+248.768000E-06,+0.0E+00
+248.776000E-06,+201.005021021E-03
+248.784000E-06,+5.676E-09
+248.792000E-06,+0.0E+00
+248.800000E-06,+0.0E+00
+248.808000E-06,+0.0E+00
+248.816000E-06,+0.0E+00
+248.824000E-06,+0.0E+00
+248.832000E-06,+201.005021024E-03
+248.840000E-06,+5.673E-09
+248.848000E-06,+201.005021025E-03
+248.856000E-06,+5.672E-09
+248.864000E-06,+201.005021027E-03
+248.872000E-06,+201.005026698E-03
+248.880000E-06,+5.672E-09
+248.888000E-06,+201.005021027E-03
+248.896000E-06,+201.005026698E-03
+248.904000E-06,+201.005026698E-03
+248.912000E-06,+5.669E-09
+248.920000E-06,+0.0E+00
+248.928000E-06,+0.0E+00
+248.936000E-06,+0.0E+00
+248.944000E-06,+0.0E+00
+248.952000E-06,+0.0E+00
+248.960000E-06,+201.005021032E-03
+248.968000E-06,+5.666E-09
+248.976000E-06,+0.0E+00
+248.984000E-06,+0.0E+00
+248.992000E-06,+0.0E+00
+249.000000E-06,+0.0E+00
+249.008000E-06,-201.005021034E-03
+249.016000E-06,-5.663E-09
+249.024000E-06,+0.0E+00
+249.032000E-06,+0.0E+00
+249.040000E-06,+0.0E+00
+249.048000E-06,+0.0E+00
+249.056000E-06,+0.0E+00
+249.064000E-06,+0.0E+00
+249.072000E-06,+0.0E+00
+249.080000E-06,+0.0E+00
+249.088000E-06,+0.0E+00
+249.096000E-06,+0.0E+00
+249.104000E-06,+0.0E+00
+249.112000E-06,+0.0E+00
+249.120000E-06,+0.0E+00
+249.128000E-06,+0.0E+00
+249.136000E-06,+0.0E+00
+249.144000E-06,+0.0E+00
+249.152000E-06,+0.0E+00
+249.160000E-06,+0.0E+00
+249.168000E-06,+201.005021043E-03
+249.176000E-06,+5.654E-09
+249.184000E-06,+0.0E+00
+249.192000E-06,+0.0E+00
+249.200000E-06,+0.0E+00
+249.208000E-06,+0.0E+00
+249.216000E-06,+0.0E+00
+249.224000E-06,+201.005021047E-03
+249.232000E-06,+5.651E-09
+249.240000E-06,+0.0E+00
+249.248000E-06,+0.0E+00
+249.256000E-06,+201.005021047E-03
+249.264000E-06,+5.650E-09
+249.272000E-06,+201.005021048E-03
+249.280000E-06,+5.648E-09
+249.288000E-06,+0.0E+00
+249.296000E-06,+0.0E+00
+249.304000E-06,+0.0E+00
+249.312000E-06,+0.0E+00
+249.320000E-06,+0.0E+00
+249.328000E-06,+0.0E+00
+249.336000E-06,+0.0E+00
+249.344000E-06,+201.005021053E-03
+249.352000E-06,+5.645E-09
+249.360000E-06,+0.0E+00
+249.368000E-06,+0.0E+00
+249.376000E-06,+0.0E+00
+249.384000E-06,+0.0E+00
+249.392000E-06,+0.0E+00
+249.400000E-06,+0.0E+00
+249.408000E-06,+0.0E+00
+249.416000E-06,+0.0E+00
+249.424000E-06,+0.0E+00
+249.432000E-06,+0.0E+00
+249.440000E-06,+0.0E+00
+249.448000E-06,+201.005021059E-03
+249.456000E-06,+5.639E-09
+249.464000E-06,+0.0E+00
+249.472000E-06,+0.0E+00
+249.480000E-06,+0.0E+00
+249.488000E-06,+0.0E+00
+249.496000E-06,+0.0E+00
+249.504000E-06,+0.0E+00
+249.512000E-06,+0.0E+00
+249.520000E-06,+0.0E+00
+249.528000E-06,+0.0E+00
+249.536000E-06,+0.0E+00
+249.544000E-06,+0.0E+00
+249.552000E-06,+0.0E+00
+249.560000E-06,+201.005021065E-03
+249.568000E-06,+201.005026698E-03
+249.576000E-06,+5.634E-09
+249.584000E-06,+0.0E+00
+249.592000E-06,+0.0E+00
+249.600000E-06,+0.0E+00
+249.608000E-06,+0.0E+00
+249.616000E-06,+0.0E+00
+249.624000E-06,+0.0E+00
+249.632000E-06,+0.0E+00
+249.640000E-06,+0.0E+00
+249.648000E-06,+0.0E+00
+249.656000E-06,+0.0E+00
+249.664000E-06,+0.0E+00
+249.672000E-06,+0.0E+00
+249.680000E-06,+0.0E+00
+249.688000E-06,+0.0E+00
+249.696000E-06,+0.0E+00
+249.704000E-06,+0.0E+00
+249.712000E-06,+0.0E+00
+249.720000E-06,-201.005021073E-03
+249.728000E-06,-5.625E-09
+249.736000E-06,+0.0E+00
+249.744000E-06,+0.0E+00
+249.752000E-06,+0.0E+00
+249.760000E-06,+0.0E+00
+249.768000E-06,+0.0E+00
+249.776000E-06,+0.0E+00
+249.784000E-06,+0.0E+00
+249.792000E-06,+0.0E+00
+249.800000E-06,+0.0E+00
+249.808000E-06,+0.0E+00
+249.816000E-06,+0.0E+00
+249.824000E-06,+0.0E+00
+249.832000E-06,+0.0E+00
+249.840000E-06,+0.0E+00
+249.848000E-06,+0.0E+00
+249.856000E-06,+0.0E+00
+249.864000E-06,+0.0E+00
+249.872000E-06,+0.0E+00
+249.880000E-06,+201.005021082E-03
+249.888000E-06,+5.616E-09
+249.896000E-06,+0.0E+00
+249.904000E-06,+0.0E+00
+249.912000E-06,+0.0E+00
+249.920000E-06,+0.0E+00
+249.928000E-06,+0.0E+00
+249.936000E-06,+0.0E+00
+249.944000E-06,+0.0E+00
+249.952000E-06,+0.0E+00
+249.960000E-06,+0.0E+00
+249.968000E-06,+0.0E+00
+249.976000E-06,+0.0E+00
+249.984000E-06,+0.0E+00
+249.992000E-06,+0.0E+00
